672104.088	3528979.947	6.166	0.00000
672104.063	3528980.174	6.166	0.00000
672104.033	3528980.401	6.166	0.00000
672103.990	3528980.750	6.168	0.00000
672103.963	3528980.953	6.168	0.00000
672103.934	3528981.174	6.168	0.00000
672103.894	3528981.493	6.171	0.00000
672103.839	3528981.924	6.172	0.00268
672103.807	3528982.201	6.173	0.00244
672103.773	3528982.490	6.173	0.00225
672103.736	3528982.793	6.177	0.00190
672103.658	3528983.445	6.180	0.00199
672103.591	3528984.031	6.181	0.00210
672103.523	3528984.650	6.186	0.00159
672103.439	3528985.439	6.190	0.00164
672103.411	3528985.713	6.191	0.00155
672103.322	3528986.576	6.195	0.00155
672103.289	3528986.877	6.197	0.00120
672103.228	3528987.489	6.197	0.00106
672103.194	3528987.796	6.197	0.00121
672103.160	3528988.101	6.199	0.00122
672103.067	3528989.017	6.199	0.00101
672102.991	3528989.777	6.200	0.00072
672102.959	3528990.083	6.200	0.00062
672102.927	3528990.391	6.202	0.00049
672102.784	3528991.809	6.205	0.00041
672102.704	3528992.618	6.205	0.00002
672102.647	3528993.279	6.206	-0.00009
672102.600	3528993.783	6.208	-0.00001
672102.522	3528994.637	6.211	-0.00012
672102.465	3528995.339	6.211	-0.00012
672102.417	3528995.877	6.212	-0.00019
672102.354	3528996.618	6.213	-0.00035
672102.292	3528997.377	6.214	-0.00035
672102.244	3528997.959	6.215	-0.00056
672102.178	3528998.761	6.214	-0.00071
672102.075	3529000.012	6.215	-0.00083
672102.058	3529000.225	6.215	-0.00102
672102.003	3529000.869	6.215	-0.00092
672101.928	3529001.749	6.216	-0.00118
672101.818	3529003.093	6.216	-0.00122
672101.748	3529003.991	6.218	-0.00092
672101.655	3529005.113	6.220	-0.00092
672101.553	3529006.463	6.221	-0.00101
672101.462	3529007.586	6.220	-0.00095
672101.410	3529008.259	6.219	-0.00095
672101.353	3529008.934	6.219	-0.00088
672101.279	3529009.837	6.219	-0.00083
672101.260	3529010.063	6.218	-0.00083
672101.184	3529010.972	6.218	-0.00077
672101.126	3529011.664	6.218	-0.00074
672101.027	3529012.833	6.217	-0.00067
672100.971	3529013.544	6.217	-0.00037
672100.898	3529014.504	6.216	-0.00030
672100.847	3529015.230	6.215	0.00011
672100.772	3529016.212	6.215	0.00028
672100.679	3529017.456	6.214	0.00036
672100.537	3529019.228	6.213	0.00045
672100.453	3529020.258	6.212	0.00071
672100.431	3529020.516	6.211	0.00071
672100.320	3529021.821	6.211	0.00077
672100.276	3529022.349	6.209	0.00077
672100.137	3529023.946	6.208	0.00081
672100.113	3529024.212	6.208	0.00081
672100.015	3529025.293	6.208	0.00081
672099.944	3529026.111	6.207	0.00070
672099.869	3529026.940	6.207	0.00070
672099.794	3529027.774	6.207	0.00051
672099.745	3529028.335	6.207	0.00034
672099.588	3529030.048	6.206	0.00014
672099.513	3529030.917	6.206	-0.00013
672099.462	3529031.499	6.206	-0.00030
672099.377	3529032.375	6.206	-0.00050
672099.279	3529033.539	6.206	-0.00082
672099.146	3529034.978	6.207	-0.00082
672098.965	3529036.949	6.209	-0.00089
672098.888	3529037.777	6.211	-0.00110
672098.747	3529039.400	6.214	-0.00113
672098.617	3529040.976	6.216	-0.00113
672098.495	3529042.511	6.218	-0.00084
672098.436	3529043.263	6.220	-0.00073
672098.362	3529044.249	6.220	-0.00066
672098.286	3529045.211	6.221	0.00007
672098.171	3529046.630	6.221	0.00016
672098.092	3529047.560	6.221	0.00050
672097.976	3529048.940	6.221	0.00064
672097.937	3529049.400	6.221	0.00078
672097.847	3529050.545	6.219	0.00096
672097.749	3529051.914	6.219	0.00127
672097.715	3529052.372	6.218	0.00127
672097.666	3529053.059	6.217	0.00138
672097.543	3529054.664	6.216	0.00175
672097.466	3529055.590	6.214	0.00178
672097.269	3529057.914	6.211	0.00178
672097.167	3529059.077	6.209	0.00157
672097.085	3529060.004	6.207	0.00162
672097.022	3529060.700	6.207	0.00171
672096.958	3529061.395	6.207	0.00121
672096.865	3529062.330	6.204	0.00134
672096.648	3529064.650	6.203	0.00126
672096.552	3529065.822	6.203	0.00126
672096.531	3529066.056	6.204	0.00143
672096.450	3529066.988	6.204	0.00146
672096.371	3529067.914	6.205	0.00209
672096.350	3529068.144	6.207	0.00268
672096.277	3529069.057	6.207	0.00316
672096.242	3529069.508	6.209	0.00366
672096.168	3529070.396	6.209	0.00536
672096.067	3529071.692	6.210	0.00601
672095.918	3529073.574	6.212	0.00398
672095.883	3529073.987	6.213	0.00661
672095.818	3529074.817	6.213	0.00833
672095.768	3529075.439	6.214	0.01022
672095.735	3529075.854	6.215	0.01331
672095.653	3529076.894	6.215	0.01455
672095.635	3529077.101	6.215	0.01565
672095.566	3529077.932	6.216	0.01829
672095.443	3529079.384	6.217	0.02153
672095.410	3529079.800	6.218	0.02215
672095.342	3529080.629	6.219	0.02275
672095.259	3529081.658	6.221	0.02657
672095.211	3529082.270	6.223	0.02855
672095.147	3529083.078	6.223	0.02965
672095.102	3529083.676	6.225	0.03081
672094.997	3529085.034	6.227	0.03888
672094.948	3529085.792	6.236	0.04312
672094.916	3529086.351	6.241	0.04452
672094.869	3529087.265	6.249	0.04632
672094.841	3529087.976	6.256	0.05264
672094.830	3529088.328	6.265	0.05355
672094.798	3529089.353	6.275	0.06621
672094.786	3529090.178	0.016	0.06478
672094.787	3529090.501	0.029	0.06746
672094.788	3529090.821	0.038	0.06860
672094.798	3529091.295	0.052	0.07764
672094.809	3529091.605	0.067	0.07826
672094.828	3529092.063	0.077	0.07874
672094.874	3529092.664	0.087	0.07756
672094.915	3529093.105	0.106	0.07892
672094.978	3529093.681	0.135	0.07388
672095.027	3529094.104	0.144	0.06795
672095.105	3529094.656	0.154	0.06497
672095.169	3529095.060	0.181	0.06137
672095.237	3529095.459	0.197	0.05198
672095.285	3529095.716	0.208	0.04977
672095.502	3529096.724	0.236	0.03615
672095.563	3529096.967	0.259	0.03484
672095.627	3529097.209	0.285	0.02905
672095.823	3529097.915	0.321	0.02651
672096.043	3529098.588	0.361	0.01604
672096.121	3529098.805	0.394	0.01102
672096.558	3529099.843	0.434	0.00769
672096.656	3529100.043	0.480	0.00563
672096.808	3529100.333	0.487	0.00232
672096.968	3529100.624	0.517	0.00060
672097.368	3529101.302	0.547	-0.00113
672097.489	3529101.495	0.582	-0.00250
672097.745	3529101.883	0.617	-0.00538
672098.225	3529102.565	0.656	-0.00805
672098.754	3529103.248	0.677	-0.00999
672099.069	3529103.643	0.701	-0.01297
672099.740	3529104.447	0.718	-0.01710
672100.088	3529104.857	0.726	-0.02066
672100.808	3529105.691	0.731	-0.02279
672101.088	3529106.005	0.732	-0.03041
672101.368	3529106.329	0.733	-0.03287
672101.649	3529106.654	0.734	-0.03825
672101.936	3529106.982	0.735	-0.04102
672102.324	3529107.424	0.736	-0.04389
672102.520	3529107.644	0.737	-0.04896
672102.716	3529107.869	0.737	-0.05697
672102.913	3529108.096	0.736	-0.05679
672103.112	3529108.325	0.736	-0.06095
672103.313	3529108.554	0.735	-0.06066
672103.517	3529108.782	0.733	-0.05276
672104.124	3529109.484	0.731	-0.05315
672104.536	3529109.958	0.725	-0.05745
672105.361	3529110.923	0.711	-0.05792
672105.876	3529111.548	0.698	-0.05786
672106.181	3529111.931	0.678	-0.05453
672106.681	3529112.586	0.647	-0.05896
672107.074	3529113.128	0.629	-0.05641
672107.638	3529113.971	0.586	-0.05570
672107.995	3529114.551	0.545	-0.05604
672108.330	3529115.142	0.511	-0.05256
672108.719	3529115.891	0.484	-0.05180
672109.000	3529116.492	0.406	-0.05276
672109.309	3529117.242	0.376	-0.04947
672109.471	3529117.690	0.336	-0.05015
672109.663	3529118.283	0.306	-0.05754
672109.898	3529119.160	0.265	-0.06042
672110.093	3529120.170	0.177	-0.05348
672110.137	3529120.464	0.138	-0.05390
672110.221	3529121.201	0.128	-0.05369
672110.275	3529121.799	0.066	-0.05176
672110.305	3529122.402	0.046	-0.04904
672110.303	3529123.168	6.259	-0.04840
672110.277	3529123.788	6.229	-0.04783
672110.256	3529124.100	6.190	-0.04930
672110.205	3529124.571	6.163	-0.05058
672110.032	3529125.682	6.128	-0.04545
672109.901	3529126.320	6.084	-0.04737
672109.827	3529126.640	6.050	-0.04666
672109.524	3529127.760	5.997	-0.04750
672109.314	3529128.393	5.972	-0.04886
672109.084	3529129.029	5.938	-0.04733
672108.895	3529129.504	5.921	-0.04792
672108.762	3529129.819	5.880	-0.04968
672108.401	3529130.601	5.856	-0.05072
672107.937	3529131.533	5.800	-0.05512
672107.510	3529132.299	5.762	-0.05338
672106.858	3529133.355	5.738	-0.05502
672106.454	3529133.952	5.672	-0.05575
672106.024	3529134.543	5.657	-0.05588
672105.688	3529134.981	5.622	-0.05632
672104.874	3529135.981	5.586	-0.05737
672104.271	3529136.658	5.551	-0.05876
672103.792	3529137.170	5.507	-0.06055
672103.060	3529137.889	5.470	-0.05967
672102.444	3529138.446	5.446	-0.06242
672101.698	3529139.063	5.376	-0.06066
672101.071	3529139.527	5.335	-0.06241
672100.571	3529139.871	5.309	-0.05879
672099.945	3529140.267	5.267	-0.06133
672099.445	3529140.558	5.242	-0.05873
672099.194	3529140.696	5.226	-0.05983
672098.814	3529140.891	5.209	-0.05931
672098.062	3529141.246	5.152	-0.05954
672097.813	3529141.355	5.144	-0.05845
672097.565	3529141.455	5.120	-0.05722
672097.071	3529141.644	5.097	-0.06006
672096.584	3529141.815	5.043	-0.05712
672095.962	3529142.014	5.019	-0.05563
672095.581	3529142.121	4.995	-0.05578
672095.192	3529142.221	4.979	-0.05268
672094.666	3529142.340	4.939	-0.05274
672094.401	3529142.393	4.923	-0.05346
672093.998	3529142.466	4.899	-0.05402
672093.590	3529142.530	4.867	-0.05058
672093.038	3529142.600	4.828	-0.05151
672092.478	3529142.653	4.804	-0.05023
672092.195	3529142.673	4.781	-0.04985
672091.483	3529142.707	4.751	-0.05013
672091.196	3529142.715	4.735	-0.04877
672090.323	3529142.707	4.704	-0.05061
672090.029	3529142.695	4.680	-0.04718
672089.436	3529142.659	4.641	-0.04849
672088.986	3529142.621	4.617	-0.04654
672087.937	3529142.477	4.561	-0.04795
672087.030	3529142.305	4.521	-0.04932
672085.656	3529141.956	4.439	-0.05530
672084.881	3529141.719	4.406	-0.05359
672084.572	3529141.615	4.373	-0.05436
672083.643	3529141.272	4.340	-0.05696
672082.568	3529140.802	4.284	-0.05547
672081.502	3529140.252	4.230	-0.05838
672080.751	3529139.817	4.200	-0.05728
672080.157	3529139.447	4.170	-0.05770
672079.570	3529139.055	4.123	-0.05809
672078.992	3529138.650	4.092	-0.06223
672078.142	3529138.004	4.060	-0.06320
672077.591	3529137.547	4.003	-0.06492
672076.653	3529136.697	3.960	-0.06660
672076.397	3529136.443	3.943	-0.06790
672075.773	3529135.788	3.900	-0.06724
672075.295	3529135.246	3.873	-0.06489
672074.951	3529134.828	3.836	-0.06468
672074.617	3529134.400	3.809	-0.06480
672074.088	3529133.667	3.761	-0.06743
672073.784	3529133.215	3.751	-0.06634
672073.398	3529132.601	3.703	-0.06455
672073.127	3529132.130	3.673	-0.07116
672072.954	3529131.812	3.625	-0.06947
672072.323	3529130.515	3.566	-0.06990
672072.114	3529130.015	3.536	-0.06378
672071.855	3529129.339	3.486	-0.06575
672071.524	3529128.309	3.424	-0.06349
672071.382	3529127.786	3.382	-0.06721
672071.296	3529127.438	3.371	-0.06255
672071.071	3529126.213	3.304	-0.06221
672070.953	3529125.156	3.258	-0.05731
672070.933	3529124.804	3.212	-0.05617
672070.914	3529124.276	3.178	-0.05403
672070.916	3529123.578	3.123	-0.05140
672070.993	3529122.366	3.070	-0.05159
672071.104	3529121.510	2.996	-0.04901
672071.223	3529120.836	2.965	-0.04137
672071.327	3529120.333	2.915	-0.03961
672071.590	3529119.334	2.876	-0.03558
672071.903	3529118.351	2.817	-0.03165
672072.019	3529118.030	2.780	-0.02438
672072.274	3529117.395	2.752	-0.01913
672072.478	3529116.925	2.726	-0.01083
672072.617	3529116.616	2.682	-0.00668
672073.157	3529115.548	2.648	-0.00226
672073.494	3529114.953	2.614	0.00298
672074.324	3529113.669	2.555	0.00648
672074.626	3529113.257	2.507	0.01226
672074.937	3529112.849	2.484	0.01856
672075.150	3529112.582	2.450	0.02997
672076.148	3529111.430	2.426	0.03280
672076.601	3529110.934	2.399	0.03792
672077.183	3529110.332	2.379	0.04106
672078.013	3529109.516	2.355	0.04353
672078.746	3529108.835	2.330	0.04367
672078.994	3529108.612	2.307	0.04734
672079.370	3529108.280	2.285	0.04742
672080.130	3529107.635	2.273	0.05168
672081.157	3529106.810	2.253	0.05007
672081.541	3529106.507	2.252	0.05266
672082.053	3529106.106	2.259	0.05043
672082.934	3529105.396	2.282	0.05230
672083.788	3529104.664	2.299	0.04919
672084.613	3529103.904	2.337	0.05754
672085.070	3529103.458	2.353	0.05033
672085.623	3529102.886	2.390	0.05084
672086.573	3529101.826	2.427	0.04815
672087.074	3529101.222	2.470	0.04578
672087.460	3529100.727	2.490	0.04318
672087.741	3529100.350	2.519	0.04323
672087.924	3529100.096	2.527	0.03994
672088.103	3529099.838	2.567	0.03805
672088.774	3529098.782	2.605	0.03301
672089.009	3529098.374	2.634	0.03197
672089.159	3529098.102	2.648	0.02801
672089.306	3529097.825	2.663	0.02730
672089.451	3529097.547	2.670	0.02448
672089.592	3529097.267	2.692	0.02361
672089.863	3529096.701	2.714	0.01389
672089.991	3529096.414	2.742	0.01294
672090.358	3529095.545	2.763	0.01073
672090.633	3529094.809	2.814	0.00964
672090.940	3529093.921	2.834	0.00911
672091.163	3529093.170	2.881	0.00851
672091.286	3529092.717	2.888	0.00728
672091.362	3529092.415	2.935	0.00584
672091.562	3529091.499	2.953	0.00540
672091.645	3529091.033	2.971	0.00435
672091.725	3529090.567	2.981	0.00381
672091.775	3529090.256	2.984	0.00336
672091.889	3529089.478	2.991	0.00258
672091.997	3529088.704	3.009	0.00140
672092.101	3529087.944	3.025	0.00128
672092.218	3529087.054	3.031	0.00093
672092.269	3529086.614	3.037	0.00060
672092.318	3529086.168	3.040	0.00028
672092.435	3529085.074	3.046	0.00005
672092.499	3529084.418	3.053	-0.00010
672092.545	3529083.911	3.062	0.00004
672092.687	3529082.295	3.065	-0.00026
672092.797	3529080.945	3.072	-0.00027
672092.843	3529080.343	3.075	-0.00027
672092.873	3529079.932	3.077	-0.00026
672092.961	3529078.675	3.083	-0.00030
672093.051	3529077.395	3.085	-0.00021
672093.096	3529076.740	3.085	-0.00014
672093.112	3529076.520	3.086	-0.00040
672093.206	3529075.177	3.085	-0.00067
672093.314	3529073.565	3.085	-0.00076
672093.372	3529072.622	3.083	-0.00093
672093.415	3529071.905	3.082	-0.00100
672093.508	3529070.466	3.080	-0.00135
672093.569	3529069.499	3.079	-0.00137
672093.641	3529068.535	3.079	-0.00150
672093.679	3529068.054	3.079	-0.00159
672093.733	3529067.328	3.079	-0.00160
672093.752	3529067.085	3.079	-0.00160
672093.825	3529066.112	3.079	-0.00147
672093.880	3529065.381	3.080	-0.00139
672093.982	3529063.917	3.079	-0.00132
672094.014	3529063.425	3.080	-0.00132
672094.079	3529062.441	3.080	-0.00106
672094.159	3529061.206	3.079	-0.00063
672094.254	3529059.716	3.079	-0.00054
672094.286	3529059.218	3.078	-0.00033
672094.323	3529058.718	3.077	-0.00018
672094.341	3529058.468	3.077	0.00018
672094.418	3529057.462	3.077	0.00033
672094.437	3529057.211	3.076	0.00033
672094.457	3529056.958	3.075	0.00048
672094.516	3529056.201	3.074	0.00065
672094.575	3529055.441	3.072	0.00116
672094.745	3529053.420	3.070	0.00121
672094.767	3529053.167	3.069	0.00126
672094.862	3529052.157	3.068	0.00139
672094.998	3529050.637	3.068	0.00139
672095.070	3529049.873	3.067	0.00152
672095.161	3529048.853	3.066	0.00134
672095.183	3529048.598	3.066	0.00151
672095.314	3529047.068	3.066	0.00157
672095.425	3529045.788	3.065	0.00154
672095.512	3529044.761	3.066	0.00152
672095.626	3529043.469	3.066	0.00144
672095.745	3529042.169	3.066	0.00144
672095.816	3529041.390	3.068	0.00122
672095.910	3529040.350	3.068	0.00104
672096.111	3529038.003	3.069	0.00040
672096.171	3529037.219	3.070	0.00035
672096.267	3529035.916	3.072	0.00030
672096.324	3529035.141	3.073	0.00018
672096.365	3529034.620	3.073	0.00026
672096.445	3529033.577	3.074	0.00020
672096.555	3529032.270	3.076	0.00011
672096.597	3529031.748	3.080	-0.00020
672096.698	3529030.439	3.081	-0.00046
672096.736	3529029.919	3.081	-0.00068
672096.813	3529028.878	3.084	-0.00077
672096.850	3529028.356	3.084	-0.00083
672096.888	3529027.832	3.085	-0.00083
672096.925	3529027.310	3.085	-0.00064
672096.978	3529026.527	3.087	-0.00061
672097.032	3529025.747	3.088	-0.00048
672097.118	3529024.448	3.089	-0.00066
672097.169	3529023.667	3.090	-0.00061
672097.259	3529022.107	3.090	-0.00067
672097.314	3529021.068	3.090	-0.00088
672097.385	3529019.777	3.087	-0.00104
672097.492	3529017.974	3.085	-0.00101
672097.653	3529015.891	3.081	-0.00088
672097.692	3529015.376	3.081	-0.00070
672097.795	3529014.086	3.080	-0.00053
672097.878	3529013.054	3.081	-0.00053
672097.981	3529011.519	3.083	-0.00046
672098.048	3529010.501	3.084	-0.00033
672098.225	3529007.705	3.080	-0.00021
672098.301	3529006.690	3.078	-0.00000
672098.361	3529005.931	3.076	0.00032
672098.486	3529004.415	3.072	0.00076
672098.551	3529003.659	3.072	0.00101
672098.719	3529001.665	3.070	0.00130
672098.815	3529000.447	3.070	0.00170
672098.948	3528998.782	3.071	0.00245
672099.077	3528997.176	3.070	0.00360
672099.097	3528996.952	3.070	0.00391
672099.192	3528995.853	3.067	0.00479
672099.286	3528994.809	3.067	0.00567
672099.339	3528994.212	3.067	0.00655
672099.389	3528993.645	3.066	0.00682
672099.452	3528992.938	3.065	0.00725
672099.532	3528991.975	3.064	0.00768
672099.557	3528991.683	3.064	0.00861
672099.605	3528991.135	3.064	0.00927
672099.656	3528990.508	3.064	0.01006
672099.700	3528990.049	3.064	0.01178
672099.741	3528989.622	3.064	0.01306
672099.786	3528989.134	3.065	0.01485
672099.825	3528988.697	3.066	0.01419
672099.857	3528988.309	3.067	0.01312
672099.877	3528988.101	3.068	0.01281
672099.898	3528987.850	3.069	0.01192
672099.921	3528987.578	3.070	0.01105
672099.937	3528987.352	3.071	0.01016
672099.952	3528987.114	3.072	0.00989
672099.969	3528986.812	3.075	0.00933
672099.984	3528986.564	3.079	0.00875
672100.000	3528986.350	3.080	0.00764
672100.016	3528986.124	3.083	0.00667
672100.033	3528985.897	3.086	0.00561
672100.058	3528985.522	3.091	0.00364
672100.073	3528985.271	3.092	0.00208
672100.087	3528985.035	3.094	0.00000
672100.100	3528984.806	3.096	0.00000
672100.117	3528984.506	3.101	0.00000
672100.136	3528984.163	3.106	0.00000
672100.147	3528983.912	3.110	0.00000
672100.159	3528983.641	3.118	0.00000
672100.169	3528983.343	3.125	0.00000
672100.176	3528983.022	3.135	0.00000
