672104.088	3528979.947	6.166
672104.063	3528980.174	6.166
672104.033	3528980.401	6.166
672103.990	3528980.750	6.168
672103.963	3528980.953	6.168
672103.934	3528981.174	6.168
672103.894	3528981.493	6.171
672103.839	3528981.924	6.172
672103.807	3528982.201	6.173
672103.773	3528982.490	6.173
672103.736	3528982.793	6.177
672103.658	3528983.445	6.180
672103.591	3528984.031	6.181
672103.523	3528984.650	6.186
672103.439	3528985.439	6.190
672103.411	3528985.713	6.191
672103.322	3528986.576	6.195
672103.289	3528986.877	6.197
672103.228	3528987.489	6.197
672103.194	3528987.796	6.197
672103.160	3528988.101	6.199
672103.067	3528989.017	6.199
672102.991	3528989.777	6.200
672102.959	3528990.083	6.200
672102.927	3528990.391	6.202
672102.784	3528991.809	6.205
672102.704	3528992.618	6.205
672102.647	3528993.279	6.206
672102.600	3528993.783	6.208
672102.522	3528994.637	6.211
672102.465	3528995.339	6.211
672102.417	3528995.877	6.212
672102.354	3528996.618	6.213
672102.292	3528997.377	6.214
672102.244	3528997.959	6.215
672102.178	3528998.761	6.214
672102.075	3529000.012	6.215
672102.058	3529000.225	6.215
672102.003	3529000.869	6.215
672101.928	3529001.749	6.216
672101.818	3529003.093	6.216
672101.748	3529003.991	6.218
672101.655	3529005.113	6.220
672101.553	3529006.463	6.221
672101.462	3529007.586	6.220
672101.410	3529008.259	6.219
672101.353	3529008.934	6.219
672101.279	3529009.837	6.219
672101.260	3529010.063	6.218
672101.184	3529010.972	6.218
672101.126	3529011.664	6.218
672101.027	3529012.833	6.217
672100.971	3529013.544	6.217
672100.898	3529014.504	6.216
672100.847	3529015.230	6.215
672100.772	3529016.212	6.215
672100.679	3529017.456	6.214
672100.537	3529019.228	6.213
672100.453	3529020.258	6.212
672100.431	3529020.516	6.211
672100.320	3529021.821	6.211
672100.276	3529022.349	6.209
672100.137	3529023.946	6.208
672100.113	3529024.212	6.208
672100.015	3529025.293	6.208
672099.944	3529026.111	6.207
672099.869	3529026.940	6.207
672099.794	3529027.774	6.207
672099.745	3529028.335	6.207
672099.588	3529030.048	6.206
672099.513	3529030.917	6.206
672099.462	3529031.499	6.206
672099.377	3529032.375	6.206
672099.279	3529033.539	6.206
672099.146	3529034.978	6.207
672098.965	3529036.949	6.209
672098.888	3529037.777	6.211
672098.747	3529039.400	6.214
672098.617	3529040.976	6.216
672098.495	3529042.511	6.218
672098.436	3529043.263	6.220
672098.362	3529044.249	6.220
672098.286	3529045.211	6.221
672098.171	3529046.630	6.221
672098.092	3529047.560	6.221
672097.976	3529048.940	6.221
672097.937	3529049.400	6.221
672097.847	3529050.545	6.219
672097.749	3529051.914	6.219
672097.715	3529052.372	6.218
672097.666	3529053.059	6.217
672097.543	3529054.664	6.216
672097.466	3529055.590	6.214
672097.269	3529057.914	6.211
672097.167	3529059.077	6.209
672097.085	3529060.004	6.207
672097.022	3529060.700	6.207
672096.958	3529061.395	6.207
672096.865	3529062.330	6.204
672096.648	3529064.650	6.203
672096.552	3529065.822	6.203
672096.531	3529066.056	6.204
672096.450	3529066.988	6.204
672096.371	3529067.914	6.205
672096.350	3529068.144	6.207
672096.277	3529069.057	6.207
672096.242	3529069.508	6.209
672096.168	3529070.396	6.209
672096.067	3529071.692	6.210
672095.918	3529073.574	6.212
672095.883	3529073.987	6.213
672095.818	3529074.817	6.213
672095.768	3529075.439	6.214
672095.735	3529075.854	6.215
672095.653	3529076.894	6.215
672095.635	3529077.101	6.215
672095.566	3529077.932	6.216
672095.443	3529079.384	6.217
672095.410	3529079.800	6.218
672095.342	3529080.629	6.219
672095.259	3529081.658	6.221
672095.211	3529082.270	6.223
672095.147	3529083.078	6.223
672095.102	3529083.676	6.225
672094.997	3529085.034	6.227
672094.948	3529085.792	6.236
672094.916	3529086.351	6.241
672094.869	3529087.265	6.249
672094.841	3529087.976	6.256
672094.830	3529088.328	6.265
672094.798	3529089.353	6.275
672094.786	3529090.178	0.016
672094.787	3529090.501	0.029
672094.788	3529090.821	0.038
672094.798	3529091.295	0.052
672094.809	3529091.605	0.067
672094.828	3529092.063	0.077
672094.874	3529092.664	0.087
672094.915	3529093.105	0.106
672094.978	3529093.681	0.135
672095.027	3529094.104	0.144
672095.105	3529094.656	0.154
672095.169	3529095.060	0.181
672095.237	3529095.459	0.197
672095.285	3529095.716	0.208
672095.502	3529096.724	0.236
672095.563	3529096.967	0.259
672095.627	3529097.209	0.285
672095.823	3529097.915	0.321
672096.043	3529098.588	0.361
672096.121	3529098.805	0.394
672096.558	3529099.843	0.434
672096.656	3529100.043	0.480
672096.808	3529100.333	0.487
672096.968	3529100.624	0.517
672097.368	3529101.302	0.547
672097.489	3529101.495	0.582
672097.745	3529101.883	0.617
672098.225	3529102.565	0.656
672098.754	3529103.248	0.677
672099.069	3529103.643	0.701
672099.740	3529104.447	0.718
672100.088	3529104.857	0.726
672100.808	3529105.691	0.731
672101.088	3529106.005	0.732
672101.368	3529106.329	0.733
672101.649	3529106.654	0.734
672101.936	3529106.982	0.735
672102.324	3529107.424	0.736
672102.520	3529107.644	0.737
672102.716	3529107.869	0.737
672102.913	3529108.096	0.736
672103.112	3529108.325	0.736
672103.313	3529108.554	0.735
672103.517	3529108.782	0.733
672104.124	3529109.484	0.731
672104.536	3529109.958	0.725
672105.361	3529110.923	0.711
672105.876	3529111.548	0.698
672106.181	3529111.931	0.678
672106.681	3529112.586	0.647
672107.074	3529113.128	0.629
672107.638	3529113.971	0.586
672107.995	3529114.551	0.545
672108.330	3529115.142	0.511
672108.719	3529115.891	0.484
672109.000	3529116.492	0.406
672109.309	3529117.242	0.376
672109.471	3529117.690	0.336
672109.663	3529118.283	0.306
672109.898	3529119.160	0.265
672110.093	3529120.170	0.177
672110.137	3529120.464	0.138
672110.221	3529121.201	0.128
672110.275	3529121.799	0.066
672110.305	3529122.402	0.046
672110.303	3529123.168	6.259
672110.277	3529123.788	6.229
672110.256	3529124.100	6.190
672110.205	3529124.571	6.163
672110.032	3529125.682	6.128
672109.901	3529126.320	6.084
672109.827	3529126.640	6.050
672109.524	3529127.760	5.997
672109.314	3529128.393	5.972
672109.084	3529129.029	5.938
672108.895	3529129.504	5.921
672108.762	3529129.819	5.880
672108.401	3529130.601	5.856
672107.937	3529131.533	5.800
672107.510	3529132.299	5.762
672106.858	3529133.355	5.738
672106.454	3529133.952	5.672
672106.024	3529134.543	5.657
672105.688	3529134.981	5.622
672104.874	3529135.981	5.586
672104.271	3529136.658	5.551
672103.792	3529137.170	5.507
672103.060	3529137.889	5.470
672102.444	3529138.446	5.446
672101.698	3529139.063	5.376
672101.071	3529139.527	5.335
672100.571	3529139.871	5.309
672099.945	3529140.267	5.267
672099.445	3529140.558	5.242
672099.194	3529140.696	5.226
672098.814	3529140.891	5.209
672098.062	3529141.246	5.152
672097.813	3529141.355	5.144
672097.565	3529141.455	5.120
672097.071	3529141.644	5.097
672096.584	3529141.815	5.043
672095.962	3529142.014	5.019
672095.581	3529142.121	4.995
672095.192	3529142.221	4.979
672094.666	3529142.340	4.939
672094.401	3529142.393	4.923
672093.998	3529142.466	4.899
672093.590	3529142.530	4.867
672093.038	3529142.600	4.828
672092.478	3529142.653	4.804
672092.195	3529142.673	4.781
672091.483	3529142.707	4.751
672091.196	3529142.715	4.735
672090.323	3529142.707	4.704
672090.029	3529142.695	4.680
672089.436	3529142.659	4.641
672088.986	3529142.621	4.617
672087.937	3529142.477	4.561
672087.030	3529142.305	4.521
672085.656	3529141.956	4.439
672084.881	3529141.719	4.406
672084.572	3529141.615	4.373
672083.643	3529141.272	4.340
672082.568	3529140.802	4.284
672081.502	3529140.252	4.230
672080.751	3529139.817	4.200
672080.157	3529139.447	4.170
672079.570	3529139.055	4.123
672078.992	3529138.650	4.092
672078.142	3529138.004	4.060
672077.591	3529137.547	4.003
672076.653	3529136.697	3.960
672076.397	3529136.443	3.943
672075.773	3529135.788	3.900
672075.295	3529135.246	3.873
672074.951	3529134.828	3.836
672074.617	3529134.400	3.809
672074.088	3529133.667	3.761
672073.784	3529133.215	3.751
672073.398	3529132.601	3.703
672073.127	3529132.130	3.673
672072.954	3529131.812	3.625
672072.323	3529130.515	3.566
672072.114	3529130.015	3.536
672071.855	3529129.339	3.486
672071.524	3529128.309	3.424
672071.382	3529127.786	3.382
672071.296	3529127.438	3.371
672071.071	3529126.213	3.304
672070.953	3529125.156	3.258
672070.933	3529124.804	3.212
672070.914	3529124.276	3.178
672070.916	3529123.578	3.123
672070.993	3529122.366	3.070
672071.104	3529121.510	2.996
672071.223	3529120.836	2.965
672071.327	3529120.333	2.915
672071.590	3529119.334	2.876
672071.903	3529118.351	2.817
672072.019	3529118.030	2.780
672072.274	3529117.395	2.752
672072.478	3529116.925	2.726
672072.617	3529116.616	2.682
672073.157	3529115.548	2.648
672073.494	3529114.953	2.614
672074.324	3529113.669	2.555
672074.626	3529113.257	2.507
672074.937	3529112.849	2.484
672075.150	3529112.582	2.450
672076.148	3529111.430	2.426
672076.601	3529110.934	2.399
672077.183	3529110.332	2.379
672078.013	3529109.516	2.355
672078.746	3529108.835	2.330
672078.994	3529108.612	2.307
672079.370	3529108.280	2.285
672080.130	3529107.635	2.273
672081.157	3529106.810	2.253
672081.541	3529106.507	2.252
672082.053	3529106.106	2.259
672082.934	3529105.396	2.282
672083.788	3529104.664	2.299
672084.613	3529103.904	2.337
672085.070	3529103.458	2.353
672085.623	3529102.886	2.390
672086.573	3529101.826	2.427
672087.074	3529101.222	2.470
672087.460	3529100.727	2.490
672087.741	3529100.350	2.519
672087.924	3529100.096	2.527
672088.103	3529099.838	2.567
672088.774	3529098.782	2.605
672089.009	3529098.374	2.634
672089.159	3529098.102	2.648
672089.306	3529097.825	2.663
672089.451	3529097.547	2.670
672089.592	3529097.267	2.692
672089.863	3529096.701	2.714
672089.991	3529096.414	2.742
672090.358	3529095.545	2.763
672090.633	3529094.809	2.814
672090.940	3529093.921	2.834
672091.163	3529093.170	2.881
672091.286	3529092.717	2.888
672091.362	3529092.415	2.935
672091.562	3529091.499	2.953
672091.645	3529091.033	2.971
672091.725	3529090.567	2.981
672091.775	3529090.256	2.984
672091.889	3529089.478	2.991
672091.997	3529088.704	3.009
672092.101	3529087.944	3.025
672092.218	3529087.054	3.031
672092.269	3529086.614	3.037
672092.318	3529086.168	3.040
672092.435	3529085.074	3.046
672092.499	3529084.418	3.053
672092.545	3529083.911	3.062
672092.687	3529082.295	3.065
672092.797	3529080.945	3.072
672092.843	3529080.343	3.075
672092.873	3529079.932	3.077
672092.961	3529078.675	3.083
672093.051	3529077.395	3.085
672093.096	3529076.740	3.085
672093.112	3529076.520	3.086
672093.206	3529075.177	3.085
672093.314	3529073.565	3.085
672093.372	3529072.622	3.083
672093.415	3529071.905	3.082
672093.508	3529070.466	3.080
672093.569	3529069.499	3.079
672093.641	3529068.535	3.079
672093.679	3529068.054	3.079
672093.733	3529067.328	3.079
672093.752	3529067.085	3.079
672093.825	3529066.112	3.079
672093.880	3529065.381	3.080
672093.982	3529063.917	3.079
672094.014	3529063.425	3.080
672094.079	3529062.441	3.080
672094.159	3529061.206	3.079
672094.254	3529059.716	3.079
672094.286	3529059.218	3.078
672094.323	3529058.718	3.077
672094.341	3529058.468	3.077
672094.418	3529057.462	3.077
672094.437	3529057.211	3.076
672094.457	3529056.958	3.075
672094.516	3529056.201	3.074
672094.575	3529055.441	3.072
672094.745	3529053.420	3.070
672094.767	3529053.167	3.069
672094.862	3529052.157	3.068
672094.998	3529050.637	3.068
672095.070	3529049.873	3.067
672095.161	3529048.853	3.066
672095.183	3529048.598	3.066
672095.314	3529047.068	3.066
672095.425	3529045.788	3.065
672095.512	3529044.761	3.066
672095.626	3529043.469	3.066
672095.745	3529042.169	3.066
672095.816	3529041.390	3.068
672095.910	3529040.350	3.068
672096.111	3529038.003	3.069
672096.171	3529037.219	3.070
672096.267	3529035.916	3.072
672096.324	3529035.141	3.073
672096.365	3529034.620	3.073
672096.445	3529033.577	3.074
672096.555	3529032.270	3.076
672096.597	3529031.748	3.080
672096.698	3529030.439	3.081
672096.736	3529029.919	3.081
672096.813	3529028.878	3.084
672096.850	3529028.356	3.084
672096.888	3529027.832	3.085
672096.925	3529027.310	3.085
672096.978	3529026.527	3.087
672097.032	3529025.747	3.088
672097.118	3529024.448	3.089
672097.169	3529023.667	3.090
672097.259	3529022.107	3.090
672097.314	3529021.068	3.090
672097.385	3529019.777	3.087
672097.492	3529017.974	3.085
672097.653	3529015.891	3.081
672097.692	3529015.376	3.081
672097.795	3529014.086	3.080
672097.878	3529013.054	3.081
672097.981	3529011.519	3.083
672098.048	3529010.501	3.084
672098.225	3529007.705	3.080
672098.301	3529006.690	3.078
672098.361	3529005.931	3.076
672098.486	3529004.415	3.072
672098.551	3529003.659	3.072
672098.719	3529001.665	3.070
672098.815	3529000.447	3.070
672098.948	3528998.782	3.071
672099.077	3528997.176	3.070
672099.097	3528996.952	3.070
672099.192	3528995.853	3.067
672099.286	3528994.809	3.067
672099.339	3528994.212	3.067
672099.389	3528993.645	3.066
672099.452	3528992.938	3.065
672099.532	3528991.975	3.064
672099.557	3528991.683	3.064
672099.605	3528991.135	3.064
672099.656	3528990.508	3.064
672099.700	3528990.049	3.064
672099.741	3528989.622	3.064
672099.786	3528989.134	3.065
672099.825	3528988.697	3.066
672099.857	3528988.309	3.067
672099.877	3528988.101	3.068
672099.898	3528987.850	3.069
672099.921	3528987.578	3.070
672099.937	3528987.352	3.071
672099.952	3528987.114	3.072
672099.969	3528986.812	3.075
672099.984	3528986.564	3.079
672100.000	3528986.350	3.080
672100.016	3528986.124	3.083
672100.033	3528985.897	3.086
672100.058	3528985.522	3.091
672100.073	3528985.271	3.092
672100.087	3528985.035	3.094
672100.100	3528984.806	3.096
672100.117	3528984.506	3.101
672100.136	3528984.163	3.106
672100.147	3528983.912	3.110
672100.159	3528983.641	3.118
672100.169	3528983.343	3.125
672100.176	3528983.022	3.135
