670853.183	3529709.278	1.482
670853.398	3529709.291	1.481
670853.618	3529709.315	1.477
670853.913	3529709.349	1.468
670854.149	3529709.380	1.465
670854.555	3529709.436	1.458
670854.853	3529709.475	1.457
670855.090	3529709.504	1.458
670855.596	3529709.571	1.461
670855.865	3529709.604	1.469
670856.429	3529709.675	1.470
670856.930	3529709.729	1.477
670857.245	3529709.763	1.483
670857.792	3529709.829	1.485
670858.355	3529709.895	1.488
670858.815	3529709.945	1.493
670859.166	3529709.977	1.494
670859.403	3529710.000	1.497
670859.642	3529710.026	1.498
670860.366	3529710.091	1.506
670860.611	3529710.112	1.509
670861.110	3529710.152	1.510
670861.490	3529710.181	1.510
670862.008	3529710.222	1.512
670862.666	3529710.277	1.512
670862.934	3529710.300	1.512
670863.203	3529710.324	1.511
670864.027	3529710.399	1.510
670864.876	3529710.474	1.509
670865.757	3529710.550	1.508
670866.211	3529710.587	1.507
670866.518	3529710.614	1.506
670867.140	3529710.670	1.506
670867.456	3529710.698	1.505
670868.098	3529710.756	1.504
670868.752	3529710.815	1.503
670869.083	3529710.846	1.503
670869.586	3529710.891	1.503
670871.134	3529711.033	1.503
670872.199	3529711.125	1.504
670872.560	3529711.159	1.504
670873.288	3529711.223	1.504
670874.399	3529711.328	1.505
670874.776	3529711.362	1.506
670875.532	3529711.424	1.506
670876.687	3529711.535	1.507
670877.279	3529711.583	1.507
670877.675	3529711.617	1.508
670878.274	3529711.672	1.508
670879.292	3529711.759	1.508
670880.123	3529711.836	1.508
670880.333	3529711.854	1.508
670880.966	3529711.906	1.508
670881.818	3529711.983	1.508
670882.894	3529712.079	1.508
670884.203	3529712.192	1.508
670885.088	3529712.269	1.508
670885.979	3529712.347	1.507
670886.428	3529712.385	1.507
670887.332	3529712.465	1.508
670888.245	3529712.545	1.509
670888.703	3529712.586	1.510
670889.851	3529712.689	1.513
670890.080	3529712.707	1.513
670890.998	3529712.785	1.515
670893.073	3529712.946	1.519
670893.535	3529712.978	1.520
670894.464	3529713.043	1.521
670895.626	3529713.124	1.523
670896.555	3529713.191	1.524
670897.023	3529713.225	1.525
670898.191	3529713.312	1.525
670899.115	3529713.377	1.526
670899.799	3529713.425	1.526
670900.251	3529713.456	1.526
670900.920	3529713.503	1.526
670902.227	3529713.592	1.526
670902.441	3529713.606	1.525
670903.704	3529713.693	1.525
670904.520	3529713.746	1.524
670906.306	3529713.871	1.523
670907.079	3529713.932	1.523
670908.037	3529713.999	1.524
670908.806	3529714.055	1.526
670909.383	3529714.095	1.526
670910.150	3529714.147	1.527
670911.303	3529714.227	1.528
670912.653	3529714.318	1.528
670913.234	3529714.359	1.528
670914.400	3529714.439	1.528
670914.986	3529714.477	1.528
670916.359	3529714.575	1.524
670916.559	3529714.589	1.523
670917.769	3529714.673	1.522
670918.587	3529714.728	1.520
670919.415	3529714.787	1.519
670920.042	3529714.833	1.519
670920.886	3529714.889	1.519
670921.311	3529714.920	1.518
670922.168	3529714.988	1.518
670923.912	3529715.123	1.518
670925.023	3529715.208	1.517
670925.468	3529715.241	1.517
670926.364	3529715.316	1.517
670928.177	3529715.458	1.516
670928.637	3529715.495	1.516
670930.493	3529715.644	1.515
670931.911	3529715.760	1.514
670932.866	3529715.841	1.513
670933.587	3529715.900	1.513
670936.015	3529716.103	1.512
670938.238	3529716.284	1.511
670939.736	3529716.406	1.511
670939.987	3529716.426	1.511
670940.742	3529716.485	1.511
670941.501	3529716.547	1.513
670942.768	3529716.650	1.513
670943.021	3529716.670	1.515
670944.801	3529716.808	1.516
670946.584	3529716.943	1.517
670946.840	3529716.962	1.517
670948.116	3529717.060	1.515
670948.627	3529717.101	1.515
670949.907	3529717.198	1.514
670951.450	3529717.321	1.514
670952.223	3529717.383	1.513
670953.512	3529717.486	1.512
670954.289	3529717.554	1.512
670955.319	3529717.638	1.511
670955.579	3529717.660	1.510
670956.609	3529717.746	1.509
670957.385	3529717.814	1.509
670958.931	3529717.946	1.508
670959.446	3529717.992	1.508
670959.960	3529718.038	1.505
670961.750	3529718.196	1.501
670963.278	3529718.339	1.500
670964.291	3529718.436	1.497
670966.054	3529718.611	1.494
670966.805	3529718.686	1.494
670967.551	3529718.761	1.494
670968.794	3529718.884	1.494
670970.033	3529719.009	1.495
670970.280	3529719.035	1.495
670970.774	3529719.085	1.495
670973.227	3529719.330	1.496
670973.715	3529719.379	1.496
670974.445	3529719.452	1.496
670976.378	3529719.644	1.497
670977.096	3529719.715	1.497
670978.735	3529719.877	1.497
670979.422	3529719.947	1.498
670981.206	3529720.119	1.499
670982.716	3529720.257	1.501
670983.346	3529720.319	1.501
670984.171	3529720.394	1.502
670985.185	3529720.486	1.502
670985.779	3529720.541	1.502
670986.947	3529720.641	1.502
670987.895	3529720.729	1.501
670988.270	3529720.763	1.500
670988.827	3529720.816	1.499
670989.192	3529720.853	1.498
670990.095	3529720.945	1.497
670990.977	3529721.034	1.495
670991.839	3529721.125	1.495
670992.508	3529721.195	1.493
670993.492	3529721.306	1.492
670993.986	3529721.361	1.491
670994.485	3529721.415	1.490
670995.157	3529721.487	1.491
670995.841	3529721.561	1.493
670997.055	3529721.684	1.494
670997.760	3529721.754	1.496
670999.189	3529721.890	1.505
670999.911	3529721.952	1.512
671000.274	3529721.982	1.522
671001.557	3529722.072	1.531
671001.925	3529722.091	1.536
671002.485	3529722.117	1.551
671003.804	3529722.158	1.562
671004.186	3529722.168	1.562
671004.758	3529722.183	1.561
671005.142	3529722.193	1.560
671006.108	3529722.221	1.560
671006.499	3529722.235	1.559
671007.085	3529722.254	1.557
671008.072	3529722.292	1.554
671008.468	3529722.309	1.551
671009.065	3529722.337	1.546
671009.463	3529722.359	1.543
671010.263	3529722.405	1.539
671011.275	3529722.456	1.534
671012.078	3529722.521	1.531
671012.888	3529722.568	1.526
671014.889	3529722.713	1.522
671015.281	3529722.741	1.517
671016.432	3529722.835	1.516
671018.498	3529723.008	1.511
671019.487	3529723.087	1.510
671019.738	3529723.106	1.510
671020.207	3529723.145	1.509
671020.636	3529723.181	1.509
671021.024	3529723.215	1.508
671021.367	3529723.245	1.507
671021.786	3529723.283	1.507
671022.046	3529723.306	1.506
671022.254	3529723.323	1.506
