672102.820	3528991.864	6.199	118.8196259	31.8837291	0.00	-0.11	0.00	0.00
672102.807	3528991.967	6.199	118.8196258	31.8837301	0.07	-0.11	-0.26	0.07
672102.793	3528992.066	6.199	118.8196257	31.8837310	0.00	-0.42	-0.27	0.08
672102.782	3528992.172	6.201	118.8196256	31.8837319	0.20	-2.79	-0.27	0.07
672102.773	3528992.290	6.204	118.8196255	31.8837330	0.28	-2.78	-0.27	0.07
672102.763	3528992.421	6.207	118.8196254	31.8837342	0.58	-2.66	-0.27	0.07
672102.753	3528992.543	6.210	118.8196253	31.8837353	0.64	-2.63	-0.27	0.07
672102.743	3528992.687	6.213	118.8196252	31.8837366	0.90	-2.31	-0.28	0.06
672102.734	3528992.794	6.216	118.8196252	31.8837375	0.92	-2.30	-0.28	0.06
672102.721	3528992.971	6.219	118.8196251	31.8837391	0.99	-2.30	-0.28	0.06
672102.711	3528993.101	6.222	118.8196250	31.8837403	1.28	-1.96	-0.28	0.05
672102.701	3528993.241	6.225	118.8196249	31.8837416	1.30	-1.95	-0.29	0.05
672102.691	3528993.389	6.227	118.8196248	31.8837429	1.35	-1.94	-0.29	0.05
672102.680	3528993.546	6.230	118.8196247	31.8837443	1.39	-1.95	-0.29	0.05
672102.669	3528993.714	6.233	118.8196246	31.8837458	1.63	-1.72	-0.29	0.04
672102.658	3528993.889	6.236	118.8196246	31.8837474	1.68	-1.66	-0.29	0.04
672102.648	3528994.071	6.238	118.8196245	31.8837491	1.72	-1.63	-0.29	0.04
672102.637	3528994.258	6.241	118.8196244	31.8837508	1.93	-1.31	-0.29	0.03
672102.626	3528994.454	6.243	118.8196243	31.8837525	1.96	-1.31	-0.29	0.03
672102.614	3528994.653	6.245	118.8196242	31.8837543	1.97	-1.31	-0.28	0.03
672102.603	3528994.855	6.247	118.8196242	31.8837561	1.99	-1.26	-0.28	0.03
672102.598	3528994.959	6.248	118.8196241	31.8837571	1.99	-0.95	-0.28	0.02
672102.593	3528995.063	6.249	118.8196241	31.8837580	2.11	-0.94	-0.28	0.02
672102.582	3528995.275	6.251	118.8196240	31.8837599	2.13	-0.93	-0.28	0.02
672102.577	3528995.385	6.252	118.8196240	31.8837609	2.14	-0.93	-0.28	0.02
672102.572	3528995.495	6.253	118.8196239	31.8837619	2.14	-0.93	-0.28	0.02
672102.567	3528995.606	6.254	118.8196239	31.8837629	2.16	-0.93	-0.28	0.02
672102.562	3528995.718	6.254	118.8196239	31.8837639	2.18	-0.93	-0.27	0.01
672102.552	3528995.947	6.256	118.8196238	31.8837660	2.33	-0.66	-0.27	0.01
672102.547	3528996.061	6.257	118.8196238	31.8837670	2.33	-0.64	-0.27	0.01
672102.541	3528996.176	6.257	118.8196237	31.8837681	2.34	-0.62	-0.27	0.01
672102.537	3528996.293	6.258	118.8196237	31.8837691	2.34	-0.62	-0.26	0.01
672102.531	3528996.411	6.258	118.8196237	31.8837702	2.35	-0.60	-0.26	0.01
672102.525	3528996.528	6.258	118.8196236	31.8837713	2.35	-0.55	-0.26	0.00
672102.521	3528996.646	6.258	118.8196236	31.8837723	2.46	-0.27	-0.26	0.01
672102.515	3528996.765	6.259	118.8196236	31.8837734	2.47	-0.28	-0.26	0.00
672102.510	3528996.887	6.259	118.8196235	31.8837745	2.48	-0.28	-0.25	0.00
672102.505	3528997.011	6.259	118.8196235	31.8837756	2.48	-0.27	-0.25	0.00
672102.500	3528997.135	6.259	118.8196235	31.8837767	2.49	-0.26	-0.25	0.00
672102.490	3528997.386	6.260	118.8196234	31.8837790	2.50	-0.25	-0.24	-0.00
672102.485	3528997.513	6.260	118.8196234	31.8837801	2.50	-0.25	-0.23	-0.00
672102.480	3528997.641	6.260	118.8196233	31.8837813	2.64	-0.18	-0.23	-0.00
672102.469	3528997.899	6.260	118.8196233	31.8837836	2.65	-0.15	-0.22	-0.00
672102.464	3528998.030	6.260	118.8196232	31.8837848	2.65	-0.11	-0.22	-0.01
672102.459	3528998.162	6.260	118.8196232	31.8837860	2.66	-0.09	-0.22	-0.01
672102.453	3528998.297	6.260	118.8196232	31.8837872	2.66	-0.08	-0.21	-0.01
672102.447	3528998.433	6.260	118.8196231	31.8837884	2.68	-0.07	-0.21	-0.01
672102.442	3528998.569	6.259	118.8196231	31.8837897	2.68	0.09	-0.21	-0.01
672102.435	3528998.708	6.259	118.8196231	31.8837909	2.82	0.09	-0.20	-0.01
672102.428	3528998.848	6.259	118.8196230	31.8837922	2.84	0.09	-0.20	-0.01
672102.422	3528998.990	6.259	118.8196230	31.8837935	2.84	0.10	-0.19	-0.01
672102.415	3528999.132	6.259	118.8196229	31.8837947	2.86	0.11	-0.19	-0.01
672102.409	3528999.275	6.258	118.8196229	31.8837960	2.87	0.10	-0.19	-0.01
672102.403	3528999.420	6.258	118.8196228	31.8837973	2.88	0.10	-0.18	-0.01
672102.396	3528999.568	6.258	118.8196228	31.8837987	3.02	0.19	-0.18	-0.01
672102.381	3528999.866	6.257	118.8196227	31.8838014	3.03	0.19	-0.17	-0.01
672102.373	3529000.015	6.257	118.8196226	31.8838027	3.05	0.19	-0.17	-0.01
672102.365	3529000.165	6.257	118.8196226	31.8838041	3.05	0.19	-0.17	-0.01
672102.357	3529000.317	6.256	118.8196225	31.8838054	3.06	0.20	-0.17	-0.01
672102.349	3529000.469	6.256	118.8196225	31.8838068	3.06	0.21	-0.16	-0.01
672102.341	3529000.620	6.256	118.8196224	31.8838082	3.08	0.21	-0.16	-0.01
672102.333	3529000.773	6.255	118.8196223	31.8838095	3.16	0.25	-0.16	-0.01
672102.325	3529000.926	6.255	118.8196223	31.8838109	3.17	0.25	-0.15	-0.01
672102.317	3529001.080	6.254	118.8196222	31.8838123	3.17	0.25	-0.15	-0.01
672102.309	3529001.235	6.254	118.8196222	31.8838137	3.17	0.25	-0.14	-0.01
672102.300	3529001.391	6.253	118.8196221	31.8838151	3.19	0.25	-0.14	-0.01
672102.292	3529001.549	6.253	118.8196221	31.8838166	3.19	0.25	-0.14	-0.01
672102.284	3529001.709	6.253	118.8196220	31.8838180	3.20	0.25	-0.14	-0.01
672102.267	3529002.030	6.252	118.8196219	31.8838209	3.32	0.25	-0.13	-0.01
672102.251	3529002.355	6.251	118.8196218	31.8838238	3.32	0.25	-0.13	-0.01
672102.242	3529002.518	6.250	118.8196217	31.8838253	3.33	0.25	-0.13	-0.01
672102.233	3529002.682	6.250	118.8196216	31.8838268	3.34	0.25	-0.12	-0.01
672102.223	3529002.847	6.250	118.8196216	31.8838283	3.34	0.25	-0.12	-0.01
672102.215	3529003.013	6.249	118.8196215	31.8838298	3.36	0.25	-0.12	-0.01
672102.198	3529003.344	6.248	118.8196214	31.8838327	3.44	0.20	-0.11	-0.01
672102.189	3529003.510	6.248	118.8196213	31.8838343	3.45	0.20	-0.11	-0.01
672102.181	3529003.679	6.247	118.8196212	31.8838358	3.46	0.19	-0.11	-0.01
672102.172	3529003.849	6.247	118.8196212	31.8838373	3.46	0.18	-0.10	-0.01
672102.161	3529004.019	6.247	118.8196211	31.8838388	3.47	0.17	-0.10	-0.01
672102.152	3529004.190	6.246	118.8196210	31.8838404	3.48	0.15	-0.10	-0.01
672102.142	3529004.363	6.246	118.8196209	31.8838420	3.60	0.12	-0.10	-0.01
672102.131	3529004.538	6.246	118.8196209	31.8838435	3.62	0.12	-0.10	-0.01
672102.121	3529004.714	6.246	118.8196208	31.8838451	3.62	0.12	-0.10	-0.01
672102.111	3529004.890	6.245	118.8196207	31.8838467	3.64	0.12	-0.10	-0.01
672102.101	3529005.067	6.245	118.8196206	31.8838483	3.64	0.12	-0.10	-0.01
672102.081	3529005.426	6.245	118.8196205	31.8838516	3.65	0.12	-0.09	-0.01
672102.071	3529005.608	6.244	118.8196204	31.8838532	3.66	0.12	-0.09	-0.01
672102.062	3529005.793	6.244	118.8196204	31.8838549	3.78	0.12	-0.09	-0.01
672102.042	3529006.167	6.243	118.8196202	31.8838582	3.78	0.12	-0.09	-0.01
672102.031	3529006.357	6.243	118.8196201	31.8838599	3.80	0.12	-0.09	-0.01
672102.021	3529006.547	6.243	118.8196201	31.8838617	3.81	0.12	-0.08	-0.01
672102.009	3529006.737	6.242	118.8196200	31.8838634	3.83	0.13	-0.08	-0.01
672101.998	3529006.930	6.242	118.8196199	31.8838651	3.84	0.13	-0.08	-0.02
672101.979	3529007.318	6.241	118.8196198	31.8838686	3.99	0.21	-0.08	-0.02
672101.968	3529007.513	6.241	118.8196197	31.8838704	3.99	0.23	-0.08	-0.02
672101.957	3529007.709	6.240	118.8196196	31.8838722	4.00	0.24	-0.08	-0.02
672101.946	3529007.906	6.240	118.8196195	31.8838739	4.00	0.25	-0.08	-0.02
672101.935	3529008.103	6.239	118.8196194	31.8838757	4.01	0.26	-0.08	-0.02
672101.923	3529008.300	6.239	118.8196193	31.8838775	4.02	0.27	-0.08	-0.02
672101.911	3529008.499	6.238	118.8196192	31.8838793	4.12	0.29	-0.08	-0.02
672101.899	3529008.701	6.237	118.8196192	31.8838811	4.12	0.29	-0.07	-0.02
672101.886	3529008.903	6.237	118.8196191	31.8838829	4.13	0.29	-0.07	-0.02
672101.874	3529009.106	6.236	118.8196190	31.8838848	4.14	0.29	-0.07	-0.02
672101.861	3529009.310	6.235	118.8196189	31.8838866	4.15	0.29	-0.07	-0.02
672101.849	3529009.515	6.235	118.8196188	31.8838885	4.16	0.29	-0.07	-0.02
672101.835	3529009.720	6.234	118.8196187	31.8838903	4.17	0.29	-0.07	-0.02
672101.823	3529009.926	6.233	118.8196186	31.8838922	4.18	0.29	-0.07	-0.02
672101.810	3529010.133	6.233	118.8196185	31.8838940	4.29	0.30	-0.07	-0.02
672101.797	3529010.341	6.232	118.8196184	31.8838959	4.31	0.30	-0.07	-0.02
672101.771	3529010.759	6.231	118.8196182	31.8838997	4.31	0.30	-0.07	-0.02
672101.758	3529010.969	6.230	118.8196181	31.8839016	4.31	0.30	-0.07	-0.02
672101.743	3529011.180	6.229	118.8196180	31.8839035	4.32	0.30	-0.07	-0.02
672101.728	3529011.394	6.229	118.8196178	31.8839054	4.32	0.30	-0.07	-0.02
672101.713	3529011.607	6.228	118.8196177	31.8839073	4.33	0.30	-0.07	-0.02
672101.698	3529011.820	6.228	118.8196176	31.8839093	4.43	0.31	-0.06	-0.02
672101.682	3529012.034	6.227	118.8196175	31.8839112	4.44	0.31	-0.06	-0.02
672101.653	3529012.467	6.225	118.8196172	31.8839151	4.44	0.31	-0.06	-0.02
672101.639	3529012.684	6.225	118.8196171	31.8839171	4.46	0.31	-0.06	-0.02
672101.624	3529012.902	6.224	118.8196170	31.8839190	4.47	0.31	-0.06	-0.02
672101.609	3529013.120	6.223	118.8196169	31.8839210	4.47	0.31	-0.06	-0.02
672101.593	3529013.339	6.222	118.8196167	31.8839230	4.47	0.31	-0.06	-0.02
672101.576	3529013.558	6.222	118.8196166	31.8839250	4.54	0.31	-0.06	-0.02
672101.558	3529013.778	6.221	118.8196165	31.8839269	4.55	0.31	-0.06	-0.02
672101.540	3529013.999	6.221	118.8196163	31.8839289	4.55	0.30	-0.06	-0.02
672101.522	3529014.221	6.220	118.8196162	31.8839309	4.57	0.30	-0.06	-0.02
672101.504	3529014.444	6.219	118.8196160	31.8839330	4.58	0.30	-0.06	-0.02
672101.486	3529014.668	6.218	118.8196159	31.8839350	4.58	0.30	-0.06	-0.02
672101.468	3529014.893	6.218	118.8196157	31.8839370	4.72	0.27	-0.06	-0.02
672101.430	3529015.346	6.216	118.8196154	31.8839411	4.72	0.27	-0.06	-0.01
672101.410	3529015.574	6.216	118.8196152	31.8839432	4.73	0.27	-0.06	-0.01
672101.390	3529015.802	6.215	118.8196150	31.8839452	4.75	0.26	-0.06	-0.01
672101.370	3529016.031	6.214	118.8196149	31.8839473	4.75	0.25	-0.06	-0.01
672101.350	3529016.261	6.214	118.8196147	31.8839494	4.76	0.23	-0.06	-0.01
672101.330	3529016.493	6.213	118.8196145	31.8839515	4.76	0.21	-0.06	-0.01
672101.310	3529016.725	6.213	118.8196144	31.8839536	4.85	0.09	-0.06	-0.01
672101.289	3529016.959	6.213	118.8196142	31.8839557	4.86	0.09	-0.06	-0.01
672101.268	3529017.193	6.212	118.8196140	31.8839578	4.86	0.08	-0.06	-0.01
672101.247	3529017.430	6.212	118.8196138	31.8839599	4.88	0.08	-0.06	-0.01
672101.225	3529017.669	6.212	118.8196136	31.8839621	4.90	0.08	-0.06	-0.01
672101.181	3529018.149	6.211	118.8196133	31.8839664	4.91	0.08	-0.06	-0.01
672101.159	3529018.390	6.212	118.8196131	31.8839686	4.91	0.08	-0.07	-0.01
672101.136	3529018.631	6.211	118.8196129	31.8839708	5.05	0.06	-0.07	-0.01
672101.115	3529018.874	6.211	118.8196127	31.8839730	5.05	0.06	-0.07	-0.01
672101.093	3529019.117	6.211	118.8196125	31.8839752	5.07	0.05	-0.07	-0.01
672101.071	3529019.362	6.211	118.8196123	31.8839774	5.07	0.05	-0.07	-0.01
672101.049	3529019.606	6.210	118.8196121	31.8839796	5.08	0.04	-0.07	-0.01
672101.027	3529019.852	6.210	118.8196119	31.8839818	5.09	0.04	-0.07	-0.01
672100.981	3529020.346	6.210	118.8196115	31.8839863	5.09	0.04	-0.07	-0.01
672100.957	3529020.596	6.210	118.8196113	31.8839885	5.19	0.00	-0.07	-0.01
672100.934	3529020.847	6.210	118.8196111	31.8839908	5.20	0.00	-0.07	-0.01
672100.910	3529021.100	6.209	118.8196109	31.8839931	5.21	0.00	-0.07	-0.01
672100.887	3529021.353	6.209	118.8196107	31.8839954	5.23	-0.00	-0.07	-0.01
672100.865	3529021.607	6.209	118.8196105	31.8839977	5.23	-0.00	-0.08	-0.00
672100.842	3529021.863	6.209	118.8196103	31.8840000	5.25	-0.01	-0.08	-0.00
672100.817	3529022.119	6.209	118.8196101	31.8840023	5.25	-0.01	-0.08	-0.00
672100.769	3529022.633	6.209	118.8196097	31.8840069	5.36	-0.05	-0.08	-0.00
672100.743	3529022.890	6.209	118.8196095	31.8840092	5.38	-0.06	-0.08	-0.00
672100.719	3529023.149	6.209	118.8196093	31.8840116	5.38	-0.06	-0.08	-0.00
672100.695	3529023.410	6.208	118.8196091	31.8840139	5.39	-0.06	-0.08	-0.00
672100.671	3529023.673	6.208	118.8196089	31.8840163	5.39	-0.06	-0.08	-0.00
672100.645	3529023.935	6.208	118.8196086	31.8840187	5.41	-0.06	-0.09	-0.00
672100.620	3529024.198	6.208	118.8196084	31.8840210	5.47	-0.06	-0.09	-0.00
672100.594	3529024.462	6.208	118.8196082	31.8840234	5.47	-0.10	-0.09	-0.00
672100.568	3529024.729	6.208	118.8196080	31.8840258	5.49	-0.11	-0.10	0.00
672100.541	3529024.996	6.209	118.8196077	31.8840282	5.50	-0.11	-0.10	0.00
672100.515	3529025.264	6.209	118.8196075	31.8840307	5.52	-0.11	-0.10	0.00
672100.489	3529025.533	6.209	118.8196073	31.8840331	5.52	-0.11	-0.10	0.00
672100.464	3529025.802	6.209	118.8196071	31.8840355	5.53	-0.11	-0.10	0.00
672100.439	3529026.074	6.209	118.8196068	31.8840380	5.54	-0.12	-0.11	0.00
672100.388	3529026.618	6.209	118.8196064	31.8840429	5.67	-0.15	-0.11	0.00
672100.362	3529026.893	6.210	118.8196062	31.8840454	5.68	-0.16	-0.11	0.00
672100.336	3529027.167	6.210	118.8196059	31.8840478	5.69	-0.16	-0.12	0.00
672100.310	3529027.440	6.210	118.8196057	31.8840503	5.69	-0.17	-0.12	0.00
672100.283	3529027.714	6.210	118.8196055	31.8840528	5.69	-0.17	-0.12	0.00
672100.256	3529027.990	6.211	118.8196053	31.8840553	5.69	-0.17	-0.12	0.00
672100.231	3529028.267	6.211	118.8196050	31.8840578	5.69	-0.17	-0.12	0.01
672100.204	3529028.547	6.211	118.8196048	31.8840603	5.79	-0.19	-0.12	0.01
672100.155	3529029.106	6.212	118.8196044	31.8840654	5.80	-0.19	-0.13	0.01
672100.130	3529029.387	6.212	118.8196042	31.8840679	5.80	-0.20	-0.12	0.01
672100.104	3529029.671	6.213	118.8196040	31.8840705	5.82	-0.20	-0.13	0.01
672100.079	3529029.956	6.213	118.8196037	31.8840730	5.82	-0.20	-0.13	0.01
672100.055	3529030.241	6.213	118.8196035	31.8840756	5.83	-0.20	-0.13	0.01
672100.032	3529030.526	6.214	118.8196033	31.8840782	5.85	-0.22	-0.13	0.01
672100.008	3529030.812	6.214	118.8196031	31.8840808	5.96	-0.23	-0.13	0.01
672099.985	3529031.100	6.214	118.8196029	31.8840834	5.96	-0.23	-0.13	0.01
672099.960	3529031.388	6.215	118.8196027	31.8840860	5.97	-0.24	-0.13	0.01
672099.936	3529031.676	6.215	118.8196025	31.8840886	5.98	-0.24	-0.13	0.01
672099.911	3529031.964	6.216	118.8196023	31.8840912	5.98	-0.25	-0.13	0.01
672099.887	3529032.255	6.216	118.8196021	31.8840938	5.99	-0.25	-0.13	0.01
672099.863	3529032.549	6.217	118.8196019	31.8840965	5.99	-0.25	-0.13	0.01
672099.815	3529033.140	6.218	118.8196015	31.8841018	6.12	-0.26	-0.13	0.01
672099.792	3529033.436	6.218	118.8196013	31.8841045	6.12	-0.26	-0.13	0.01
672099.767	3529033.734	6.218	118.8196011	31.8841072	6.14	-0.26	-0.13	0.01
672099.741	3529034.034	6.219	118.8196009	31.8841099	6.15	-0.26	-0.13	0.01
672099.716	3529034.335	6.219	118.8196007	31.8841126	6.15	-0.26	-0.13	0.01
672099.691	3529034.638	6.220	118.8196005	31.8841153	6.17	-0.26	-0.14	0.01
672099.665	3529034.941	6.220	118.8196003	31.8841181	6.36	-0.26	-0.14	0.01
672099.638	3529035.247	6.221	118.8196000	31.8841209	6.38	-0.26	-0.14	0.00
672099.612	3529035.556	6.221	118.8195998	31.8841236	6.39	-0.26	-0.14	0.00
672099.587	3529035.867	6.222	118.8195996	31.8841265	6.41	-0.26	-0.14	0.00
672099.561	3529036.178	6.222	118.8195994	31.8841293	6.42	-0.26	-0.15	0.00
672099.511	3529036.806	6.223	118.8195990	31.8841349	6.43	-0.26	-0.15	0.00
672099.485	3529037.121	6.224	118.8195988	31.8841378	6.44	-0.26	-0.16	0.00
672099.460	3529037.437	6.224	118.8195986	31.8841406	6.57	-0.24	-0.16	0.00
672099.414	3529038.074	6.225	118.8195982	31.8841464	6.59	-0.24	-0.16	0.00
672099.389	3529038.395	6.225	118.8195980	31.8841493	6.60	-0.23	-0.16	0.00
672099.365	3529038.717	6.225	118.8195978	31.8841522	6.61	-0.21	-0.16	0.00
672099.341	3529039.042	6.225	118.8195976	31.8841551	6.62	-0.20	-0.17	0.00
672099.316	3529039.370	6.225	118.8195974	31.8841580	6.63	-0.19	-0.17	-0.00
672099.291	3529039.696	6.226	118.8195972	31.8841610	6.64	-0.18	-0.17	-0.00
672099.267	3529040.022	6.226	118.8195970	31.8841640	6.81	-0.11	-0.17	-0.00
672099.242	3529040.349	6.225	118.8195968	31.8841669	6.82	-0.11	-0.18	-0.00
672099.218	3529040.679	6.225	118.8195966	31.8841699	6.83	-0.11	-0.18	-0.00
672099.194	3529041.009	6.226	118.8195964	31.8841729	6.84	-0.11	-0.18	-0.00
672099.171	3529041.339	6.226	118.8195962	31.8841758	6.85	-0.10	-0.19	-0.00
672099.146	3529041.669	6.226	118.8195960	31.8841788	6.85	-0.10	-0.19	-0.00
672099.121	3529042.002	6.226	118.8195958	31.8841818	6.86	-0.10	-0.19	-0.00
672099.070	3529042.670	6.226	118.8195954	31.8841879	6.95	-0.10	-0.19	-0.00
672099.046	3529043.005	6.226	118.8195952	31.8841909	6.97	-0.09	-0.20	-0.01
672099.022	3529043.344	6.226	118.8195950	31.8841940	6.98	-0.09	-0.20	-0.01
672098.998	3529043.685	6.226	118.8195948	31.8841970	7.00	-0.09	-0.20	-0.01
672098.974	3529044.029	6.226	118.8195946	31.8842001	7.01	-0.09	-0.20	-0.01
672098.948	3529044.373	6.226	118.8195943	31.8842032	7.03	-0.09	-0.20	-0.01
672098.894	3529045.062	6.226	118.8195939	31.8842094	7.20	-0.06	-0.21	-0.01
672098.868	3529045.408	6.226	118.8195937	31.8842126	7.23	-0.05	-0.21	-0.01
672098.842	3529045.755	6.225	118.8195935	31.8842157	7.25	-0.04	-0.21	-0.01
672098.817	3529046.103	6.225	118.8195933	31.8842189	7.26	-0.03	-0.21	-0.01
672098.765	3529046.807	6.224	118.8195928	31.8842253	7.27	-0.02	-0.21	-0.01
672098.736	3529047.162	6.224	118.8195926	31.8842284	7.28	-0.01	-0.21	-0.01
672098.682	3529047.877	6.224	118.8195921	31.8842349	7.40	0.03	-0.21	-0.01
672098.654	3529048.236	6.223	118.8195919	31.8842381	7.40	0.03	-0.21	-0.01
672098.627	3529048.596	6.223	118.8195917	31.8842414	7.41	0.03	-0.21	-0.01
672098.601	3529048.957	6.222	118.8195915	31.8842446	7.43	0.03	-0.21	-0.01
672098.572	3529049.320	6.222	118.8195912	31.8842479	7.44	0.03	-0.21	-0.01
672098.544	3529049.685	6.222	118.8195910	31.8842512	7.46	0.03	-0.21	-0.01
672098.488	3529050.414	6.222	118.8195905	31.8842578	7.62	0.03	-0.21	-0.01
672098.459	3529050.780	6.221	118.8195903	31.8842611	7.63	0.03	-0.21	-0.01
672098.431	3529051.148	6.221	118.8195901	31.8842644	7.65	0.03	-0.21	-0.01
672098.403	3529051.515	6.221	118.8195898	31.8842677	7.65	0.03	-0.21	-0.01
672098.375	3529051.882	6.220	118.8195896	31.8842710	7.66	0.03	-0.21	-0.01
672098.346	3529052.252	6.220	118.8195894	31.8842744	7.66	0.03	-0.21	-0.01
672098.316	3529052.623	6.220	118.8195891	31.8842777	7.66	0.03	-0.21	-0.01
672098.286	3529052.996	6.219	118.8195889	31.8842811	7.75	0.02	-0.20	-0.01
672098.255	3529053.371	6.219	118.8195886	31.8842845	7.76	0.02	-0.20	-0.01
672098.225	3529053.745	6.219	118.8195884	31.8842878	7.78	0.02	-0.20	-0.01
672098.196	3529054.121	6.219	118.8195881	31.8842912	7.79	0.02	-0.20	-0.01
672098.164	3529054.498	6.218	118.8195878	31.8842946	7.80	0.01	-0.20	-0.01
672098.134	3529054.876	6.218	118.8195876	31.8842981	7.81	0.01	-0.19	-0.01
672098.072	3529055.632	6.217	118.8195871	31.8843049	7.95	0.00	-0.19	-0.01
672098.006	3529056.397	6.217	118.8195865	31.8843118	7.96	0.00	-0.18	-0.01
672097.974	3529056.782	6.216	118.8195862	31.8843153	7.97	0.00	-0.18	-0.01
672097.941	3529057.168	6.216	118.8195860	31.8843188	7.98	-0.00	-0.18	-0.01
672097.907	3529057.556	6.216	118.8195857	31.8843223	7.99	-0.01	-0.17	-0.01
672097.840	3529058.335	6.216	118.8195851	31.8843293	7.99	-0.02	-0.17	-0.01
672097.806	3529058.725	6.216	118.8195848	31.8843328	8.14	-0.06	-0.17	-0.01
672097.774	3529059.117	6.216	118.8195845	31.8843364	8.15	-0.06	-0.16	-0.01
672097.740	3529059.510	6.216	118.8195842	31.8843399	8.17	-0.06	-0.16	-0.01
672097.706	3529059.905	6.216	118.8195840	31.8843435	8.18	-0.06	-0.16	-0.00
672097.672	3529060.300	6.216	118.8195837	31.8843470	8.19	-0.07	-0.16	-0.00
672097.639	3529060.697	6.216	118.8195834	31.8843506	8.20	-0.07	-0.16	-0.00
672097.603	3529061.095	6.216	118.8195831	31.8843542	8.22	-0.07	-0.16	-0.00
672097.535	3529061.893	6.216	118.8195825	31.8843614	8.33	-0.08	-0.16	-0.00
672097.502	3529062.293	6.216	118.8195822	31.8843650	8.33	-0.08	-0.16	-0.00
672097.469	3529062.693	6.216	118.8195819	31.8843687	8.34	-0.08	-0.16	-0.00
672097.434	3529063.096	6.216	118.8195816	31.8843723	8.34	-0.08	-0.16	-0.00
672097.397	3529063.500	6.215	118.8195813	31.8843759	8.35	-0.08	-0.16	-0.00
672097.360	3529063.904	6.215	118.8195810	31.8843796	8.36	-0.08	-0.16	-0.00
672097.323	3529064.306	6.216	118.8195807	31.8843832	8.39	-0.08	-0.16	-0.00
672097.287	3529064.709	6.216	118.8195804	31.8843868	8.44	-0.11	-0.16	-0.00
672097.251	3529065.113	6.216	118.8195801	31.8843905	8.44	-0.11	-0.16	-0.00
672097.214	3529065.516	6.216	118.8195798	31.8843941	8.45	-0.11	-0.16	-0.00
672097.177	3529065.919	6.216	118.8195795	31.8843978	8.45	-0.11	-0.16	-0.00
672097.141	3529066.322	6.216	118.8195792	31.8844014	8.45	-0.11	-0.16	0.00
672097.107	3529066.726	6.216	118.8195789	31.8844051	8.45	-0.11	-0.17	0.00
672097.072	3529067.132	6.217	118.8195786	31.8844087	8.45	-0.11	-0.17	0.00
672097.037	3529067.536	6.217	118.8195783	31.8844124	8.45	-0.12	-0.17	0.00
672097.004	3529067.938	6.217	118.8195780	31.8844160	8.45	-0.12	-0.17	0.00
672096.971	3529068.342	6.217	118.8195777	31.8844197	8.45	-0.12	-0.17	0.00
672096.937	3529068.745	6.217	118.8195774	31.8844233	8.46	-0.12	-0.17	0.00
672096.904	3529069.148	6.217	118.8195772	31.8844269	8.47	-0.12	-0.17	0.00
672096.839	3529069.951	6.218	118.8195766	31.8844342	8.45	-0.12	-0.17	0.00
672096.805	3529070.350	6.218	118.8195763	31.8844378	8.45	-0.13	-0.18	0.00
672096.739	3529071.146	6.219	118.8195757	31.8844450	8.32	-0.17	-0.18	0.00
672096.709	3529071.540	6.219	118.8195755	31.8844485	8.31	-0.17	-0.17	0.00
672096.647	3529072.326	6.220	118.8195750	31.8844556	8.29	-0.17	-0.17	0.00
672096.616	3529072.717	6.221	118.8195747	31.8844591	8.29	-0.17	-0.17	-0.00
672096.587	3529073.106	6.221	118.8195745	31.8844627	8.27	-0.17	-0.17	-0.00
672096.530	3529073.881	6.222	118.8195740	31.8844697	8.14	-0.17	-0.17	-0.00
672096.501	3529074.267	6.222	118.8195738	31.8844731	8.13	-0.17	-0.17	-0.00
672096.471	3529074.652	6.223	118.8195735	31.8844766	8.12	-0.17	-0.17	-0.00
672096.442	3529075.035	6.223	118.8195733	31.8844801	8.10	-0.17	-0.17	-0.00
672096.416	3529075.418	6.224	118.8195731	31.8844835	8.10	-0.17	-0.16	-0.00
672096.386	3529075.798	6.224	118.8195728	31.8844870	8.09	-0.17	-0.16	-0.00
672096.357	3529076.180	6.224	118.8195726	31.8844904	8.07	-0.17	-0.16	0.00
672096.330	3529076.561	6.225	118.8195724	31.8844938	7.93	-0.16	-0.16	0.00
672096.301	3529076.939	6.225	118.8195722	31.8844973	7.92	-0.16	-0.16	0.00
672096.274	3529077.316	6.225	118.8195719	31.8845007	7.90	-0.16	-0.16	0.01
672096.248	3529077.694	6.226	118.8195717	31.8845041	7.90	-0.16	-0.16	0.01
672096.220	3529078.070	6.226	118.8195715	31.8845075	7.90	-0.16	-0.16	0.01
672096.193	3529078.444	6.226	118.8195713	31.8845108	7.89	-0.16	-0.16	0.01
672096.138	3529079.186	6.227	118.8195708	31.8845175	7.80	-0.16	-0.15	0.02
672096.110	3529079.556	6.228	118.8195706	31.8845209	7.79	-0.16	-0.16	0.03
672096.084	3529079.924	6.228	118.8195704	31.8845242	7.78	-0.17	-0.16	0.03
672096.031	3529080.655	6.229	118.8195700	31.8845308	7.76	-0.18	-0.16	0.04
672096.002	3529081.018	6.230	118.8195697	31.8845341	7.74	-0.18	-0.16	0.05
672095.976	3529081.383	6.231	118.8195695	31.8845374	7.73	-0.19	-0.16	-6.22
672095.924	3529082.108	6.235	118.8195691	31.8845439	7.59	-0.62	-0.16	-6.22
672095.902	3529082.469	6.237	118.8195689	31.8845472	7.57	-0.63	-0.16	-6.22
672095.875	3529082.825	6.239	118.8195687	31.8845504	7.55	-0.67	-0.15	-6.21
672095.850	3529083.183	6.242	118.8195685	31.8845536	7.54	-0.71	-0.15	-6.20
672095.830	3529083.538	6.245	118.8195684	31.8845568	7.53	-0.73	-0.15	-6.20
672095.807	3529083.893	6.249	118.8195682	31.8845600	7.53	-0.77	-0.15	-6.19
672095.792	3529084.246	6.252	118.8195681	31.8845632	7.40	-0.82	-0.14	-6.18
672095.771	3529084.596	6.256	118.8195680	31.8845664	7.40	-1.23	-0.13	-6.18
672095.755	3529084.947	6.260	118.8195678	31.8845695	7.39	-1.26	-0.12	-6.18
672095.739	3529085.295	6.264	118.8195677	31.8845727	7.38	-1.28	-0.11	-6.17
672095.724	3529085.642	6.269	118.8195676	31.8845758	7.37	-1.31	-0.10	-6.16
672095.710	3529085.989	6.273	118.8195676	31.8845790	7.35	-1.37	-0.09	-6.15
672095.691	3529086.319	6.278	118.8195675	31.8845821	7.34	-1.40	-0.09	-6.15
672095.673	3529087.349	0.011	118.8195675	31.8845913	7.16	-1.74	-0.05	0.15
672095.663	3529087.688	0.017	118.8195675	31.8845943	7.15	-1.79	-0.02	0.16
672095.659	3529088.025	0.023	118.8195675	31.8845974	7.13	-1.84	0.00	0.17
672095.658	3529088.360	0.029	118.8195676	31.8846004	7.10	-1.91	0.03	0.17
672095.669	3529088.689	0.036	118.8195677	31.8846033	7.08	-1.94	0.06	0.18
672095.666	3529089.016	0.043	118.8195678	31.8846063	7.07	-2.00	0.10	0.19
672095.682	3529089.667	0.058	118.8195681	31.8846122	6.91	-2.49	0.13	0.19
672095.704	3529089.996	0.065	118.8195682	31.8846151	6.89	-2.51	0.16	0.20
672095.716	3529090.313	0.073	118.8195685	31.8846180	6.88	-2.52	0.18	0.21
672095.733	3529090.633	0.081	118.8195687	31.8846208	6.88	-2.56	0.21	0.21
672095.771	3529090.958	0.089	118.8195690	31.8846237	6.86	-2.60	0.25	0.21
672095.797	3529091.276	0.098	118.8195692	31.8846265	6.85	-2.65	0.28	0.22
672095.817	3529091.586	0.106	118.8195696	31.8846294	6.83	-2.67	0.29	0.23
672095.840	3529091.900	0.115	118.8195699	31.8846321	6.60	-3.06	0.31	0.22
672095.866	3529092.203	0.123	118.8195703	31.8846349	6.58	-3.11	0.32	0.22
672095.902	3529092.512	0.132	118.8195707	31.8846377	6.56	-3.12	0.34	0.23
672095.941	3529092.815	0.141	118.8195711	31.8846404	6.55	-3.14	0.35	0.23
672095.979	3529093.119	0.150	118.8195716	31.8846431	6.54	-3.14	0.37	0.23
672096.012	3529093.419	0.160	118.8195720	31.8846458	6.52	-3.17	0.37	0.24
672096.158	3529094.312	0.188	118.8195737	31.8846539	6.31	-3.47	0.38	0.24
672096.203	3529094.606	0.197	118.8195742	31.8846565	6.31	-3.49	0.38	0.24
672096.252	3529094.899	0.207	118.8195749	31.8846591	6.29	-3.52	0.37	0.24
672096.309	3529095.188	0.217	118.8195755	31.8846617	6.27	-3.53	0.37	0.24
672096.366	3529095.481	0.227	118.8195762	31.8846643	6.25	-3.56	0.37	0.25
672096.423	3529095.769	0.237	118.8195769	31.8846669	6.24	-3.56	0.35	0.25
672096.551	3529096.334	0.257	118.8195783	31.8846720	6.12	-3.75	0.34	0.24
672096.620	3529096.613	0.267	118.8195791	31.8846745	6.12	-3.75	0.33	0.24
672096.690	3529096.891	0.277	118.8195799	31.8846770	6.12	-3.75	0.31	0.24
672096.767	3529097.170	0.287	118.8195807	31.8846795	6.11	-3.75	0.31	0.24
672096.843	3529097.449	0.297	118.8195816	31.8846820	6.09	-3.75	0.29	0.24
672096.922	3529097.723	0.308	118.8195825	31.8846845	6.09	-3.76	0.29	0.24
672097.001	3529097.996	0.319	118.8195834	31.8846869	6.08	-3.76	0.24	0.24
672097.079	3529098.273	0.328	118.8195843	31.8846894	5.96	-3.87	0.21	0.24
672097.174	3529098.545	0.338	118.8195853	31.8846918	5.96	-3.87	0.20	0.24
672097.270	3529098.812	0.348	118.8195863	31.8846942	5.95	-3.88	0.18	0.23
672097.359	3529099.079	0.358	118.8195873	31.8846966	5.93	-3.88	0.16	0.23
672097.452	3529099.345	0.369	118.8195884	31.8846990	5.93	-3.88	0.13	0.23
672097.548	3529099.607	0.379	118.8195894	31.8847014	5.93	-3.88	0.10	0.23
672097.854	3529100.391	0.409	118.8195928	31.8847084	5.87	-3.83	0.03	0.22
672097.963	3529100.648	0.419	118.8195940	31.8847107	5.86	-3.83	-0.04	0.21
672098.071	3529100.905	0.429	118.8195952	31.8847130	5.85	-3.82	-0.08	0.21
672098.183	3529101.161	0.439	118.8195964	31.8847153	5.85	-3.80	-0.11	0.20
672098.295	3529101.416	0.448	118.8195977	31.8847176	5.85	-3.77	-0.15	0.20
672098.412	3529101.671	0.458	118.8195989	31.8847199	5.84	-3.76	-0.19	0.19
672098.645	3529102.177	0.475	118.8196015	31.8847243	5.76	-3.35	-0.28	0.19
672098.764	3529102.428	0.483	118.8196028	31.8847266	5.76	-3.32	-0.32	0.18
672098.883	3529102.671	0.491	118.8196042	31.8847288	5.76	-3.31	-0.36	0.18
672099.009	3529102.915	0.499	118.8196055	31.8847309	5.76	-3.28	-0.39	0.17
672099.135	3529103.161	0.507	118.8196069	31.8847331	5.75	-3.23	-0.43	0.17
672099.259	3529103.403	0.514	118.8196083	31.8847353	5.75	-3.19	-0.47	0.16
672099.366	3529103.649	0.521	118.8196097	31.8847374	5.75	-3.12	-0.53	0.16
672099.498	3529103.886	0.529	118.8196111	31.8847396	5.69	-2.89	-0.56	0.15
672099.638	3529104.111	0.536	118.8196126	31.8847417	5.69	-2.83	-0.58	0.15
672099.770	3529104.347	0.543	118.8196141	31.8847438	5.69	-2.81	-0.61	0.14
672099.905	3529104.598	0.550	118.8196155	31.8847459	5.69	-2.75	-0.65	0.13
672100.180	3529105.070	0.563	118.8196185	31.8847501	5.69	-2.69	-0.69	0.13
672100.314	3529105.304	0.569	118.8196201	31.8847521	5.69	-2.67	-0.78	0.10
672100.600	3529105.756	0.579	118.8196232	31.8847562	5.64	-2.12	-0.78	0.10
672100.746	3529105.983	0.584	118.8196247	31.8847583	5.65	-2.07	-0.82	0.09
672101.039	3529106.438	0.593	118.8196279	31.8847623	5.65	-1.89	-0.85	0.08
672101.179	3529106.660	0.597	118.8196295	31.8847644	5.64	-1.83	-0.89	0.06
672101.325	3529106.883	0.601	118.8196311	31.8847664	5.64	-1.80	-0.94	0.05
672101.621	3529107.335	0.608	118.8196343	31.8847704	5.66	-1.21	-0.96	0.03
672101.772	3529107.560	0.610	118.8196360	31.8847724	5.66	-1.12	-0.97	0.02
672101.924	3529107.785	0.612	118.8196376	31.8847744	5.65	-1.08	-0.99	0.02
672102.077	3529108.007	0.613	118.8196392	31.8847764	5.64	-1.02	-1.00	0.01
672102.226	3529108.229	0.615	118.8196409	31.8847784	5.63	-0.96	-1.02	0.00
672102.385	3529108.455	0.616	118.8196425	31.8847804	5.63	-0.89	-1.02	-0.01
672102.536	3529108.677	0.616	118.8196442	31.8847824	5.62	-0.83	-1.04	-0.02
672102.692	3529108.898	0.616	118.8196458	31.8847844	5.62	-0.06	-1.04	-0.03
672102.843	3529109.121	0.616	118.8196474	31.8847864	5.62	-0.03	-1.06	-0.04
672102.996	3529109.346	0.616	118.8196491	31.8847884	5.62	-0.00	-1.07	-0.04
672103.146	3529109.571	0.615	118.8196507	31.8847903	5.62	0.03	-1.08	-0.05
672103.451	3529110.011	0.612	118.8196540	31.8847943	5.62	0.09	-1.09	-0.07
672103.606	3529110.235	0.610	118.8196556	31.8847963	5.62	0.16	-1.10	-0.09
672103.758	3529110.461	0.608	118.8196572	31.8847983	5.62	0.97	-1.10	-0.09
672104.058	3529110.904	0.602	118.8196605	31.8848023	5.62	1.02	-1.11	-0.10
672104.206	3529111.132	0.598	118.8196621	31.8848043	5.63	1.10	-1.13	-0.12
672104.352	3529111.364	0.594	118.8196636	31.8848064	5.62	1.17	-1.14	-0.12
672104.497	3529111.588	0.590	118.8196652	31.8848084	5.62	1.24	-1.14	-0.15
672104.935	3529112.265	0.575	118.8196699	31.8848145	5.63	2.04	-1.14	-0.16
672105.080	3529112.495	0.569	118.8196715	31.8848165	5.63	2.07	-1.14	-0.16
672105.218	3529112.722	0.563	118.8196730	31.8848185	5.65	2.08	-1.14	-0.17
672105.357	3529112.950	0.557	118.8196745	31.8848206	5.64	2.12	-1.14	-0.17
672105.492	3529113.182	0.551	118.8196760	31.8848226	5.64	2.14	-1.14	-0.18
672105.628	3529113.410	0.544	118.8196775	31.8848247	5.64	2.19	-1.13	-0.19
672105.763	3529113.640	0.537	118.8196789	31.8848267	5.64	2.21	-1.12	-0.20
672105.898	3529113.870	0.530	118.8196804	31.8848288	5.61	2.83	-1.11	-0.20
672106.029	3529114.101	0.522	118.8196818	31.8848308	5.60	2.92	-1.10	-0.21
672106.160	3529114.328	0.514	118.8196832	31.8848329	5.60	2.95	-1.08	-0.21
672106.290	3529114.560	0.506	118.8196846	31.8848349	5.58	2.98	-1.06	-0.22
672106.525	3529115.019	0.489	118.8196872	31.8848390	5.57	3.06	-1.05	-0.22
672106.640	3529115.247	0.481	118.8196885	31.8848411	5.57	3.09	-1.00	-0.24
672106.866	3529115.707	0.463	118.8196910	31.8848452	5.42	3.55	-0.99	-0.23
672106.979	3529115.932	0.454	118.8196921	31.8848472	5.39	3.60	-0.96	-0.23
672107.085	3529116.152	0.445	118.8196933	31.8848492	5.35	3.65	-0.94	-0.24
672107.283	3529116.595	0.427	118.8196955	31.8848531	5.33	3.71	-0.93	-0.24
672107.380	3529116.814	0.418	118.8196965	31.8848551	5.31	3.73	-0.87	-0.25
672107.557	3529117.254	0.400	118.8196985	31.8848590	5.06	3.95	-0.85	-0.25
672107.647	3529117.471	0.390	118.8196995	31.8848610	5.05	3.97	-0.83	-0.25
672107.734	3529117.688	0.381	118.8197004	31.8848629	5.03	3.99	-0.80	-0.24
672107.816	3529117.904	0.371	118.8197013	31.8848649	5.01	4.03	-0.78	-0.24
672107.896	3529118.122	0.361	118.8197022	31.8848668	5.00	4.05	-0.76	-0.25
672107.972	3529118.342	0.351	118.8197030	31.8848688	4.99	4.12	-0.74	-0.25
672108.048	3529118.562	0.341	118.8197039	31.8848708	4.97	4.17	-0.71	-0.25
672108.120	3529118.780	0.331	118.8197047	31.8848727	4.89	4.38	-0.69	-0.25
672108.194	3529118.999	0.321	118.8197054	31.8848747	4.88	4.40	-0.67	-0.25
672108.262	3529119.219	0.311	118.8197062	31.8848767	4.88	4.42	-0.64	-0.26
672108.334	3529119.440	0.301	118.8197069	31.8848786	4.88	4.44	-0.62	-0.26
672108.397	3529119.661	0.290	118.8197077	31.8848806	4.87	4.45	-0.59	-0.26
672108.457	3529119.880	0.280	118.8197083	31.8848826	4.87	4.48	-0.57	-0.26
672108.571	3529120.324	0.259	118.8197096	31.8848866	4.83	4.79	-0.52	6.02
672108.674	3529120.766	0.237	118.8197108	31.8848906	4.83	4.81	-0.50	6.02
672108.726	3529120.992	0.226	118.8197113	31.8848926	4.82	4.82	-0.45	6.01
672108.775	3529121.211	0.215	118.8197118	31.8848946	4.81	4.83	-0.42	6.01
672108.820	3529121.435	0.204	118.8197124	31.8848966	4.82	4.85	-0.40	6.00
672108.861	3529121.657	0.192	118.8197129	31.8848986	4.81	5.05	-0.36	6.00
672108.937	3529122.111	0.170	118.8197138	31.8849026	4.81	5.06	-0.33	6.00
672108.972	3529122.334	0.158	118.8197142	31.8849047	4.81	5.07	-0.31	6.00
672109.003	3529122.557	0.147	118.8197146	31.8849067	4.80	5.09	-0.29	6.00
672109.035	3529122.781	0.135	118.8197150	31.8849087	4.80	5.11	-0.27	6.00
672109.060	3529123.007	0.123	118.8197153	31.8849108	4.80	5.15	-0.25	6.00
672109.083	3529123.234	0.110	118.8197156	31.8849128	4.80	5.19	-0.22	6.00
672109.102	3529123.460	0.098	118.8197159	31.8849149	4.81	5.20	-0.21	5.99
672109.122	3529123.686	0.086	118.8197162	31.8849169	4.82	5.40	-0.18	5.99
672109.138	3529123.912	0.074	118.8197164	31.8849189	4.82	5.41	-0.16	5.99
672109.150	3529124.139	0.062	118.8197166	31.8849210	4.81	5.41	-0.14	5.99
672109.157	3529124.366	0.050	118.8197167	31.8849230	4.81	5.43	-0.13	5.99
672109.167	3529124.592	0.037	118.8197169	31.8849251	4.81	5.44	-0.11	5.99
672109.172	3529124.818	0.025	118.8197170	31.8849271	4.81	5.45	-0.09	5.98
672109.170	3529125.043	0.012	118.8197170	31.8849292	4.81	5.45	-0.08	5.98
672109.170	3529125.269	6.283	118.8197171	31.8849313	4.83	5.46	-0.06	-0.30
672109.164	3529125.495	6.270	118.8197171	31.8849333	4.82	5.63	-0.05	-0.30
672109.144	3529125.953	6.245	118.8197170	31.8849374	4.83	5.64	-0.03	-0.30
672109.135	3529126.178	6.232	118.8197169	31.8849395	4.81	5.65	-0.01	-0.31
672109.112	3529126.409	6.219	118.8197168	31.8849415	4.81	5.65	0.00	-0.31
672109.095	3529126.636	6.206	118.8197166	31.8849436	4.81	5.66	0.02	-0.31
672109.073	3529126.863	6.193	118.8197164	31.8849456	4.81	5.68	0.04	-0.31
672109.023	3529127.313	6.167	118.8197159	31.8849497	4.82	5.84	0.04	-0.31
672108.995	3529127.539	6.154	118.8197156	31.8849518	4.83	5.84	0.07	-0.31
672108.964	3529127.765	6.141	118.8197153	31.8849538	4.82	5.85	0.08	-0.31
672108.926	3529127.989	6.128	118.8197149	31.8849558	4.83	5.85	0.09	-0.31
672108.887	3529128.210	6.115	118.8197145	31.8849579	4.81	5.85	0.10	-0.31
672108.804	3529128.659	6.088	118.8197137	31.8849619	4.81	5.85	0.11	-0.32
672108.755	3529128.877	6.075	118.8197132	31.8849640	4.81	5.94	0.13	-0.32
672108.705	3529129.100	6.061	118.8197127	31.8849660	4.81	5.94	0.14	-0.32
672108.653	3529129.322	6.048	118.8197121	31.8849680	4.81	5.95	0.15	-0.32
672108.592	3529129.542	6.034	118.8197115	31.8849700	4.81	5.95	0.15	-0.32
672108.535	3529129.761	6.021	118.8197109	31.8849720	4.82	5.95	0.16	-0.32
672108.472	3529129.978	6.008	118.8197103	31.8849740	4.81	5.95	0.17	-0.32
672108.405	3529130.193	5.995	118.8197096	31.8849759	4.81	5.95	0.18	-0.32
672108.264	3529130.624	5.967	118.8197082	31.8849798	4.82	5.95	0.19	-0.32
672108.190	3529130.839	5.954	118.8197074	31.8849818	4.81	5.95	0.20	-0.32
672108.116	3529131.053	5.940	118.8197067	31.8849837	4.81	5.95	0.21	-0.32
672108.034	3529131.262	5.927	118.8197058	31.8849856	4.81	5.95	0.21	-0.32
672107.954	3529131.477	5.914	118.8197050	31.8849876	4.81	5.95	0.22	-0.32
672107.874	3529131.690	5.900	118.8197041	31.8849895	4.81	5.95	0.23	-0.32
672107.783	3529131.895	5.887	118.8197032	31.8849914	4.81	5.95	0.24	-0.32
672107.690	3529132.104	5.873	118.8197023	31.8849932	4.81	5.95	0.24	-0.32
672107.597	3529132.312	5.860	118.8197013	31.8849951	4.81	5.95	0.25	-0.32
672107.500	3529132.515	5.847	118.8197003	31.8849970	4.81	5.95	0.26	-0.32
672107.400	3529132.712	5.833	118.8196993	31.8849988	4.81	5.95	0.26	-0.32
672107.299	3529132.915	5.820	118.8196983	31.8850007	4.81	5.95	0.27	-0.32
672107.194	3529133.119	5.806	118.8196972	31.8850025	4.81	5.95	0.28	-0.32
672106.869	3529133.719	5.766	118.8196938	31.8850079	4.82	5.94	0.29	-0.32
672106.753	3529133.914	5.753	118.8196926	31.8850097	4.82	5.94	0.31	-0.32
672106.632	3529134.111	5.739	118.8196913	31.8850115	4.83	5.94	0.31	-0.32
672106.510	3529134.300	5.726	118.8196901	31.8850132	4.82	5.94	0.32	-0.32
672106.386	3529134.490	5.713	118.8196888	31.8850150	4.82	5.94	0.32	-0.32
672106.261	3529134.684	5.699	118.8196875	31.8850167	4.82	5.94	0.33	-0.32
672105.998	3529135.056	5.673	118.8196848	31.8850201	4.84	5.87	0.34	-0.32
672105.865	3529135.240	5.660	118.8196834	31.8850218	4.84	5.83	0.34	-0.32
672105.728	3529135.423	5.646	118.8196820	31.8850235	4.84	5.82	0.35	-0.31
672105.586	3529135.606	5.633	118.8196806	31.8850252	4.84	5.81	0.35	-0.31
672105.449	3529135.785	5.620	118.8196792	31.8850268	4.84	5.80	0.36	-0.31
672105.305	3529135.964	5.607	118.8196777	31.8850284	4.84	5.80	0.36	-0.31
672105.162	3529136.139	5.594	118.8196762	31.8850300	4.84	5.70	0.37	-0.31
672105.020	3529136.320	5.581	118.8196747	31.8850316	4.85	5.70	0.38	-0.32
672104.865	3529136.490	5.568	118.8196731	31.8850332	4.85	5.70	0.38	-0.31
672104.713	3529136.662	5.555	118.8196715	31.8850348	4.85	5.69	0.39	-0.31
672104.561	3529136.833	5.542	118.8196699	31.8850363	4.84	5.69	0.39	-0.31
672104.407	3529137.001	5.529	118.8196683	31.8850378	4.84	5.69	0.40	-0.31
672104.251	3529137.168	5.516	118.8196667	31.8850393	4.84	5.69	0.41	-0.31
672103.763	3529137.645	5.478	118.8196616	31.8850438	4.86	5.69	0.41	-0.31
672103.599	3529137.802	5.465	118.8196599	31.8850452	4.86	5.70	0.42	-0.31
672103.428	3529137.953	5.452	118.8196581	31.8850466	4.86	5.70	0.42	-0.31
672103.259	3529138.105	5.439	118.8196563	31.8850480	4.86	5.70	0.42	-0.31
672103.086	3529138.252	5.426	118.8196546	31.8850494	4.86	5.70	0.42	-0.31
672102.910	3529138.404	5.412	118.8196528	31.8850507	4.85	5.70	0.43	-0.31
672102.556	3529138.688	5.386	118.8196491	31.8850534	4.86	5.78	0.44	-0.32
672102.370	3529138.827	5.374	118.8196472	31.8850546	4.85	5.78	0.43	-0.31
672102.190	3529138.968	5.361	118.8196453	31.8850559	4.86	5.78	0.44	-0.31
672102.004	3529139.105	5.348	118.8196434	31.8850572	4.85	5.79	0.44	-0.31
672101.820	3529139.237	5.334	118.8196415	31.8850584	4.85	5.79	0.44	-0.31
672101.630	3529139.367	5.321	118.8196395	31.8850596	4.84	5.80	0.44	-0.31
672101.442	3529139.495	5.308	118.8196376	31.8850608	4.84	5.80	0.44	-0.31
672101.248	3529139.618	5.295	118.8196356	31.8850619	4.84	5.81	0.44	-0.31
672101.056	3529139.742	5.282	118.8196336	31.8850631	4.84	5.81	0.44	-0.31
672100.863	3529139.861	5.269	118.8196316	31.8850642	4.83	5.81	0.44	-0.31
672100.669	3529139.981	5.256	118.8196295	31.8850653	4.84	5.81	0.44	-0.31
672100.275	3529140.209	5.230	118.8196254	31.8850674	4.84	5.81	0.44	-0.31
672100.074	3529140.319	5.217	118.8196234	31.8850684	4.84	5.81	0.44	-0.31
672099.874	3529140.428	5.203	118.8196213	31.8850694	4.84	5.79	0.44	-0.31
672099.464	3529140.635	5.178	118.8196170	31.8850714	4.84	5.78	0.44	-0.31
672099.260	3529140.733	5.165	118.8196148	31.8850723	4.85	5.76	0.44	-0.31
672099.054	3529140.831	5.152	118.8196126	31.8850732	4.85	5.76	0.44	-0.31
672098.825	3529140.907	5.139	118.8196104	31.8850741	4.84	5.76	0.41	-0.30
672098.616	3529141.001	5.126	118.8196082	31.8850749	4.84	5.76	0.41	-0.30
672098.195	3529141.176	5.100	118.8196038	31.8850766	4.85	5.67	0.41	-0.30
672097.984	3529141.259	5.087	118.8196015	31.8850773	4.85	5.64	0.41	-0.30
672097.771	3529141.339	5.074	118.8195992	31.8850781	4.86	5.63	0.41	-0.30
672097.555	3529141.417	5.062	118.8195970	31.8850788	4.86	5.60	0.41	-0.30
672097.356	3529141.503	5.049	118.8195947	31.8850795	4.86	5.60	0.42	-0.30
672097.140	3529141.573	5.037	118.8195924	31.8850802	4.86	5.58	0.42	-0.30
672096.924	3529141.642	5.024	118.8195901	31.8850809	4.86	5.57	0.42	-0.30
672096.708	3529141.709	5.012	118.8195878	31.8850815	4.85	5.48	0.42	-0.30
672096.489	3529141.773	4.999	118.8195855	31.8850821	4.84	5.47	0.42	-0.30
672096.269	3529141.835	4.987	118.8195832	31.8850827	4.84	5.47	0.42	-0.30
672096.050	3529141.893	4.974	118.8195809	31.8850832	4.84	5.48	0.42	-0.30
672095.827	3529141.948	4.962	118.8195785	31.8850838	4.84	5.48	0.42	-0.30
672095.606	3529141.999	4.950	118.8195762	31.8850843	4.83	5.48	0.42	-0.30
672095.132	3529142.100	4.925	118.8195715	31.8850852	4.80	5.48	0.41	-0.30
672094.686	3529142.183	4.901	118.8195668	31.8850860	4.80	5.48	0.41	-0.30
672094.462	3529142.220	4.888	118.8195644	31.8850864	4.81	5.48	0.41	-0.30
672094.014	3529142.287	4.864	118.8195597	31.8850871	4.81	5.48	0.41	-0.29
672093.790	3529142.317	4.851	118.8195573	31.8850874	4.81	5.48	0.41	-0.29
672093.339	3529142.370	4.827	118.8195526	31.8850879	4.80	5.49	0.41	-0.29
672093.112	3529142.393	4.814	118.8195502	31.8850882	4.80	5.49	0.41	-0.29
672092.885	3529142.412	4.802	118.8195478	31.8850884	4.81	5.49	0.41	-0.29
672092.658	3529142.429	4.790	118.8195454	31.8850886	4.81	5.49	0.41	-0.29
672092.431	3529142.442	4.777	118.8195430	31.8850887	4.81	5.49	0.41	-0.29
672092.203	3529142.452	4.765	118.8195406	31.8850889	4.81	5.49	0.41	-0.29
672091.976	3529142.460	4.752	118.8195382	31.8850890	4.81	5.49	0.41	-0.29
672091.748	3529142.464	4.740	118.8195358	31.8850890	4.81	5.48	0.41	-0.29
672091.521	3529142.467	4.728	118.8195334	31.8850891	4.81	5.48	0.41	-0.29
672091.293	3529142.467	4.715	118.8195310	31.8850891	4.81	5.47	0.42	-0.29
672091.065	3529142.464	4.703	118.8195285	31.8850891	4.83	5.47	0.42	-0.29
672090.610	3529142.449	4.678	118.8195237	31.8850891	4.83	5.47	0.42	-0.29
672090.381	3529142.436	4.665	118.8195213	31.8850890	4.84	5.47	0.42	-0.29
672089.925	3529142.403	4.641	118.8195165	31.8850888	4.83	5.31	0.42	-0.29
672089.697	3529142.383	4.629	118.8195141	31.8850886	4.83	5.31	0.41	-0.29
672089.468	3529142.360	4.617	118.8195117	31.8850885	4.83	5.30	0.41	-0.29
672089.239	3529142.336	4.605	118.8195092	31.8850883	4.84	5.30	0.41	-0.30
672089.010	3529142.309	4.593	118.8195068	31.8850881	4.85	5.30	0.41	-0.29
672088.783	3529142.278	4.580	118.8195044	31.8850878	4.85	5.30	0.40	-0.29
672088.329	3529142.207	4.556	118.8194996	31.8850873	4.85	5.30	0.40	-0.30
672088.103	3529142.166	4.544	118.8194972	31.8850869	4.85	5.30	0.40	-0.30
672087.878	3529142.123	4.532	118.8194948	31.8850866	4.85	5.30	0.39	-0.30
672087.652	3529142.078	4.520	118.8194924	31.8850862	4.85	5.30	0.39	-0.30
672087.426	3529142.030	4.508	118.8194900	31.8850858	4.85	5.30	0.39	-0.30
672087.201	3529141.980	4.496	118.8194877	31.8850854	4.87	5.30	0.39	-0.30
672086.977	3529141.927	4.484	118.8194853	31.8850849	4.86	5.33	0.39	-0.30
672086.753	3529141.872	4.471	118.8194829	31.8850845	4.88	5.34	0.38	-0.30
672086.529	3529141.813	4.459	118.8194805	31.8850840	4.88	5.35	0.38	-0.30
672086.306	3529141.751	4.447	118.8194782	31.8850835	4.88	5.37	0.38	-0.30
672086.083	3529141.686	4.434	118.8194758	31.8850829	4.89	5.39	0.37	-0.30
672085.644	3529141.549	4.409	118.8194711	31.8850818	4.89	5.41	0.37	-0.30
672085.424	3529141.477	4.397	118.8194688	31.8850811	4.90	5.42	0.37	-0.30
672085.204	3529141.403	4.384	118.8194665	31.8850805	4.90	5.53	0.37	-0.30
672084.986	3529141.326	4.371	118.8194641	31.8850798	4.90	5.54	0.36	-0.30
672084.771	3529141.246	4.358	118.8194618	31.8850791	4.90	5.54	0.36	-0.30
672084.343	3529141.077	4.333	118.8194573	31.8850777	4.90	5.54	0.36	-0.30
672084.131	3529140.987	4.321	118.8194550	31.8850769	4.90	5.54	0.35	-0.29
672083.920	3529140.895	4.308	118.8194528	31.8850761	4.91	5.54	0.35	-0.29
672083.502	3529140.704	4.283	118.8194483	31.8850745	4.90	5.51	0.35	-0.29
672083.296	3529140.606	4.270	118.8194461	31.8850736	4.90	5.51	0.34	-0.28
672083.090	3529140.505	4.257	118.8194439	31.8850727	4.90	5.49	0.34	-0.28
672082.884	3529140.400	4.245	118.8194417	31.8850718	4.90	5.48	0.34	-0.28
672082.680	3529140.292	4.233	118.8194395	31.8850709	4.90	5.48	0.34	-0.27
672082.478	3529140.182	4.221	118.8194373	31.8850699	4.90	5.48	0.33	-0.27
672082.278	3529140.070	4.210	118.8194352	31.8850689	4.90	4.89	0.33	-0.26
672082.078	3529139.956	4.198	118.8194331	31.8850679	4.87	4.88	0.33	-0.26
672081.880	3529139.839	4.187	118.8194310	31.8850669	4.87	4.86	0.34	-0.26
672081.683	3529139.721	4.176	118.8194289	31.8850659	4.87	4.82	0.33	-0.25
672081.487	3529139.601	4.165	118.8194268	31.8850648	4.86	4.81	0.34	-0.25
672081.101	3529139.356	4.144	118.8194226	31.8850627	4.86	4.76	0.35	-0.24
672080.909	3529139.231	4.133	118.8194206	31.8850616	4.86	4.74	0.36	-0.23
672080.719	3529139.103	4.123	118.8194185	31.8850605	4.86	4.38	0.36	-0.23
672080.531	3529138.973	4.113	118.8194165	31.8850593	4.85	4.36	0.37	-0.23
672080.344	3529138.841	4.103	118.8194145	31.8850582	4.85	4.33	0.37	-0.22
672079.973	3529138.571	4.083	118.8194105	31.8850558	4.85	4.27	0.38	-0.22
672079.789	3529138.432	4.074	118.8194086	31.8850546	4.84	4.26	0.40	-0.21
672079.607	3529138.291	4.065	118.8194066	31.8850533	4.85	4.26	0.42	-0.20
672079.245	3529138.007	4.047	118.8194027	31.8850508	4.84	3.86	0.43	-0.19
672079.065	3529137.863	4.039	118.8194008	31.8850496	4.84	3.87	0.45	-0.19
672078.887	3529137.718	4.030	118.8193989	31.8850483	4.84	3.87	0.46	-0.18
672078.710	3529137.571	4.021	118.8193970	31.8850470	4.84	3.84	0.48	-0.18
672078.535	3529137.422	4.013	118.8193951	31.8850457	4.84	3.79	0.48	-0.18
672078.361	3529137.271	4.005	118.8193933	31.8850443	4.84	3.72	0.50	-0.17
672078.189	3529137.118	3.998	118.8193914	31.8850430	4.84	3.69	0.51	-0.16
672078.017	3529136.964	3.991	118.8193896	31.8850416	4.86	3.10	0.52	-0.16
672077.846	3529136.808	3.983	118.8193877	31.8850402	4.86	3.05	0.53	-0.15
672077.675	3529136.651	3.977	118.8193859	31.8850388	4.86	3.02	0.55	-0.14
672077.505	3529136.494	3.970	118.8193841	31.8850374	4.86	3.00	0.56	-0.14
672077.169	3529136.174	3.958	118.8193804	31.8850346	4.86	2.94	0.57	-0.13
672077.002	3529136.012	3.952	118.8193787	31.8850332	4.85	2.83	0.59	-0.12
672076.670	3529135.685	3.942	118.8193751	31.8850303	4.86	2.25	0.59	-0.11
672076.505	3529135.521	3.937	118.8193733	31.8850288	4.86	2.22	0.61	-0.10
672076.340	3529135.356	3.932	118.8193715	31.8850274	4.86	2.15	0.62	-0.09
672076.175	3529135.191	3.927	118.8193698	31.8850259	4.86	2.12	0.63	-0.08
672076.011	3529135.024	3.922	118.8193680	31.8850244	4.86	2.04	0.64	-0.08
672075.848	3529134.856	3.919	118.8193663	31.8850229	4.86	2.02	0.65	-0.06
672075.526	3529134.517	3.912	118.8193628	31.8850199	4.90	1.31	0.65	-0.05
672075.365	3529134.346	3.909	118.8193611	31.8850184	4.90	1.24	0.66	-0.05
672075.205	3529134.175	3.906	118.8193593	31.8850169	4.88	1.22	0.66	-0.04
672075.046	3529134.004	3.904	118.8193576	31.8850153	4.88	1.19	0.67	-0.03
672074.887	3529133.832	3.902	118.8193559	31.8850138	4.88	1.18	0.67	-0.03
672074.728	3529133.659	3.900	118.8193542	31.8850123	4.89	1.13	0.67	-0.02
672074.570	3529133.486	3.898	118.8193525	31.8850107	4.89	1.11	0.67	-0.02
672074.412	3529133.313	3.897	118.8193508	31.8850092	4.91	0.44	0.67	-0.01
672074.254	3529133.138	3.896	118.8193491	31.8850077	4.91	0.38	0.66	-0.00
672074.095	3529132.963	3.895	118.8193474	31.8850061	4.91	0.36	0.66	0.00
672073.937	3529132.788	3.895	118.8193457	31.8850045	4.91	0.32	0.66	0.01
672073.620	3529132.439	3.895	118.8193423	31.8850014	4.91	0.25	0.66	0.01
672073.461	3529132.264	3.896	118.8193406	31.8849999	4.91	0.14	0.66	0.03
672073.302	3529132.088	3.897	118.8193389	31.8849983	4.92	-0.53	0.66	0.03
672072.983	3529131.739	3.899	118.8193354	31.8849952	4.92	-0.55	0.65	0.05
672072.823	3529131.565	3.901	118.8193337	31.8849937	4.92	-0.57	0.65	0.05
672072.663	3529131.391	3.902	118.8193320	31.8849921	4.92	-0.58	0.65	0.06
672072.502	3529131.218	3.904	118.8193303	31.8849906	4.92	-0.61	0.65	0.07
672072.342	3529131.044	3.906	118.8193285	31.8849890	4.92	-0.64	0.64	0.07
672072.018	3529130.696	3.912	118.8193251	31.8849859	4.94	-1.34	0.64	0.08
672071.854	3529130.523	3.916	118.8193233	31.8849844	4.94	-1.38	0.63	0.08
672071.688	3529130.351	3.919	118.8193215	31.8849829	4.94	-1.40	0.62	0.09
672071.519	3529130.180	3.922	118.8193197	31.8849813	4.94	-1.42	0.62	0.10
672071.350	3529130.008	3.926	118.8193179	31.8849798	4.94	-1.48	0.61	0.10
672071.181	3529129.837	3.930	118.8193161	31.8849783	4.94	-1.54	0.60	0.11
672071.012	3529129.666	3.934	118.8193143	31.8849768	4.94	-1.56	0.59	0.12
672070.843	3529129.495	3.939	118.8193125	31.8849753	4.97	-2.14	0.58	0.13
672070.672	3529129.323	3.944	118.8193107	31.8849738	4.97	-2.17	0.57	0.13
672070.500	3529129.153	3.949	118.8193089	31.8849722	4.97	-2.21	0.56	0.13
672070.327	3529128.984	3.954	118.8193070	31.8849708	4.97	-2.24	0.55	0.14
672070.153	3529128.817	3.960	118.8193051	31.8849693	4.96	-2.26	0.53	0.14
672069.976	3529128.651	3.965	118.8193033	31.8849678	4.95	-2.31	0.52	0.15
672069.444	3529128.156	3.984	118.8192976	31.8849634	4.99	-2.84	0.50	0.16
672069.266	3529127.992	3.991	118.8192956	31.8849619	4.99	-2.87	0.47	0.17
672069.086	3529127.830	3.998	118.8192937	31.8849605	5.00	-2.89	0.45	0.17
672068.906	3529127.668	4.005	118.8192918	31.8849591	5.01	-2.93	0.44	0.17
672068.724	3529127.507	4.012	118.8192898	31.8849577	5.01	-2.98	0.42	0.18
672068.541	3529127.348	4.020	118.8192879	31.8849562	5.01	-3.00	0.40	0.18
672068.171	3529127.033	4.035	118.8192839	31.8849535	5.03	-3.33	0.38	0.19
672067.984	3529126.876	4.043	118.8192819	31.8849521	5.03	-3.34	0.37	0.18
672067.794	3529126.721	4.051	118.8192798	31.8849507	5.03	-3.35	0.35	0.19
672067.602	3529126.567	4.059	118.8192778	31.8849493	5.03	-3.36	0.33	0.20
672067.409	3529126.414	4.067	118.8192757	31.8849480	5.03	-3.39	0.32	0.20
672067.213	3529126.262	4.076	118.8192736	31.8849467	5.05	-3.41	0.30	0.20
672067.016	3529126.110	4.084	118.8192715	31.8849453	5.05	-3.42	0.28	0.21
672066.817	3529125.960	4.093	118.8192694	31.8849440	5.14	-3.79	0.27	0.21
672066.616	3529125.810	4.103	118.8192672	31.8849427	5.14	-3.82	0.25	0.21
672066.412	3529125.661	4.112	118.8192651	31.8849414	5.15	-3.83	0.23	0.21
672066.206	3529125.515	4.121	118.8192629	31.8849401	5.15	-3.85	0.21	0.22
672065.998	3529125.371	4.130	118.8192606	31.8849388	5.16	-3.86	0.20	0.22
672065.789	3529125.230	4.140	118.8192584	31.8849376	5.17	-3.87	0.18	0.22
672065.579	3529125.091	4.149	118.8192562	31.8849363	5.17	-3.89	0.16	0.22
672065.153	3529124.817	4.169	118.8192516	31.8849339	5.26	-4.08	0.14	0.22
672064.937	3529124.683	4.179	118.8192493	31.8849327	5.27	-4.11	0.11	0.23
672064.720	3529124.551	4.189	118.8192470	31.8849316	5.26	-4.12	0.09	0.22
672064.500	3529124.422	4.199	118.8192446	31.8849304	5.26	-4.14	0.09	0.22
672064.279	3529124.295	4.209	118.8192423	31.8849293	5.26	-4.15	0.05	0.22
672064.054	3529124.171	4.220	118.8192399	31.8849282	5.26	-4.16	0.03	0.22
672063.828	3529124.048	4.230	118.8192375	31.8849271	5.27	-4.17	-0.01	0.22
672063.601	3529123.926	4.240	118.8192351	31.8849261	5.28	-4.15	-0.01	0.22
672063.145	3529123.689	4.260	118.8192303	31.8849240	5.28	-4.14	-0.03	0.21
672062.915	3529123.575	4.270	118.8192278	31.8849230	5.28	-4.14	-0.07	0.21
672062.684	3529123.463	4.280	118.8192254	31.8849220	5.28	-4.14	-0.09	0.21
672062.452	3529123.355	4.289	118.8192229	31.8849211	5.28	-4.14	-0.11	0.20
672062.221	3529123.249	4.299	118.8192204	31.8849201	5.28	-4.14	-0.13	0.20
672061.756	3529123.041	4.318	118.8192154	31.8849183	5.36	-3.86	-0.16	0.20
672061.520	3529122.938	4.328	118.8192129	31.8849174	5.42	-3.83	-0.18	0.19
672061.281	3529122.837	4.337	118.8192103	31.8849165	5.42	-3.80	-0.20	0.19
672061.041	3529122.737	4.346	118.8192078	31.8849157	5.43	-3.75	-0.22	0.19
672060.797	3529122.639	4.354	118.8192052	31.8849148	5.43	-3.69	-0.23	0.18
672060.551	3529122.542	4.363	118.8192026	31.8849140	5.43	-3.67	-0.25	0.18
672060.303	3529122.445	4.371	118.8191999	31.8849132	5.43	-3.63	-0.27	0.18
672060.053	3529122.351	4.379	118.8191973	31.8849124	5.49	-3.23	-0.29	0.18
672059.802	3529122.261	4.387	118.8191946	31.8849116	5.49	-3.18	-0.31	0.17
672059.549	3529122.174	4.395	118.8191920	31.8849108	5.50	-3.16	-0.34	0.17
672059.295	3529122.089	4.402	118.8191893	31.8849101	5.50	-3.13	-0.36	0.17
672058.787	3529121.925	4.418	118.8191839	31.8849087	5.50	-3.11	-0.40	0.16
672058.534	3529121.843	4.426	118.8191812	31.8849080	5.51	-3.10	-0.45	0.15
672058.279	3529121.762	4.434	118.8191784	31.8849073	5.62	-2.87	-0.45	0.15
672057.759	3529121.607	4.448	118.8191729	31.8849060	5.62	-2.86	-0.47	0.15
672057.498	3529121.533	4.455	118.8191702	31.8849054	5.62	-2.82	-0.52	0.14
672057.237	3529121.463	4.461	118.8191674	31.8849047	5.62	-2.79	-0.54	0.14
672056.976	3529121.395	4.468	118.8191646	31.8849042	5.60	-2.74	-0.59	0.13
672056.181	3529121.189	4.487	118.8191562	31.8849024	5.66	-2.31	-0.63	0.12
672055.916	3529121.123	4.492	118.8191534	31.8849019	5.67	-2.31	-0.65	0.12
672055.648	3529121.058	4.498	118.8191505	31.8849013	5.68	-2.29	-0.66	0.11
672055.378	3529120.994	4.504	118.8191477	31.8849008	5.68	-2.26	-0.68	0.11
672055.106	3529120.932	4.509	118.8191448	31.8849003	5.69	-2.21	-0.69	0.10
672054.832	3529120.871	4.514	118.8191419	31.8848998	5.71	-2.16	-0.70	0.10
672054.559	3529120.811	4.519	118.8191390	31.8848993	5.72	-2.13	-0.70	0.10
672054.284	3529120.752	4.524	118.8191361	31.8848988	5.84	-1.83	-0.72	0.09
672054.008	3529120.695	4.529	118.8191331	31.8848983	5.85	-1.79	-0.73	0.09
672053.732	3529120.637	4.533	118.8191302	31.8848979	5.85	-1.75	-0.74	0.08
672053.456	3529120.581	4.537	118.8191273	31.8848974	5.87	-1.71	-0.74	0.08
672053.178	3529120.526	4.541	118.8191243	31.8848969	5.87	-1.67	-0.75	0.08
672052.897	3529120.471	4.545	118.8191213	31.8848965	5.87	-1.63	-0.76	0.07
672052.049	3529120.313	4.555	118.8191123	31.8848952	5.98	-1.28	-0.76	0.07
672051.763	3529120.262	4.559	118.8191093	31.8848948	6.00	-1.27	-0.77	0.06
672051.475	3529120.211	4.562	118.8191062	31.8848944	6.01	-1.24	-0.77	0.06
672051.186	3529120.161	4.565	118.8191032	31.8848940	6.02	-1.21	-0.78	0.05
672050.897	3529120.112	4.568	118.8191001	31.8848936	6.03	-1.20	-0.78	0.05
672050.607	3529120.064	4.571	118.8190970	31.8848932	6.04	-1.19	-0.78	0.04
672050.022	3529119.969	4.576	118.8190908	31.8848924	6.15	-0.93	-0.78	0.04
672049.728	3529119.922	4.578	118.8190877	31.8848920	6.15	-0.91	-0.78	0.04
672049.433	3529119.876	4.580	118.8190846	31.8848917	6.15	-0.91	-0.78	0.04
672049.138	3529119.830	4.582	118.8190815	31.8848913	6.16	-0.89	-0.78	0.03
672048.842	3529119.786	4.584	118.8190784	31.8848909	6.17	-0.85	-0.78	0.03
672048.545	3529119.745	4.586	118.8190752	31.8848906	6.19	-0.81	-0.78	0.03
672048.246	3529119.704	4.587	118.8190720	31.8848903	6.20	-0.79	-0.77	0.03
672047.947	3529119.663	4.589	118.8190689	31.8848900	6.28	-0.62	-0.76	0.02
672047.645	3529119.622	4.591	118.8190657	31.8848896	6.28	-0.60	-0.76	0.02
672047.342	3529119.581	4.592	118.8190625	31.8848893	6.30	-0.57	-0.75	0.02
672047.038	3529119.541	4.593	118.8190592	31.8848890	6.32	-0.56	-0.74	0.02
672046.732	3529119.501	4.594	118.8190560	31.8848887	6.33	-0.54	-0.73	0.01
672046.425	3529119.462	4.595	118.8190528	31.8848884	6.34	-0.51	-0.72	0.01
672046.117	3529119.423	4.596	118.8190495	31.8848881	6.35	-0.50	-0.71	0.01
672045.500	3529119.345	4.598	118.8190430	31.8848875	6.46	-0.30	-0.69	0.01
672045.190	3529119.307	4.598	118.8190397	31.8848872	6.47	-0.30	-0.67	0.01
672044.880	3529119.269	4.599	118.8190364	31.8848869	6.48	-0.30	-0.65	0.00
672044.567	3529119.231	4.599	118.8190331	31.8848866	6.48	-0.29	-0.64	0.00
672044.254	3529119.192	4.600	118.8190298	31.8848863	6.49	-0.28	-0.62	0.00
672043.940	3529119.153	4.600	118.8190264	31.8848860	6.48	-0.26	-0.61	0.00
672043.625	3529119.114	4.601	118.8190231	31.8848857	6.50	-0.26	-0.58	-0.00
672043.308	3529119.076	4.601	118.8190198	31.8848854	6.59	-0.15	-0.58	-0.00
672042.672	3529119.000	4.601	118.8190130	31.8848848	6.60	-0.13	-0.56	-0.00
672042.354	3529118.961	4.601	118.8190096	31.8848845	6.61	-0.12	-0.54	-0.00
672042.035	3529118.922	4.601	118.8190063	31.8848842	6.62	-0.11	-0.52	-0.01
672041.714	3529118.881	4.601	118.8190029	31.8848838	6.62	-0.10	-0.51	-0.01
672041.392	3529118.840	4.601	118.8189994	31.8848835	6.65	-0.06	-0.48	-0.01
672040.748	3529118.759	4.602	118.8189926	31.8848829	6.78	-0.06	-0.47	-0.01
672040.423	3529118.717	4.602	118.8189892	31.8848826	6.79	-0.05	-0.45	-0.01
672040.097	3529118.677	4.602	118.8189857	31.8848822	6.80	-0.05	-0.44	-0.01
672039.772	3529118.637	4.601	118.8189823	31.8848819	6.80	-0.05	-0.43	-0.01
672039.447	3529118.596	4.601	118.8189789	31.8848816	6.81	-0.04	-0.42	-0.01
672039.121	3529118.555	4.601	118.8189754	31.8848813	6.81	-0.03	-0.40	-0.01
672038.793	3529118.514	4.601	118.8189719	31.8848810	6.81	-0.03	-0.39	-0.01
672038.464	3529118.472	4.600	118.8189684	31.8848806	6.88	0.05	-0.38	-0.01
672038.135	3529118.430	4.600	118.8189650	31.8848803	6.88	0.06	-0.36	-0.01
672037.805	3529118.390	4.600	118.8189615	31.8848800	6.89	0.06	-0.35	-0.01
672037.474	3529118.347	4.599	118.8189579	31.8848797	6.91	0.06	-0.34	-0.02
672037.140	3529118.304	4.599	118.8189544	31.8848793	6.93	0.06	-0.33	-0.02
672036.806	3529118.260	4.598	118.8189509	31.8848790	6.93	0.07	-0.31	-0.02
672036.471	3529118.217	4.598	118.8189473	31.8848786	6.94	0.08	-0.30	-0.02
672036.134	3529118.174	4.598	118.8189438	31.8848783	7.04	0.08	-0.29	-0.02
672035.797	3529118.131	4.597	118.8189402	31.8848780	7.04	0.09	-0.28	-0.02
672035.460	3529118.088	4.597	118.8189366	31.8848776	7.05	0.09	-0.27	-0.02
672035.123	3529118.044	4.596	118.8189331	31.8848773	7.07	0.09	-0.26	-0.02
672034.785	3529117.999	4.596	118.8189295	31.8848769	7.07	0.09	-0.25	-0.02
672034.108	3529117.909	4.595	118.8189223	31.8848762	7.07	0.09	-0.23	-0.02
672033.769	3529117.864	4.595	118.8189187	31.8848759	7.09	0.09	-0.22	-0.02
672033.085	3529117.773	4.594	118.8189114	31.8848751	7.20	0.12	-0.22	-0.02
672032.740	3529117.727	4.593	118.8189078	31.8848748	7.20	0.12	-0.21	-0.02
672032.394	3529117.682	4.592	118.8189041	31.8848744	7.22	0.12	-0.20	-0.02
672032.048	3529117.635	4.592	118.8189005	31.8848740	7.22	0.12	-0.19	-0.02
672031.701	3529117.587	4.591	118.8188968	31.8848737	7.23	0.12	-0.18	-0.02
672031.353	3529117.540	4.591	118.8188931	31.8848733	7.23	0.12	-0.18	-0.02
672031.005	3529117.491	4.590	118.8188894	31.8848729	7.24	0.12	-0.18	-0.02
672030.654	3529117.442	4.590	118.8188857	31.8848725	7.34	0.13	-0.17	-0.02
672030.302	3529117.394	4.589	118.8188820	31.8848721	7.34	0.13	-0.16	-0.02
672029.950	3529117.345	4.589	118.8188783	31.8848718	7.34	0.13	-0.16	-0.02
672029.598	3529117.296	4.588	118.8188745	31.8848714	7.35	0.13	-0.16	-0.02
672029.242	3529117.246	4.588	118.8188707	31.8848710	7.37	0.13	-0.15	-0.02
672028.884	3529117.197	4.587	118.8188670	31.8848706	7.39	0.13	-0.14	-0.02
672028.526	3529117.146	4.587	118.8188632	31.8848702	7.40	0.13	-0.14	-0.02
672027.804	3529117.046	4.586	118.8188555	31.8848694	7.56	0.13	-0.12	-0.02
672027.440	3529116.996	4.585	118.8188517	31.8848690	7.58	0.13	-0.12	-0.02
672027.077	3529116.946	4.585	118.8188478	31.8848686	7.58	0.13	-0.11	-0.02
672026.714	3529116.894	4.584	118.8188440	31.8848682	7.60	0.13	-0.11	-0.02
672026.350	3529116.843	4.583	118.8188401	31.8848678	7.60	0.13	-0.10	-0.02
672025.983	3529116.791	4.583	118.8188362	31.8848673	7.60	0.13	-0.10	-0.02
672025.615	3529116.738	4.582	118.8188324	31.8848669	7.60	0.13	-0.09	-0.01
672025.247	3529116.687	4.582	118.8188285	31.8848665	7.70	0.12	-0.09	-0.01
672024.879	3529116.635	4.581	118.8188245	31.8848661	7.71	0.12	-0.08	-0.01
672024.508	3529116.581	4.580	118.8188206	31.8848657	7.73	0.12	-0.08	-0.01
672024.135	3529116.527	4.580	118.8188167	31.8848652	7.75	0.12	-0.07	-0.01
672023.388	3529116.418	4.579	118.8188087	31.8848644	7.77	0.12	-0.07	-0.01
672023.013	3529116.364	4.578	118.8188048	31.8848639	7.78	0.12	-0.06	-0.01
672022.257	3529116.253	4.578	118.8187968	31.8848630	7.90	0.04	-0.06	-0.01
672021.879	3529116.197	4.577	118.8187928	31.8848626	7.91	0.03	-0.06	-0.01
672021.501	3529116.140	4.577	118.8187888	31.8848621	7.91	0.01	-0.05	-0.01
672021.124	3529116.083	4.577	118.8187848	31.8848617	7.92	-0.00	-0.05	-0.01
672020.746	3529116.028	4.578	118.8187807	31.8848612	7.92	-0.03	-0.04	-0.01
672020.368	3529115.970	4.578	118.8187767	31.8848608	7.93	-0.04	-0.04	-0.01
672019.605	3529115.855	4.578	118.8187686	31.8848599	8.04	-0.06	-0.04	-0.01
672019.220	3529115.796	4.578	118.8187645	31.8848594	8.05	-0.06	-0.03	-0.01
672018.833	3529115.739	4.578	118.8187605	31.8848589	8.05	-0.06	-0.03	-0.01
672018.445	3529115.682	4.578	118.8187564	31.8848585	8.06	-0.06	-0.03	-0.01
672018.057	3529115.624	4.577	118.8187523	31.8848580	8.06	-0.06	-0.03	-0.01
672017.668	3529115.567	4.577	118.8187481	31.8848576	8.08	-0.06	-0.02	-0.01
672017.279	3529115.510	4.577	118.8187440	31.8848571	8.08	-0.06	-0.02	-0.01
672016.890	3529115.453	4.577	118.8187399	31.8848566	8.20	-0.06	-0.02	-0.01
672016.499	3529115.396	4.577	118.8187357	31.8848562	8.21	-0.06	-0.02	-0.01
672016.106	3529115.338	4.577	118.8187316	31.8848557	8.22	-0.06	-0.02	-0.01
672015.711	3529115.279	4.577	118.8187274	31.8848552	8.22	-0.06	-0.01	-0.01
672014.921	3529115.160	4.577	118.8187190	31.8848543	8.22	-0.06	-0.01	-0.01
672014.524	3529115.101	4.577	118.8187148	31.8848538	8.23	-0.06	-0.02	-0.01
672013.729	3529114.984	4.577	118.8187064	31.8848529	8.34	-0.06	-0.02	-0.01
672013.331	3529114.925	4.577	118.8187022	31.8848524	8.35	-0.06	-0.02	-0.01
672012.934	3529114.866	4.577	118.8186980	31.8848519	8.36	-0.06	-0.02	-0.01
672012.536	3529114.809	4.577	118.8186938	31.8848515	8.36	-0.06	-0.02	-0.01
672012.137	3529114.750	4.577	118.8186896	31.8848510	8.38	-0.06	-0.02	-0.01
672011.737	3529114.691	4.577	118.8186853	31.8848505	8.38	-0.04	-0.02	-0.01
672010.936	3529114.573	4.577	118.8186768	31.8848496	8.44	-0.04	-0.03	-0.01
672010.537	3529114.514	4.577	118.8186726	31.8848491	8.43	-0.04	-0.03	-0.01
672010.140	3529114.457	4.577	118.8186684	31.8848486	8.43	-0.04	-0.03	-0.01
672009.741	3529114.400	4.577	118.8186641	31.8848482	8.43	-0.04	-0.03	-0.01
672009.341	3529114.342	4.577	118.8186599	31.8848477	8.43	-0.04	-0.03	-0.01
672008.941	3529114.285	4.577	118.8186557	31.8848473	8.44	-0.04	-0.04	-0.01
672008.542	3529114.227	4.577	118.8186514	31.8848468	8.45	-0.04	-0.04	-0.01
672008.143	3529114.169	4.577	118.8186472	31.8848463	8.46	-0.01	-0.04	-0.01
672007.743	3529114.110	4.577	118.8186430	31.8848458	8.45	-0.01	-0.04	-0.01
672007.342	3529114.050	4.577	118.8186387	31.8848454	8.46	-0.01	-0.04	-0.01
672006.941	3529113.990	4.577	118.8186345	31.8848449	8.45	-0.01	-0.04	-0.01
672006.539	3529113.931	4.577	118.8186302	31.8848444	8.44	-0.01	-0.04	-0.01
672006.137	3529113.871	4.576	118.8186260	31.8848440	8.43	-0.01	-0.04	-0.01
672005.736	3529113.810	4.576	118.8186218	31.8848435	8.43	-0.01	-0.05	-0.01
672004.939	3529113.690	4.576	118.8186133	31.8848425	8.40	0.03	-0.05	-0.01
672004.539	3529113.626	4.576	118.8186091	31.8848420	8.41	0.02	-0.05	-0.01
672004.140	3529113.564	4.575	118.8186049	31.8848415	8.42	0.02	-0.06	-0.01
672003.743	3529113.502	4.575	118.8186007	31.8848410	8.42	0.03	-0.06	-0.01
672003.346	3529113.440	4.575	118.8185964	31.8848405	8.42	0.03	-0.06	-0.01
672002.949	3529113.378	4.575	118.8185922	31.8848400	8.42	0.03	-0.06	-0.01
672002.552	3529113.315	4.574	118.8185880	31.8848395	8.42	0.03	-0.07	-0.01
672001.756	3529113.190	4.574	118.8185796	31.8848385	8.44	0.02	-0.07	-0.01
672001.358	3529113.126	4.574	118.8185753	31.8848380	8.44	0.02	-0.07	-0.01
672000.960	3529113.063	4.573	118.8185711	31.8848375	8.43	0.02	-0.08	-0.01
672000.563	3529112.999	4.573	118.8185669	31.8848370	8.43	0.02	-0.08	-0.01
672000.164	3529112.936	4.573	118.8185627	31.8848365	8.43	0.02	-0.08	-0.01
671999.767	3529112.875	4.573	118.8185585	31.8848360	8.43	0.02	-0.09	-0.01
671998.973	3529112.750	4.572	118.8185501	31.8848350	8.43	0.00	-0.09	-0.01
671998.577	3529112.686	4.572	118.8185458	31.8848344	8.43	0.00	-0.10	-0.01
671998.183	3529112.622	4.572	118.8185416	31.8848339	8.43	0.00	-0.10	-0.01
671997.786	3529112.559	4.572	118.8185374	31.8848334	8.42	0.00	-0.10	-0.01
671997.388	3529112.496	4.572	118.8185332	31.8848329	8.42	0.00	-0.10	-0.01
671996.990	3529112.434	4.572	118.8185290	31.8848324	8.42	-0.00	-0.11	-0.01
671996.590	3529112.371	4.572	118.8185248	31.8848319	8.42	-0.01	-0.11	-0.01
671996.190	3529112.307	4.572	118.8185206	31.8848314	8.37	-0.03	-0.11	-0.01
671995.791	3529112.242	4.572	118.8185163	31.8848309	8.36	-0.03	-0.11	-0.01
671995.392	3529112.180	4.572	118.8185121	31.8848304	8.36	-0.03	-0.11	-0.01
671994.994	3529112.117	4.572	118.8185079	31.8848299	8.35	-0.04	-0.12	-0.01
671994.595	3529112.054	4.572	118.8185037	31.8848294	8.36	-0.04	-0.12	-0.01
671994.198	3529111.993	4.571	118.8184995	31.8848289	8.36	-0.04	-0.12	-0.01
671993.005	3529111.806	4.571	118.8184868	31.8848274	8.39	-0.04	-0.13	-0.01
671992.606	3529111.742	4.571	118.8184826	31.8848269	8.39	-0.04	-0.13	-0.01
671991.806	3529111.616	4.571	118.8184742	31.8848258	8.39	-0.04	-0.14	-0.01
671991.408	3529111.553	4.571	118.8184699	31.8848253	8.39	-0.04	-0.14	-0.01
671990.612	3529111.428	4.571	118.8184615	31.8848243	8.39	-0.04	-0.14	-0.01
671990.214	3529111.365	4.571	118.8184573	31.8848238	8.41	-0.04	-0.15	-0.01
671989.816	3529111.304	4.571	118.8184531	31.8848233	8.41	-0.03	-0.15	-0.01
671989.417	3529111.243	4.571	118.8184488	31.8848228	8.41	-0.03	-0.15	-0.01
671989.017	3529111.181	4.571	118.8184446	31.8848223	8.42	-0.03	-0.15	-0.01
671988.619	3529111.119	4.571	118.8184404	31.8848218	8.41	-0.03	-0.15	-0.01
671988.222	3529111.058	4.571	118.8184362	31.8848213	8.41	-0.03	-0.14	-0.02
671987.825	3529110.997	4.571	118.8184320	31.8848208	8.41	-0.03	-0.14	-0.02
671987.030	3529110.874	4.570	118.8184235	31.8848198	8.43	0.00	-0.13	-0.02
671986.632	3529110.812	4.570	118.8184193	31.8848194	8.43	0.01	-0.13	-0.02
671986.234	3529110.750	4.570	118.8184151	31.8848189	8.43	0.02	-0.13	-0.02
671985.836	3529110.687	4.570	118.8184109	31.8848184	8.43	0.03	-0.12	-0.02
671985.439	3529110.625	4.569	118.8184067	31.8848179	8.43	0.03	-0.12	-0.02
671985.041	3529110.563	4.569	118.8184024	31.8848174	8.44	0.04	-0.11	-0.02
671984.643	3529110.501	4.569	118.8183982	31.8848168	8.43	0.04	-0.11	-0.02
671984.244	3529110.438	4.568	118.8183940	31.8848163	8.41	0.08	-0.11	-0.02
671983.845	3529110.375	4.568	118.8183898	31.8848158	8.40	0.08	-0.11	-0.02
671983.447	3529110.312	4.568	118.8183856	31.8848153	8.39	0.09	-0.10	-0.02
671983.049	3529110.248	4.567	118.8183814	31.8848148	8.39	0.09	-0.10	-0.02
671982.651	3529110.185	4.567	118.8183771	31.8848143	8.39	0.09	-0.09	-0.02
671982.254	3529110.122	4.566	118.8183729	31.8848138	8.39	0.09	-0.09	-0.02
671981.060	3529109.930	4.565	118.8183603	31.8848123	8.40	0.08	-0.08	-0.01
671980.662	3529109.865	4.565	118.8183561	31.8848117	8.41	0.08	-0.08	-0.01
671980.265	3529109.801	4.565	118.8183519	31.8848112	8.41	0.08	-0.08	-0.01
671979.869	3529109.738	4.564	118.8183477	31.8848107	8.40	0.08	-0.08	-0.01
671979.474	3529109.673	4.564	118.8183434	31.8848102	8.40	0.08	-0.07	-0.01
671979.077	3529109.608	4.563	118.8183392	31.8848096	8.40	0.08	-0.07	-0.01
671978.283	3529109.479	4.562	118.8183308	31.8848086	8.39	0.07	-0.07	-0.01
671977.886	3529109.414	4.562	118.8183266	31.8848081	8.39	0.07	-0.06	-0.01
671977.489	3529109.347	4.562	118.8183224	31.8848075	8.39	0.07	-0.06	-0.01
671977.092	3529109.280	4.561	118.8183182	31.8848070	8.39	0.07	-0.06	-0.01
671976.694	3529109.215	4.561	118.8183140	31.8848065	8.40	0.07	-0.06	-0.01
671976.299	3529109.150	4.561	118.8183098	31.8848059	8.39	0.06	-0.05	-0.01
671975.904	3529109.084	4.561	118.8183056	31.8848054	8.39	0.06	-0.05	-0.01
671975.508	3529109.018	4.560	118.8183014	31.8848049	8.39	0.00	-0.05	-0.01
671975.112	3529108.951	4.560	118.8182972	31.8848043	8.39	-0.01	-0.05	-0.01
671974.717	3529108.885	4.560	118.8182930	31.8848038	8.39	-0.02	-0.05	-0.01
671974.323	3529108.819	4.560	118.8182888	31.8848033	8.38	-0.04	-0.05	-0.01
671973.927	3529108.752	4.560	118.8182847	31.8848027	8.37	-0.05	-0.05	-0.01
671973.531	3529108.684	4.560	118.8182805	31.8848022	8.37	-0.05	-0.05	-0.01
671972.346	3529108.482	4.561	118.8182679	31.8848005	8.34	-0.06	-0.05	-0.01
671971.951	3529108.415	4.561	118.8182637	31.8848000	8.35	-0.06	-0.05	-0.00
671971.556	3529108.348	4.561	118.8182596	31.8847994	8.36	-0.06	-0.05	-0.00
671970.769	3529108.214	4.561	118.8182512	31.8847983	8.35	-0.07	-0.05	-0.00
671970.374	3529108.147	4.561	118.8182470	31.8847978	8.35	-0.07	-0.05	-0.00
671969.582	3529108.011	4.561	118.8182386	31.8847967	8.36	-0.08	-0.05	-0.00
671969.187	3529107.944	4.561	118.8182344	31.8847962	8.35	-0.08	-0.06	-0.00
671968.791	3529107.877	4.561	118.8182303	31.8847956	8.35	-0.08	-0.06	-0.00
671968.396	3529107.810	4.561	118.8182261	31.8847951	8.35	-0.08	-0.06	-0.00
671968.001	3529107.743	4.561	118.8182219	31.8847945	8.36	-0.08	-0.06	-0.00
671967.607	3529107.676	4.562	118.8182177	31.8847940	8.36	-0.09	-0.07	-0.00
671967.214	3529107.609	4.562	118.8182135	31.8847934	8.37	-0.09	-0.07	-0.00
671966.819	3529107.542	4.562	118.8182093	31.8847929	8.39	-0.11	-0.07	-0.00
671966.424	3529107.475	4.562	118.8182051	31.8847923	8.39	-0.11	-0.07	-0.00
671966.028	3529107.407	4.563	118.8182009	31.8847918	8.39	-0.11	-0.07	-0.00
671965.634	3529107.342	4.563	118.8181968	31.8847913	8.38	-0.11	-0.07	-0.00
671965.241	3529107.278	4.563	118.8181926	31.8847908	8.38	-0.11	-0.07	-0.00
671964.845	3529107.213	4.563	118.8181884	31.8847902	8.38	-0.11	-0.07	-0.00
671964.450	3529107.148	4.564	118.8181842	31.8847897	8.38	-0.11	-0.07	-0.00
671964.054	3529107.083	4.564	118.8181800	31.8847892	8.37	-0.11	-0.07	-0.00
671963.657	3529107.019	4.564	118.8181758	31.8847887	8.36	-0.11	-0.07	-0.00
671963.261	3529106.954	4.564	118.8181716	31.8847882	8.37	-0.11	-0.08	-0.00
671962.865	3529106.889	4.565	118.8181674	31.8847876	8.37	-0.11	-0.08	-0.00
671962.075	3529106.760	4.565	118.8181590	31.8847866	8.36	-0.11	-0.08	-0.00
671961.680	3529106.696	4.565	118.8181549	31.8847861	8.36	-0.11	-0.08	-0.00
671961.285	3529106.632	4.566	118.8181507	31.8847856	8.35	-0.11	-0.09	-0.00
671960.494	3529106.507	4.566	118.8181423	31.8847846	8.35	-0.11	-0.09	-0.00
671960.099	3529106.446	4.566	118.8181381	31.8847841	8.35	-0.11	-0.09	-0.00
671959.703	3529106.384	4.567	118.8181339	31.8847836	8.35	-0.11	-0.09	-0.00
671959.308	3529106.322	4.567	118.8181297	31.8847831	8.34	-0.11	-0.09	-0.00
671958.912	3529106.259	4.567	118.8181256	31.8847826	8.35	-0.11	-0.09	-0.00
671958.517	3529106.197	4.567	118.8181214	31.8847821	8.35	-0.11	-0.09	-0.00
671957.727	3529106.073	4.568	118.8181130	31.8847810	8.36	-0.11	-0.09	-0.00
671957.331	3529106.011	4.568	118.8181088	31.8847805	8.36	-0.11	-0.10	-0.00
671956.936	3529105.949	4.568	118.8181046	31.8847800	8.36	-0.11	-0.10	-0.00
671956.541	3529105.886	4.569	118.8181004	31.8847795	8.36	-0.11	-0.10	-0.00
671956.146	3529105.824	4.569	118.8180962	31.8847790	8.36	-0.11	-0.10	-0.00
671955.751	3529105.763	4.569	118.8180921	31.8847785	8.35	-0.11	-0.10	-0.00
671955.357	3529105.701	4.570	118.8180879	31.8847780	8.35	-0.11	-0.10	-0.00
671954.965	3529105.639	4.570	118.8180837	31.8847775	8.29	-0.11	-0.10	-0.00
671954.575	3529105.578	4.570	118.8180796	31.8847770	8.28	-0.11	-0.10	-0.00
671954.188	3529105.518	4.570	118.8180755	31.8847765	8.27	-0.11	-0.10	-0.00
671953.804	3529105.460	4.570	118.8180715	31.8847761	8.26	-0.11	-0.10	-0.00
671953.424	3529105.401	4.570	118.8180674	31.8847756	8.23	-0.11	-0.10	-0.00
671953.046	3529105.340	4.571	118.8180634	31.8847751	8.20	-0.11	-0.09	-0.00
671952.671	3529105.280	4.571	118.8180594	31.8847746	8.19	-0.11	-0.09	-0.00
671952.295	3529105.221	4.571	118.8180555	31.8847741	7.93	-0.11	-0.09	-0.00
671951.922	3529105.162	4.572	118.8180515	31.8847737	7.93	-0.11	-0.09	-0.00
671951.549	3529105.103	4.572	118.8180476	31.8847732	7.91	-0.11	-0.09	-0.00
671951.177	3529105.044	4.572	118.8180436	31.8847727	7.91	-0.11	-0.09	-0.00
671950.806	3529104.986	4.572	118.8180397	31.8847723	7.90	-0.11	-0.09	-0.00
671950.066	3529104.873	4.573	118.8180318	31.8847713	7.89	-0.11	-0.08	-0.00
671949.698	3529104.817	4.573	118.8180279	31.8847709	7.87	-0.11	-0.08	-0.00
671948.965	3529104.705	4.574	118.8180202	31.8847700	7.79	-0.10	-0.07	-0.00
671948.600	3529104.649	4.574	118.8180163	31.8847695	7.78	-0.10	-0.07	-0.00
671948.235	3529104.594	4.574	118.8180124	31.8847691	7.76	-0.10	-0.07	-0.00
671947.872	3529104.539	4.574	118.8180086	31.8847687	7.76	-0.10	-0.07	-0.00
671947.509	3529104.485	4.575	118.8180047	31.8847682	7.75	-0.10	-0.07	-0.00
671947.147	3529104.431	4.575	118.8180009	31.8847678	7.74	-0.10	-0.07	-0.00
671946.787	3529104.377	4.575	118.8179971	31.8847673	7.73	-0.10	-0.07	-0.00
671946.429	3529104.323	4.575	118.8179933	31.8847669	7.59	-0.10	-0.07	-0.00
671946.072	3529104.269	4.575	118.8179895	31.8847665	7.58	-0.10	-0.07	-0.00
671945.718	3529104.216	4.576	118.8179858	31.8847660	7.56	-0.10	-0.07	-0.00
671945.365	3529104.162	4.576	118.8179820	31.8847656	7.54	-0.10	-0.07	-0.00
671945.016	3529104.110	4.576	118.8179784	31.8847652	7.54	-0.10	-0.07	-0.00
671944.674	3529104.059	4.576	118.8179748	31.8847648	7.53	-0.10	-0.08	-0.00
671944.339	3529104.009	4.577	118.8179712	31.8847644	7.53	-0.10	-0.08	-0.00
671943.691	3529103.911	4.577	118.8179644	31.8847636	6.99	-0.09	-0.08	-0.00
671943.377	3529103.864	4.577	118.8179610	31.8847632	6.94	-0.09	-0.08	-0.00
671943.069	3529103.818	4.578	118.8179578	31.8847629	6.88	-0.09	-0.08	-0.00
671942.770	3529103.772	4.578	118.8179546	31.8847625	6.83	-0.09	-0.09	-0.00
671942.477	3529103.728	4.578	118.8179515	31.8847622	6.77	-0.09	-0.09	-0.00
671942.189	3529103.684	4.578	118.8179485	31.8847618	6.72	-0.09	-0.09	-0.01
671941.909	3529103.641	4.579	118.8179455	31.8847615	6.65	-0.09	-0.09	-0.01
671941.636	3529103.600	4.579	118.8179426	31.8847611	5.94	-0.08	-0.09	-0.01
671941.371	3529103.561	4.579	118.8179398	31.8847608	5.88	-0.08	-0.10	-0.01
671941.113	3529103.523	4.579	118.8179371	31.8847605	5.82	-0.08	-0.10	-0.00
671940.861	3529103.484	4.579	118.8179344	31.8847602	5.76	-0.08	-0.10	-0.00
671940.615	3529103.447	4.579	118.8179318	31.8847599	5.70	-0.07	-0.10	-0.00
671940.375	3529103.410	4.579	118.8179292	31.8847596	5.63	-0.07	-0.10	-0.00
671940.139	3529103.374	4.579	118.8179267	31.8847593	5.58	-0.07	-0.10	-0.00
671939.681	3529103.307	4.579	118.8179219	31.8847588	4.97	-0.03	-0.10	-0.00
671939.458	3529103.274	4.579	118.8179195	31.8847585	4.90	-0.03	-0.10	-0.00
671939.022	3529103.209	4.579	118.8179149	31.8847580	4.86	-0.03	-0.10	-0.00
671938.807	3529103.175	4.580	118.8179126	31.8847577	4.81	-0.03	-0.11	-0.00
671938.592	3529103.141	4.580	118.8179103	31.8847575	4.77	-0.03	-0.11	-0.00
671938.377	3529103.109	4.579	118.8179080	31.8847572	4.75	-0.02	-0.11	-0.00
671937.953	3529103.048	4.579	118.8179035	31.8847567	4.53	-0.03	-0.11	-0.00
671937.743	3529103.019	4.579	118.8179013	31.8847565	4.50	-0.03	-0.11	-0.00
671937.329	3529102.961	4.579	118.8178969	31.8847560	4.48	-0.03	-0.11	-0.00
671937.125	3529102.932	4.579	118.8178948	31.8847558	4.46	-0.03	-0.10	-0.00
671936.923	3529102.903	4.579	118.8178926	31.8847556	4.44	-0.03	-0.10	-0.00
671936.527	3529102.845	4.579	118.8178884	31.8847551	4.24	-0.05	-0.10	-0.00
671936.333	3529102.817	4.579	118.8178864	31.8847549	4.21	-0.05	-0.10	-0.00
671936.144	3529102.790	4.579	118.8178844	31.8847547	4.18	-0.05	-0.10	-0.00
671935.957	3529102.764	4.579	118.8178824	31.8847545	4.17	-0.05	-0.10	-0.00
671935.773	3529102.738	4.579	118.8178804	31.8847543	4.14	-0.05	-0.10	-0.01
671935.592	3529102.713	4.579	118.8178785	31.8847541	4.11	-0.05	-0.10	-0.01
671935.415	3529102.688	4.579	118.8178767	31.8847539	3.76	-0.05	-0.09	-0.01
671935.241	3529102.663	4.580	118.8178748	31.8847537	3.74	-0.05	-0.09	-0.01
671935.070	3529102.639	4.580	118.8178730	31.8847535	3.72	-0.05	-0.09	-0.01
671934.902	3529102.616	4.580	118.8178712	31.8847533	3.69	-0.05	-0.09	-0.01
671934.738	3529102.594	4.580	118.8178695	31.8847531	3.66	-0.05	-0.09	-0.01
671934.421	3529102.547	4.580	118.8178661	31.8847527	3.64	-0.05	-0.09	-0.01
671934.267	3529102.524	4.580	118.8178645	31.8847525	3.61	-0.05	-0.09	-0.01
671933.970	3529102.478	4.580	118.8178613	31.8847522	3.25	-0.03	-0.09	-0.01
671933.826	3529102.456	4.580	118.8178598	31.8847520	3.22	-0.02	-0.10	-0.01
671933.685	3529102.435	4.580	118.8178583	31.8847518	3.19	-0.03	-0.10	-0.01
671933.547	3529102.414	4.580	118.8178569	31.8847517	3.16	-0.03	-0.10	-0.01
671933.412	3529102.393	4.580	118.8178554	31.8847515	3.14	-0.02	-0.10	-0.01
671933.280	3529102.373	4.580	118.8178540	31.8847513	3.12	-0.01	-0.10	-0.01
671933.027	3529102.335	4.580	118.8178514	31.8847510	2.78	0.12	-0.10	-0.01
671932.905	3529102.317	4.580	118.8178501	31.8847509	2.74	0.13	-0.10	-0.01
671932.786	3529102.300	4.580	118.8178488	31.8847508	2.73	0.13	-0.10	-0.01
671932.670	3529102.282	4.579	118.8178476	31.8847506	2.69	0.14	-0.10	-0.01
671932.557	3529102.265	4.579	118.8178464	31.8847505	2.67	0.14	-0.10	-0.01
671932.448	3529102.248	4.579	118.8178452	31.8847503	2.64	0.15	-0.10	-0.01
671932.340	3529102.231	4.579	118.8178441	31.8847502	2.61	0.15	-0.10	-0.01
671932.234	3529102.215	4.579	118.8178430	31.8847501	2.31	0.16	-0.10	-0.01
671932.130	3529102.199	4.578	118.8178419	31.8847499	2.29	0.16	-0.10	-0.01
671932.027	3529102.183	4.579	118.8178408	31.8847498	2.27	0.16	-0.10	-0.01
671931.925	3529102.167	4.578	118.8178397	31.8847497	2.24	0.15	-0.10	-0.01
671931.724	3529102.136	4.578	118.8178376	31.8847494	2.22	0.15	-0.10	-0.01
671931.625	3529102.119	4.578	118.8178365	31.8847493	2.20	0.15	-0.10	-0.02
671931.526	3529102.103	4.578	118.8178354	31.8847492	2.09	0.31	-0.10	-0.02
671931.329	3529102.072	4.577	118.8178334	31.8847489	2.09	0.34	-0.11	-0.03
671931.231	3529102.056	4.576	118.8178323	31.8847488	2.08	0.36	-0.11	-0.03
671931.132	3529102.040	4.576	118.8178313	31.8847487	2.07	0.41	-0.11	-0.03
671931.033	3529102.024	4.575	118.8178302	31.8847485	2.07	0.48	-0.11	-0.03
671930.933	3529102.008	4.574	118.8178291	31.8847484	2.07	0.52	-0.11	-0.03
671930.732	3529101.975	4.572	118.8178270	31.8847481	2.09	0.87	-0.11	-0.03
671930.631	3529101.958	4.571	118.8178259	31.8847480	2.09	0.89	-0.12	-0.04
671930.530	3529101.940	4.570	118.8178249	31.8847478	2.10	0.91	-0.12	-0.04
671930.427	3529101.922	4.569	118.8178238	31.8847477	2.10	0.96	-0.12	-0.05
671930.324	3529101.905	4.568	118.8178227	31.8847476	2.10	1.01	-0.12	-0.05
671930.221	3529101.887	4.567	118.8178216	31.8847474	2.11	1.04	-0.12	-0.05
671930.117	3529101.870	4.565	118.8178205	31.8847473	2.12	1.47	-0.12	-0.06
671930.012	3529101.853	4.564	118.8178194	31.8847471	2.18	1.51	-0.12	-0.06
671929.907	3529101.836	4.562	118.8178182	31.8847470	2.18	1.59	-0.12	-0.06
671929.802	3529101.819	4.560	118.8178171	31.8847469	2.18	1.61	-0.13	-0.07
671929.696	3529101.802	4.558	118.8178160	31.8847467	2.20	1.62	-0.13	-0.07
671929.484	3529101.766	4.554	118.8178138	31.8847464	2.20	1.65	-0.13	-0.08
671929.378	3529101.747	4.552	118.8178126	31.8847463	2.20	1.67	-0.13	-0.08
671929.164	3529101.711	4.547	118.8178104	31.8847460	2.24	2.49	-0.13	-0.10
671929.057	3529101.692	4.543	118.8178092	31.8847458	2.24	2.66	-0.13	-0.10
671928.950	3529101.673	4.540	118.8178081	31.8847457	2.25	2.72	-0.14	-0.11
671928.843	3529101.653	4.537	118.8178070	31.8847455	2.25	2.78	-0.14	-0.11
671928.736	3529101.633	4.534	118.8178058	31.8847453	2.25	2.81	-0.14	-0.12
671928.629	3529101.612	4.530	118.8178047	31.8847452	2.25	2.85	-0.15	-0.12
671928.416	3529101.571	4.522	118.8178024	31.8847448	2.25	3.67	-0.15	-0.12
671928.310	3529101.549	4.518	118.8178013	31.8847446	2.26	3.71	-0.15	-0.14
671928.203	3529101.527	4.514	118.8178002	31.8847445	2.26	3.74	-0.16	-0.15
671928.097	3529101.505	4.509	118.8177990	31.8847443	2.26	3.84	-0.16	-0.15
671927.990	3529101.481	4.505	118.8177979	31.8847441	2.26	4.01	-0.16	-0.15
671927.885	3529101.458	4.500	118.8177968	31.8847439	2.26	4.13	-0.17	-0.16
671927.674	3529101.411	4.489	118.8177946	31.8847435	2.26	5.10	-0.17	-0.16
671927.569	3529101.387	4.484	118.8177935	31.8847433	2.25	5.15	-0.18	-0.18
671927.465	3529101.362	4.478	118.8177924	31.8847431	2.25	5.18	-0.18	-0.19
671927.360	3529101.336	4.472	118.8177912	31.8847429	2.25	5.30	-0.18	-0.19
671927.256	3529101.310	4.465	118.8177901	31.8847427	2.24	5.48	-0.19	-0.21
671927.153	3529101.283	4.459	118.8177891	31.8847424	2.24	5.56	-0.19	-0.20
671927.050	3529101.256	4.453	118.8177880	31.8847422	2.23	5.58	-0.20	-0.22
671926.845	3529101.199	4.439	118.8177858	31.8847417	2.22	6.56	-0.20	-0.22
671926.742	3529101.170	4.431	118.8177847	31.8847415	2.22	6.70	-0.21	-0.23
671926.641	3529101.140	4.424	118.8177836	31.8847412	2.22	6.82	-0.21	-0.24
671926.539	3529101.110	4.416	118.8177825	31.8847410	2.22	6.89	-0.21	-0.24
671926.438	3529101.078	4.408	118.8177815	31.8847407	2.22	6.95	-0.22	-0.26
671926.338	3529101.046	4.400	118.8177804	31.8847404	2.22	7.00	-0.22	-0.27
671926.139	3529100.980	4.383	118.8177783	31.8847399	2.21	8.02	-0.22	-0.27
671926.039	3529100.945	4.375	118.8177772	31.8847396	2.21	8.07	-0.23	-0.28
671925.941	3529100.910	4.366	118.8177762	31.8847393	2.21	8.11	-0.23	-0.28
671925.842	3529100.873	4.357	118.8177751	31.8847389	2.21	8.19	-0.24	-0.29
671925.743	3529100.834	4.347	118.8177741	31.8847386	2.21	8.31	-0.24	-0.29
671925.645	3529100.795	4.338	118.8177730	31.8847383	2.20	8.44	-0.24	-0.31
671925.547	3529100.754	4.328	118.8177720	31.8847379	2.20	8.51	-0.25	-0.30
671925.450	3529100.713	4.318	118.8177710	31.8847376	2.19	9.67	-0.25	-0.32
671925.354	3529100.671	4.308	118.8177699	31.8847372	2.19	9.74	-0.26	-0.31
671925.258	3529100.629	4.297	118.8177689	31.8847368	2.18	9.79	-0.26	-0.33
671925.162	3529100.585	4.287	118.8177679	31.8847365	2.18	9.83	-0.26	-0.34
671924.975	3529100.494	4.265	118.8177659	31.8847357	2.18	9.99	-0.27	-0.34
671924.882	3529100.447	4.254	118.8177649	31.8847353	2.18	10.07	-0.27	-0.36
671924.698	3529100.350	4.232	118.8177629	31.8847344	2.16	11.13	-0.27	-0.35
671924.608	3529100.301	4.220	118.8177619	31.8847340	2.15	11.22	-0.27	-0.37
671924.518	3529100.251	4.208	118.8177610	31.8847336	2.15	11.26	-0.27	-0.40
671924.428	3529100.200	4.196	118.8177600	31.8847331	2.15	11.30	-0.26	-0.40
671924.340	3529100.148	4.184	118.8177591	31.8847327	2.15	11.40	-0.27	-0.39
671924.253	3529100.095	4.172	118.8177582	31.8847322	2.15	11.50	-0.27	-0.42
671924.080	3529099.987	4.146	118.8177563	31.8847313	2.12	12.80	-0.26	-0.41
671923.996	3529099.932	4.133	118.8177554	31.8847308	2.12	12.84	-0.26	-0.43
671923.833	3529099.820	4.106	118.8177537	31.8847298	2.10	12.95	-0.26	-0.45
671923.676	3529099.704	4.079	118.8177520	31.8847288	2.10	13.02	-0.26	-0.47
671923.522	3529099.584	4.050	118.8177503	31.8847277	2.07	14.55	-0.26	-0.46
671923.373	3529099.461	4.021	118.8177487	31.8847267	2.07	14.63	-0.25	-0.51
671923.231	3529099.336	3.991	118.8177472	31.8847255	2.07	14.75	-0.26	-0.52
671923.093	3529099.209	3.961	118.8177457	31.8847244	2.05	14.99	-0.25	-0.54
671922.959	3529099.077	3.929	118.8177443	31.8847232	2.03	16.19	-0.25	-0.54
671922.833	3529098.942	3.897	118.8177429	31.8847220	2.01	16.42	-0.25	-0.58
671922.712	3529098.804	3.864	118.8177416	31.8847208	2.01	16.61	-0.25	-0.60
671922.538	3529098.592	3.813	118.8177397	31.8847189	1.97	17.90	-0.25	-0.58
671922.430	3529098.446	3.778	118.8177386	31.8847176	1.97	18.00	-0.25	-0.60
671922.331	3529098.295	3.742	118.8177375	31.8847163	1.97	18.26	-0.26	-0.62
671922.239	3529098.141	3.707	118.8177364	31.8847149	1.95	18.34	-0.26	-0.67
671922.152	3529097.984	3.670	118.8177355	31.8847136	1.95	19.29	-0.27	-0.66
671922.071	3529097.825	3.631	118.8177346	31.8847122	1.94	19.50	-0.27	-0.68
671921.998	3529097.665	3.593	118.8177338	31.8847107	1.94	19.66	-0.27	-0.71
671921.898	3529097.418	3.535	118.8177326	31.8847085	1.92	20.15	-0.28	-0.72
671921.838	3529097.253	3.497	118.8177320	31.8847071	1.91	20.15	-0.29	-0.74
671921.784	3529097.088	3.460	118.8177314	31.8847056	1.91	20.14	-0.30	-0.76
671921.715	3529096.841	3.405	118.8177306	31.8847034	1.85	20.10	-0.30	-0.74
671921.678	3529096.677	3.369	118.8177302	31.8847020	1.83	20.06	-0.30	-0.76
671921.648	3529096.513	3.334	118.8177298	31.8847005	1.81	20.03	-0.31	-0.77
671921.614	3529096.270	3.281	118.8177294	31.8846983	1.77	19.89	-0.31	-0.79
671921.599	3529096.106	3.247	118.8177292	31.8846969	1.76	19.87	-0.31	-0.80
671921.590	3529095.944	3.212	118.8177290	31.8846954	1.76	19.86	-0.30	-0.82
671921.586	3529095.780	3.177	118.8177289	31.8846939	1.76	19.85	-0.30	-0.84
671921.587	3529095.615	3.142	118.8177289	31.8846925	1.77	19.85	-0.29	-0.83
671921.592	3529095.450	3.107	118.8177289	31.8846910	1.77	19.85	-0.27	-0.85
671921.603	3529095.284	3.071	118.8177290	31.8846895	1.77	19.85	-0.26	-0.84
671921.631	3529095.035	3.018	118.8177292	31.8846872	1.81	19.86	-0.24	-0.85
671921.656	3529094.870	2.982	118.8177295	31.8846857	1.81	19.86	-0.21	-0.87
671921.687	3529094.705	2.946	118.8177298	31.8846842	1.82	19.86	-0.19	-0.86
671921.722	3529094.541	2.909	118.8177301	31.8846827	1.82	19.86	-0.17	-0.85
671921.764	3529094.378	2.873	118.8177305	31.8846813	1.83	19.86	-0.12	-0.86
671921.812	3529094.217	2.837	118.8177310	31.8846798	1.83	19.86	-0.10	-0.85
671921.896	3529093.978	2.782	118.8177318	31.8846776	1.84	19.87	-0.05	-0.87
671921.960	3529093.822	2.746	118.8177325	31.8846762	1.85	19.87	-0.00	-0.87
671922.030	3529093.668	2.710	118.8177332	31.8846748	1.86	19.87	0.04	-0.86
671922.145	3529093.445	2.655	118.8177344	31.8846727	1.86	19.87	0.08	-0.85
671922.271	3529093.230	2.601	118.8177357	31.8846708	1.85	19.88	0.14	-0.85
671922.361	3529093.089	2.564	118.8177366	31.8846695	1.85	19.88	0.21	-0.83
671922.455	3529092.955	2.528	118.8177376	31.8846682	1.84	19.88	0.25	-0.84
671922.553	3529092.824	2.492	118.8177386	31.8846670	1.84	19.88	0.30	-0.83
671922.655	3529092.698	2.457	118.8177396	31.8846659	1.82	19.88	0.34	-0.83
671922.759	3529092.574	2.421	118.8177407	31.8846647	1.82	19.88	0.39	-0.81
671922.869	3529092.457	2.386	118.8177419	31.8846637	1.81	19.88	0.43	-0.80
671923.041	3529092.293	2.333	118.8177437	31.8846622	1.79	19.88	0.47	-0.80
671923.161	3529092.189	2.299	118.8177449	31.8846612	1.79	19.88	0.53	-0.78
671923.284	3529092.090	2.264	118.8177462	31.8846603	1.77	19.88	0.57	-0.76
671923.412	3529091.996	2.229	118.8177476	31.8846594	1.77	19.88	0.58	-0.76
671923.541	3529091.910	2.197	118.8177489	31.8846586	1.74	19.88	0.62	-0.75
671923.667	3529091.833	2.165	118.8177502	31.8846579	1.72	19.88	0.66	-0.73
671923.788	3529091.763	2.134	118.8177515	31.8846572	1.70	19.88	0.69	-0.72
671923.905	3529091.701	2.105	118.8177527	31.8846566	1.50	19.88	0.72	-0.70
671924.019	3529091.649	2.080	118.8177538	31.8846561	1.48	19.90	0.74	-0.69
671924.154	3529091.700	2.060	118.8177551	31.8846561	1.42	19.98	0.67	-0.67
671924.054	3529091.684	2.074	118.8177542	31.8846562	0.00	18.91	0.69	-0.68
671923.957	3529091.648	2.090	118.8177532	31.8846562	0.42	18.91	0.76	-0.70
671923.873	3529091.709	2.112	118.8177523	31.8846567	0.31	19.37	0.72	-0.71
671923.782	3529091.754	2.131	118.8177514	31.8846572	0.12	5.66	0.70	-0.72
671923.694	3529091.805	2.136	118.8177504	31.8846576	0.28	0.41	0.68	-0.71
671923.608	3529091.857	2.136	118.8177495	31.8846581	0.33	-0.65	0.66	-0.70
671923.497	3529091.924	2.133	118.8177484	31.8846588	0.56	-4.82	0.64	-0.69
671923.400	3529091.984	2.127	118.8177474	31.8846593	0.62	-5.59	0.62	-0.67
671923.290	3529092.049	2.117	118.8177462	31.8846599	0.78	-9.65	0.60	-0.64
671923.171	3529092.117	2.104	118.8177450	31.8846606	0.82	-10.57	0.59	-0.62
671923.053	3529092.187	2.086	118.8177437	31.8846612	0.92	-15.23	0.57	-0.59
671922.940	3529092.254	2.068	118.8177426	31.8846618	0.92	-15.85	0.57	-0.56
671922.835	3529092.313	2.048	118.8177414	31.8846623	0.91	-16.38	0.57	-0.54
671922.741	3529092.362	2.029	118.8177405	31.8846628	0.80	-19.09	0.58	-0.50
671922.578	3529092.441	1.993	118.8177387	31.8846635	0.67	-20.92	0.60	-0.46
671922.481	3529092.481	1.969	118.8177377	31.8846639	0.65	-21.16	0.62	-0.42
671922.370	3529092.524	1.943	118.8177366	31.8846643	0.57	-21.45	0.64	-0.40
671922.264	3529092.562	1.918	118.8177354	31.8846647	0.46	-21.85	0.66	-0.36
671922.158	3529092.598	1.892	118.8177343	31.8846650	0.45	-21.88	0.71	-0.33
671922.054	3529092.632	1.867	118.8177332	31.8846653	0.42	-21.34	0.76	-0.30
671921.956	3529092.661	1.846	118.8177322	31.8846656	0.16	-21.71	0.79	-0.27
671921.861	3529092.695	1.822	118.8177312	31.8846659	0.11	-21.85	0.83	-0.24
671921.757	3529092.730	1.797	118.8177301	31.8846663	0.19	-21.83	0.87	-0.22
671921.655	3529092.760	1.772	118.8177290	31.8846666	0.31	-20.82	0.92	-0.19
671921.559	3529092.789	1.751	118.8177280	31.8846668	0.25	-16.80	0.97	-0.16
