672443.374	3528984.904	1.528
672444.882	3528984.969	1.528
672445.777	3528985.035	1.529
672446.334	3528985.040	1.529
672446.747	3528985.040	1.529
672446.869	3528985.039	1.530
672447.283	3528985.030	1.530
672447.515	3528985.053	1.530
672447.837	3528985.085	1.530
672448.178	3528985.120	1.531
672448.324	3528985.134	1.536
672448.613	3528985.158	1.540
672448.797	3528985.174	1.549
672448.944	3528985.185	1.554
672449.150	3528985.198	1.558
672449.677	3528985.202	1.567
672449.893	3528985.202	1.567
672450.264	3528985.204	1.566
672450.478	3528985.204	1.566
672450.791	3528985.208	1.566
672451.191	3528985.221	1.566
672451.396	3528985.227	1.565
672451.504	3528985.231	1.565
672451.605	3528985.233	1.565
672451.864	3528985.233	1.565
672451.965	3528985.232	1.565
672452.059	3528985.180	1.565
672452.149	3528985.132	1.565
672452.349	3528985.134	1.571
672452.531	3528985.135	1.585
672452.643	3528985.135	1.594
672453.045	3528985.123	1.625
672453.321	3528985.102	1.637
672453.450	3528985.089	1.662
672453.619	3528985.073	1.674
672453.753	3528985.057	1.679
672453.946	3528985.034	1.688
672454.212	3528985.001	1.705
672454.441	3528984.972	1.707
672454.674	3528984.941	1.711
672455.224	3528984.867	1.710
672455.332	3528984.853	1.707
672455.852	3528984.789	1.699
672456.029	3528984.768	1.695
672456.203	3528984.751	1.690
672456.622	3528984.708	1.681
672456.761	3528984.695	1.677
672456.926	3528984.679	1.674
672457.068	3528984.668	1.668
672457.206	3528984.665	1.667
672457.332	3528984.667	1.667
672457.228	3528984.641	1.665
672457.047	3528984.660	1.649
672456.903	3528984.674	1.640
672456.731	3528984.688	1.613
672456.373	3528984.705	1.585
672456.257	3528984.707	1.577
672455.816	3528984.711	1.577
672455.553	3528984.717	1.583
672455.358	3528984.722	1.592
672454.843	3528984.742	1.617
672454.646	3528984.750	1.634
672454.375	3528984.763	1.641
672453.714	3528984.804	1.639
672453.558	3528984.813	1.634
672453.397	3528984.820	1.622
672452.556	3528984.829	1.582
672452.390	3528984.823	1.559
672451.996	3528984.807	1.553
672451.637	3528984.795	1.550
672451.322	3528984.784	1.552
672451.211	3528984.781	1.552
672450.828	3528984.765	1.552
672450.728	3528984.770	1.552
672450.832	3528984.756	1.552
672450.946	3528984.759	1.551
672451.112	3528984.764	1.551
672451.241	3528984.769	1.548
672451.447	3528984.778	1.547
672451.693	3528984.788	1.545
672452.380	3528984.819	1.539
672452.555	3528984.828	1.539
672452.738	3528984.835	1.537
672453.617	3528984.867	1.530
672454.142	3528984.889	1.528
672454.360	3528984.899	1.525
672455.037	3528984.933	1.520
672455.749	3528984.971	1.516
672455.996	3528984.986	1.513
672456.752	3528985.036	1.505
672457.400	3528985.081	1.499
672457.939	3528985.125	1.495
672458.218	3528985.152	1.491
672459.064	3528985.230	1.483
672459.352	3528985.260	1.476
672460.378	3528985.391	1.471
672460.681	3528985.431	1.466
672461.597	3528985.556	1.464
672462.230	3528985.646	1.464
672462.555	3528985.693	1.463
672463.893	3528985.863	1.473
672464.772	3528985.960	1.477
672466.240	3528986.105	1.487
672466.622	3528986.134	1.496
672467.007	3528986.161	1.502
672468.590	3528986.264	1.518
672469.415	3528986.307	1.527
672471.112	3528986.371	1.534
672472.377	3528986.403	1.544
672473.459	3528986.429	1.546
672475.260	3528986.457	1.547
672475.724	3528986.469	1.546
672477.849	3528986.523	1.546
672479.559	3528986.583	1.539
672480.310	3528986.613	1.537
672482.359	3528986.694	1.530
672482.878	3528986.716	1.529
672483.932	3528986.759	1.528
672486.111	3528986.852	1.528
672487.227	3528986.904	1.528
672488.652	3528986.966	1.528
672490.405	3528987.045	1.528
672491.006	3528987.067	1.528
672493.132	3528987.152	1.528
672495.634	3528987.264	1.527
672496.590	3528987.309	1.526
672498.528	3528987.405	1.525
672500.187	3528987.483	1.524
672500.862	3528987.516	1.523
672502.911	3528987.618	1.522
672505.041	3528987.733	1.523
672505.763	3528987.770	1.523
672506.491	3528987.806	1.523
672509.460	3528987.961	1.524
672510.595	3528988.027	1.526
672511.731	3528988.099	1.526
672515.188	3528988.304	1.524
672515.971	3528988.353	1.521
672517.152	3528988.424	1.520
672518.746	3528988.520	1.520
672521.168	3528988.661	1.521
672522.388	3528988.731	1.522
672523.203	3528988.779	1.522
672524.831	3528988.883	1.524
672527.685	3528989.055	1.528
672529.727	3528989.153	1.530
672532.993	3528989.299	1.532
672533.803	3528989.333	1.535
672534.617	3528989.365	1.536
672537.026	3528989.463	1.537
672539.425	3528989.567	1.539
672541.418	3528989.653	1.540
672543.035	3528989.724	1.541
672545.093	3528989.824	1.542
672547.966	3528989.961	1.542
672550.427	3528990.078	1.542
672551.632	3528990.125	1.541
672554.033	3528990.217	1.541
672557.629	3528990.360	1.538
672559.607	3528990.443	1.537
672562.603	3528990.581	1.532
672562.971	3528990.599	1.532
672564.421	3528990.672	1.529
672568.221	3528990.875	1.527
672568.886	3528990.912	1.527
672571.123	3528991.030	1.528
672572.348	3528991.093	1.529
672572.946	3528991.126	1.529
672573.811	3528991.175	1.531
672577.326	3528991.367	1.532
672579.007	3528991.461	1.533
672579.393	3528991.483	1.534
672579.766	3528991.505	1.534
672580.488	3528991.544	1.534
672582.088	3528991.623	1.535
672583.193	3528991.667	1.536
672584.130	3528991.701	1.536
672584.507	3528991.717	1.536
672585.803	3528991.775	1.536
672587.082	3528991.843	1.533
672588.020	3528991.894	1.532
672590.065	3528992.036	1.529
672591.149	3528992.124	1.529
672592.888	3528992.270	1.532
672593.306	3528992.307	1.534
672593.688	3528992.337	1.536
672595.200	3528992.435	1.539
672595.950	3528992.474	1.541
672598.002	3528992.558	1.541
672598.944	3528992.614	1.539
672599.886	3528992.682	1.537
672601.017	3528992.756	1.531
672601.397	3528992.771	1.528
672602.729	3528992.826	1.525
672603.872	3528992.891	1.514
672604.253	3528992.916	1.499
672604.444	3528992.931	1.494
672605.415	3528993.036	1.479
672606.961	3528993.248	1.442
672607.346	3528993.311	1.437
672607.728	3528993.376	1.424
672609.441	3528993.708	1.376
672609.825	3528993.795	1.364
672610.209	3528993.885	1.346
672611.363	3528994.181	1.299
672612.681	3528994.607	1.245
672613.604	3528994.959	1.218
672614.858	3528995.531	1.108
672615.204	3528995.709	1.096
672615.546	3528995.898	1.073
672617.047	3528996.835	1.012
672617.668	3528997.309	0.904
672618.257	3528997.818	0.858
672619.193	3528998.789	0.720
672619.435	3528999.084	0.673
672619.554	3528999.233	0.657
672620.490	3529000.654	0.596
672620.935	3529001.499	0.473
672621.114	3529001.849	0.432
672621.766	3529003.301	0.349
672622.052	3529004.050	0.305
672622.183	3529004.429	0.294
672622.358	3529005.006	0.250
672622.673	3529006.895	0.154
672622.739	3529007.663	0.116
672622.795	3529009.419	0.054
672622.779	3529010.021	0.036
672622.660	3529012.047	6.272
672622.613	3529012.459	6.258
672622.560	3529012.872	6.254
672622.462	3529014.325	6.240
672622.430	3529014.746	6.223
672622.370	3529015.585	6.216
672622.308	3529016.424	6.206
672622.134	3529018.107	6.187
672622.054	3529018.743	6.181
672621.905	3529019.799	6.171
672621.706	3529021.065	6.148
672621.597	3529021.700	6.136
672621.425	3529022.548	6.126
672621.029	3529024.241	6.089
672620.815	3529025.082	6.080
672620.525	3529026.124	6.054
672620.102	3529027.571	6.012
672619.905	3529028.185	5.996
672619.699	3529028.796	5.980
672619.115	3529030.408	5.931
672618.815	3529031.201	5.909
672618.164	3529032.761	5.870
672617.904	3529033.338	5.854
672617.723	3529033.720	5.838
672616.873	3529035.427	5.814
672616.573	3529035.988	5.786
672616.471	3529036.175	5.782
672615.957	3529037.101	5.765
672615.301	3529038.772	5.749
672615.245	3529038.960	5.747
672614.683	3529040.642	5.740
672614.414	3529041.390	5.742
672614.193	3529041.763	5.742
672613.971	3529042.137	5.743
672612.826	3529044.067	5.740
672611.855	3529045.647	5.739
672611.260	3529046.636	5.748
672611.016	3529047.044	5.750
672610.771	3529047.447	5.754
672610.033	3529048.691	5.769
672609.314	3529049.963	5.797
672608.283	3529051.939	5.813
672607.850	3529052.859	5.857
672607.635	3529053.323	5.869
672607.124	3529054.504	5.899
672606.388	3529056.448	5.960
672606.301	3529056.698	5.967
672606.046	3529057.447	5.981
672605.449	3529059.529	6.053
672605.146	3529060.871	6.079
672605.037	3529061.416	6.104
672604.721	3529063.367	6.173
672604.595	3529064.512	6.209
672604.480	3529066.571	6.236
672604.514	3529068.989	0.057
672604.683	3529070.854	0.086
672604.926	3529072.728	0.138
672605.030	3529073.355	0.189
672605.338	3529074.938	0.198
672605.886	3529077.166	0.247
672606.159	3529078.125	0.300
672606.356	3529078.765	0.315
672607.247	3529081.342	0.362
672607.737	3529082.648	0.386
672608.533	3529084.616	0.391
672609.245	3529086.276	0.420
672609.844	3529087.616	0.437
672610.306	3529088.622	0.443
672610.787	3529089.629	0.450
672611.904	3529091.987	0.451
672612.540	3529093.335	0.452
672613.658	3529095.698	0.447
672614.283	3529097.048	0.438
672614.897	3529098.402	0.435
672615.201	3529099.081	0.424
672616.644	3529102.554	0.387
672617.323	3529104.366	0.369
672618.545	3529108.114	0.300
672618.975	3529109.655	0.280
672619.701	3529112.773	0.204
672620.193	3529115.542	0.183
672620.500	3529117.931	0.107
672620.582	3529118.730	0.100
672620.647	3529119.528	0.077
672620.772	3529122.721	0.040
672620.798	3529124.321	0.012
672620.794	3529125.917	6.281
672620.674	3529129.916	6.253
672620.655	3529130.314	6.250
672620.613	3529131.113	6.243
672620.349	3529135.118	6.229
672620.293	3529135.917	6.221
672620.074	3529138.716	6.217
672619.879	3529141.116	6.214
672619.782	3529142.318	6.214
672619.517	3529145.525	6.213
672619.351	3529147.533	6.215
672619.222	3529149.137	6.216
672618.950	3529152.737	6.221
672618.869	3529153.938	6.224
672618.820	3529154.737	6.227
672618.653	3529157.539	6.236
672618.481	3529160.352	6.238
672618.245	3529164.381	6.242
672618.176	3529165.590	6.245
672618.130	3529166.396	6.246
672617.957	3529170.002	6.249
672617.922	3529170.803	6.252
672617.836	3529172.809	6.253
672617.804	3529173.610	6.255
672617.672	3529177.229	6.258
672617.593	3529179.647	6.260
672617.505	3529182.469	6.262
672617.478	3529183.274	6.262
672617.391	3529186.096	6.263
672617.327	3529188.520	6.263
672617.305	3529189.320	6.263
672617.217	3529191.725	6.263
672617.132	3529194.130	6.263
672617.063	3529196.131	6.263
672617.021	3529197.329	6.262
672616.940	3529199.733	6.261
672616.904	3529200.938	6.260
672616.844	3529202.943	6.259
672616.764	3529205.355	6.257
672616.707	3529206.962	6.257
672616.692	3529208.103	6.258
672616.585	3529210.806	6.262
672616.569	3529211.673	6.264
672616.521	3529213.319	6.266
672616.501	3529214.007	6.268
672616.486	3529214.696	6.268
672616.480	3529214.932	6.268
672616.432	3529215.041	6.270
672616.430	3529215.194	6.270
672616.422	3529215.669	6.271
672616.419	3529215.835	6.271
672616.413	3529216.117	6.271
672616.409	3529216.325	6.270
672616.381	3529217.444	6.266
672616.365	3529218.022	6.264
672616.316	3529219.504	6.262
672616.299	3529220.056	6.261
672616.260	3529221.239	6.260
672616.222	3529222.310	6.256
672616.192	3529222.989	6.254
672616.164	3529223.697	6.255
672616.088	3529225.710	6.256
672616.072	3529226.241	6.259
672616.053	3529226.785	6.260
672616.028	3529227.620	6.262
672615.971	3529229.665	6.263
672615.955	3529230.273	6.264
672615.947	3529230.582	6.264
672615.932	3529231.208	6.264
672615.848	3529234.142	6.261
672615.819	3529235.162	6.260
672615.715	3529238.351	6.260
672615.653	3529239.816	6.255
672615.619	3529240.562	6.254
672615.522	3529242.846	6.254
672615.422	3529245.197	6.253
672615.373	3529246.396	6.254
672615.342	3529247.207	6.257
672615.263	3529250.095	6.275
672615.229	3529252.215	6.272
672615.213	3529253.076	6.267
672615.173	3529254.822	6.266
672615.099	3529257.937	6.262
672615.073	3529258.843	6.261
672614.973	3529261.595	6.256
672614.848	3529264.875	6.260
672614.818	3529265.827	6.260
672614.751	3529267.749	6.259
672614.582	3529272.162	6.254
672614.542	3529273.163	6.254
672614.500	3529274.169	6.253
672614.326	3529278.243	6.251
672614.280	3529279.276	6.253
672614.258	3529279.793	6.254
672614.078	3529285.051	6.260
672614.027	3529286.655	6.262
672613.956	3529288.809	6.262
672613.821	3529292.625	6.259
672613.736	3529294.833	6.258
672613.691	3529295.946	6.258
672613.536	3529299.867	6.257
672613.423	3529302.705	6.255
672613.328	3529304.997	6.255
672613.213	3529307.890	6.256
672613.079	3529311.391	6.256
672613.030	3529312.569	6.255
672612.934	3529314.936	6.252
672612.711	3529319.717	6.246
672612.591	3529322.134	6.245
672612.373	3529326.404	6.245
672612.251	3529328.867	6.245
672612.164	3529330.724	6.245
672612.073	3529332.592	6.244
672611.876	3529336.349	6.242
672611.808	3529337.612	6.244
672611.644	3529340.777	6.246
672611.403	3529345.744	6.250
672611.349	3529347.010	6.252
672611.296	3529348.273	6.261
672611.181	3529352.632	6.276
672611.118	3529356.383	6.279
672611.066	3529359.527	6.278
672611.045	3529360.789	6.279
672610.973	3529365.241	6.278
672610.939	3529367.159	6.274
672610.800	3529372.969	6.267
672610.740	3529374.925	6.263
672610.610	3529378.858	6.262
672610.506	3529382.156	6.264
672610.441	3529384.150	6.265
672610.295	3529388.833	6.266
672610.197	3529392.193	6.267
672610.165	3529393.544	6.266
672610.071	3529396.951	6.265
672609.856	3529402.419	6.256
672609.784	3529404.486	6.258
672609.741	3529405.872	6.261
672609.629	3529410.036	6.263
672609.457	3529415.634	6.261
672609.321	3529419.857	6.262
672609.162	3529424.771	6.262
672609.093	3529426.872	6.259
672608.776	3529434.538	6.257
672608.608	3529439.416	6.261
672608.519	3529442.895	6.272
672608.484	3529444.306	6.270
672608.413	3529447.801	6.270
672608.306	3529451.307	6.264
672608.210	3529454.118	6.262
672608.187	3529454.818	6.261
672608.111	3529456.919	6.260
672607.972	3529461.120	6.260
672607.881	3529463.909	6.261
672607.793	3529466.710	6.261
672607.752	3529468.109	6.261
672607.587	3529473.707	6.257
672607.455	3529477.209	6.256
672607.250	3529482.094	6.255
672607.160	3529484.172	6.256
672607.006	3529488.295	6.270
672606.879	3529494.325	6.274
672606.830	3529496.933	6.274
672606.805	3529498.216	6.272
672606.682	3529503.173	6.272
672606.638	3529504.965	6.273
672606.551	3529508.997	6.274
672606.494	3529511.747	6.274
672606.448	3529513.865	6.270
672606.300	3529517.906	6.253
672606.249	3529518.884	6.239
672606.021	3529522.246	6.216
672605.739	3529525.048	6.160
672605.604	3529525.964	6.111
672605.113	3529528.617	6.051
672604.542	3529531.134	5.974
672603.782	3529533.447	5.912
672602.798	3529535.501	5.785
672601.685	3529537.359	5.726
672600.430	3529539.049	5.675
672599.974	3529539.565	5.549
672598.747	3529540.742	5.402
672596.883	3529542.062	5.327
672595.239	3529542.862	5.187
672594.431	3529543.178	5.105
672592.895	3529543.728	5.077
672591.689	3529544.156	5.062
672590.995	3529544.404	5.062
672590.107	3529544.717	5.062
672588.006	3529545.537	5.170
672587.813	3529545.632	5.213
672586.551	3529546.425	5.344
672585.406	3529547.392	5.471
672584.674	3529548.204	5.559
672583.805	3529549.474	5.766
672583.699	3529549.667	5.811
672583.309	3529550.459	5.834
672582.994	3529551.295	5.922
672582.678	3529552.415	6.065
672582.524	3529553.127	6.078
672582.392	3529553.860	6.112
672582.238	3529554.871	6.157
672582.045	3529556.452	6.188
672581.936	3529557.548	6.201
672581.742	3529560.120	6.220
672581.681	3529561.008	6.225
672581.622	3529561.911	6.226
672581.483	3529564.080	6.229
672581.383	3529565.678	6.229
672581.275	3529567.318	6.229
672581.087	3529570.374	6.235
672580.996	3529572.134	6.237
672580.863	3529574.645	6.239
672580.785	3529576.087	6.240
672580.656	3529578.593	6.241
672580.566	3529580.360	6.235
672580.526	3529581.059	6.224
672580.325	3529583.459	6.196
672580.121	3529585.138	6.163
672580.029	3529585.805	6.152
672579.452	3529589.123	6.107
672579.285	3529589.776	6.040
672579.001	3529590.745	5.992
672578.293	3529592.628	5.876
672577.350	3529594.394	5.740
672576.792	3529595.219	5.675
672575.037	3529597.245	5.586
672574.030	3529598.135	5.429
672572.653	3529599.110	5.362
672571.173	3529599.923	5.161
672569.920	3529600.460	5.098
672568.283	3529601.002	5.041
672567.604	3529601.181	4.949
672564.784	3529601.670	4.863
672564.054	3529601.753	4.829
672561.825	3529601.945	4.792
672559.925	3529602.040	4.764
672556.779	3529602.146	4.757
672554.753	3529602.189	4.745
672553.933	3529602.205	4.741
672553.103	3529602.221	4.741
672551.419	3529602.252	4.739
672547.947	3529602.308	4.738
672546.164	3529602.338	4.739
672544.803	3529602.362	4.739
672541.078	3529602.428	4.730
672540.603	3529602.434	4.726
672538.682	3529602.431	4.678
672532.228	3529602.185	4.677
672530.696	3529602.108	4.668
672528.632	3529601.982	4.666
672526.040	3529601.830	4.669
672524.995	3529601.779	4.671
672521.315	3529601.610	4.672
672519.205	3529601.506	4.673
672517.612	3529601.430	4.674
672513.360	3529601.234	4.674
672510.695	3529601.106	4.673
672509.625	3529601.052	4.671
672503.723	3529600.738	4.662
672499.965	3529600.502	4.659
672496.780	3529600.293	4.657
672495.729	3529600.223	4.658
672493.660	3529600.090	4.666
672490.090	3529600.065	4.713
672488.591	3529600.144	4.801
672486.121	3529600.374	4.826
672484.180	3529600.618	4.870
672481.302	3529601.105	4.930
672479.880	3529601.429	4.960
672478.016	3529601.971	5.043
672474.871	3529603.206	5.160
672473.549	3529603.825	5.197
672469.338	3529606.207	5.287
672468.527	3529606.743	5.312
672467.719	3529607.288	5.333
672464.554	3529609.562	5.373
672463.020	3529610.737	5.382
672462.256	3529611.329	5.387
672460.379	3529612.814	5.396
672457.826	3529614.871	5.405
672456.752	3529615.740	5.405
672454.617	3529617.478	5.404
672452.499	3529619.201	5.403
672451.451	3529620.049	5.398
672449.415	3529621.683	5.402
672447.825	3529623.012	5.428
672447.225	3529623.531	5.436
672445.775	3529624.801	5.432
672443.824	3529626.454	5.414
672441.547	3529628.318	5.399
672440.152	3529629.415	5.381
672439.697	3529629.761	5.370
672437.883	3529631.080	5.309
672436.954	3529631.673	5.274
672436.257	3529632.090	5.254
672433.922	3529633.382	5.206
672433.450	3529633.632	5.191
672432.733	3529633.991	5.161
672430.926	3529634.740	5.079
672429.810	3529635.119	5.026
672428.055	3529635.627	4.998
672425.872	3529636.107	4.925
672425.221	3529636.211	4.875
672424.558	3529636.302	4.851
672422.854	3529636.465	4.787
672420.361	3529636.552	4.723
672419.259	3529636.543	4.704
672416.997	3529636.466	4.678
672414.653	3529636.329	4.664
672413.859	3529636.280	4.659
672409.728	3529636.003	4.657
672408.871	3529635.949	4.659
672405.791	3529635.758	4.659
672403.520	3529635.619	4.659
672400.243	3529635.413	4.658
672399.285	3529635.352	4.656
672395.363	3529635.091	4.654
672392.326	3529634.884	4.654
672389.212	3529634.680	4.658
672387.624	3529634.587	4.666
672387.091	3529634.558	4.667
672384.935	3529634.438	4.668
672379.962	3529634.155	4.670
672379.401	3529634.125	4.671
672372.473	3529633.788	4.673
672370.092	3529633.671	4.673
672367.071	3529633.520	4.669
672362.137	3529633.224	4.655
672358.992	3529632.993	4.648
672352.571	3529632.461	4.635
672348.019	3529632.010	4.629
672345.421	3529631.708	4.602
672344.131	3529631.545	4.597
672343.484	3529631.461	4.591
672336.401	3529630.518	4.586
672335.122	3529630.335	4.579
672331.940	3529629.859	4.575
672328.137	3529629.279	4.575
672326.232	3529628.990	4.579
672324.981	3529628.804	4.581
672321.225	3529628.261	4.588
672316.920	3529627.699	4.621
672315.710	3529627.578	4.639
672312.099	3529627.309	4.668
672308.574	3529627.186	4.727
672307.418	3529627.204	4.756
672302.853	3529627.466	4.819
672300.086	3529627.752	4.833
672296.863	3529628.114	4.831
672294.783	3529628.274	4.778
672292.214	3529628.496	4.745
672288.878	3529628.481	4.729
672287.118	3529628.643	4.701
672286.358	3529628.795	4.693
672284.846	3529628.922	4.690
672281.016	3529628.797	4.678
672275.434	3529627.689	4.659
672273.509	3529627.549	4.652
672272.554	3529627.470	4.643
672272.076	3529627.429	4.641
672267.215	3529626.999	4.631
672265.762	3529626.844	4.604
672263.778	3529626.593	4.592
672260.833	3529626.161	4.569
672258.358	3529625.720	4.535
672257.374	3529625.528	4.511
672252.481	3529624.413	4.491
672251.054	3529624.062	4.493
672250.116	3529623.848	4.499
672247.746	3529623.315	4.510
672243.939	3529622.614	4.557
672242.968	3529622.475	4.576
672239.490	3529622.060	4.618
672237.475	3529621.888	4.644
672236.462	3529621.829	4.650
672233.376	3529621.674	4.676
672230.229	3529621.590	4.712
672228.110	3529621.588	4.715
672224.368	3529621.563	4.722
672222.215	3529621.520	4.711
672221.676	3529621.510	4.710
672219.512	3529621.466	4.705
672214.041	3529621.308	4.688
672213.499	3529621.292	4.687
672210.768	3529621.204	4.678
672206.380	3529621.024	4.669
672205.278	3529620.972	4.663
672203.074	3529620.850	4.660
672201.975	3529620.782	4.656
672199.770	3529620.631	4.647
672198.662	3529620.550	4.643
672196.444	3529620.375	4.639
672194.218	3529620.178	4.633
672191.988	3529619.972	4.636
672190.317	3529619.828	4.640
672188.646	3529619.696	4.644
672183.870	3529619.344	4.647
672181.370	3529619.167	4.646
672178.021	3529618.935	4.644
672175.267	3529618.758	4.650
672174.371	3529618.702	4.650
672171.359	3529618.485	4.643
672169.708	3529618.343	4.636
672168.904	3529618.273	4.635
672166.563	3529618.070	4.636
672164.285	3529617.860	4.640
672162.021	3529617.643	4.641
672161.647	3529617.609	4.645
672158.690	3529617.341	4.657
672157.253	3529617.236	4.670
672156.545	3529617.201	4.676
672154.463	3529617.130	4.694
672153.790	3529617.113	4.697
672151.566	3529617.063	4.699
672149.794	3529617.018	4.698
672149.231	3529617.007	4.698
672148.957	3529616.997	4.698
672147.881	3529616.969	4.698
672145.663	3529616.925	4.719
672144.766	3529616.929	4.730
672142.530	3529616.981	4.754
672142.146	3529616.980	4.755
672140.337	3529617.045	4.775
672139.998	3529617.059	4.784
672139.202	3529617.101	4.784
672137.711	3529617.168	4.759
672137.287	3529617.158	4.746
672137.144	3529617.156	4.721
672136.579	3529617.173	4.675
672135.621	3529617.095	4.591
672134.790	3529616.937	4.536
672134.040	3529616.689	4.348
672133.072	3529616.215	4.276
672132.231	3529615.655	4.132
672131.070	3529614.576	3.919
672130.167	3529613.353	3.840
672129.746	3529612.640	3.692
672129.243	3529611.573	3.556
672128.357	3529609.087	3.503
672127.728	3529606.554	3.350
672127.588	3529605.771	3.311
672127.212	3529602.862	3.244
672127.000	3529600.209	3.223
672126.943	3529599.325	3.215
672126.826	3529597.123	3.197
672126.717	3529594.139	3.188
672126.597	3529591.369	3.195
672126.523	3529590.275	3.225
672126.355	3529588.576	3.291
672126.204	3529587.608	3.335
672125.518	3529584.888	3.441
672125.314	3529584.319	3.502
672125.095	3529583.755	3.533
672124.739	3529582.915	3.564
672123.536	3529580.713	3.743
672122.123	3529578.847	3.802
672120.609	3529577.322	3.934
672120.039	3529576.852	4.078
672119.127	3529576.188	4.152
672115.992	3529574.565	4.348
672114.826	3529574.158	4.418
672114.017	3529573.925	4.486
672111.448	3529573.416	4.590
672108.232	3529573.103	4.649
672106.785	3529573.032	4.669
672102.760	3529572.882	4.681
672101.718	3529572.840	4.677
672099.050	3529572.719	4.672
672093.423	3529572.418	4.661
672092.260	3529572.343	4.657
672086.879	3529571.961	4.648
672085.039	3529571.812	4.641
672081.907	3529571.542	4.637
672076.775	3529571.079	4.631
672075.467	3529570.953	4.628
672073.483	3529570.761	4.627
672069.458	3529570.360	4.624
672066.027	3529570.010	4.627
672063.239	3529569.734	4.628
672061.830	3529569.597	4.630
672054.648	3529568.906	4.629
672050.974	3529568.564	4.627
672045.743	3529568.052	4.626
672044.987	3529567.977	4.627
672041.178	3529567.616	4.628
672034.972	3529567.054	4.637
672033.404	3529566.919	4.639
672030.233	3529566.652	4.644
672027.035	3529566.410	4.653
672020.558	3529565.985	4.661
672018.924	3529565.886	4.661
672009.850	3529565.258	4.645
672006.515	3529564.990	4.644
672004.837	3529564.850	4.639
671998.084	3529564.246	4.629
671997.236	3529564.164	4.628
671993.835	3529563.826	4.623
671986.126	3529563.026	4.622
671982.688	3529562.679	4.623
671979.215	3529562.330	4.624
671974.864	3529561.890	4.627
671973.120	3529561.723	4.632
671971.374	3529561.560	4.636
671967.883	3529561.257	4.640
671962.678	3529560.840	4.646
671960.943	3529560.704	4.646
671959.212	3529560.572	4.646
671955.761	3529560.304	4.646
671948.002	3529559.687	4.644
671946.284	3529559.549	4.644
671932.736	3529558.458	4.644
671925.339	3529557.866	4.642
671923.722	3529557.731	4.641
671922.914	3529557.663	4.640
671918.924	3529557.327	4.639
671911.939	3529556.735	4.633
671910.425	3529556.596	4.632
671903.814	3529555.987	4.631
671900.969	3529555.718	4.631
671899.556	3529555.584	4.630
671891.936	3529554.883	4.637
671891.256	3529554.823	4.637
671887.234	3529554.481	4.640
671882.712	3529554.110	4.641
671878.405	3529553.756	4.638
671874.914	3529553.396	4.617
671873.800	3529553.243	4.569
671870.074	3529552.526	4.537
671867.597	3529551.896	4.485
671866.653	3529551.639	4.469
671862.692	3529550.576	4.474
671860.319	3529549.975	4.486
671858.499	3529549.547	4.490
671856.825	3529549.166	4.501
671855.576	3529548.889	4.514
671854.126	3529548.591	4.520
671852.557	3529548.269	4.513
671851.359	3529547.992	4.489
671850.901	3529547.878	4.459
671848.929	3529547.233	4.377
671848.502	3529547.053	4.310
671847.856	3529546.756	4.287
671845.815	3529545.647	4.240
671844.853	3529545.048	4.162
671844.109	3529544.557	4.131
671842.833	3529543.665	4.080
671841.532	3529542.662	4.025
671840.487	3529541.766	3.979
671838.720	3529539.948	3.911
671837.783	3529538.752	3.772
671836.148	3529536.014	3.711
671835.479	3529534.486	3.549
671835.039	3529533.283	3.477
671834.326	3529530.731	3.394
671833.694	3529527.087	3.294
671833.567	3529526.138	3.284
671832.964	3529521.216	3.265
671832.855	3529520.191	3.256
671832.752	3529519.162	3.254
671832.273	3529514.328	3.253
671832.101	3529512.655	3.253
671831.861	3529510.380	3.253
671831.564	3529507.475	3.250
671831.143	3529503.280	3.250
671830.957	3529501.438	3.255
671830.379	3529496.432	3.278
671830.219	3529495.154	3.282
671830.052	3529493.872	3.289
671828.993	3529486.638	3.308
671828.771	3529485.298	3.323
671828.415	3529483.270	3.334
671827.627	3529479.170	3.355
671826.735	3529475.009	3.370
671826.419	3529473.609	3.377
671824.906	3529467.217	3.388
671824.557	3529465.779	3.396
671823.464	3529461.432	3.403
671822.051	3529456.309	3.415
671821.385	3529454.107	3.451
671820.441	3529451.161	3.464
671818.918	3529446.719	3.478
671818.398	3529445.230	3.492
671818.133	3529444.483	3.496
671817.330	3529442.246	3.503
671814.505	3529434.739	3.524
671813.904	3529433.236	3.538
671813.292	3529431.733	3.548
671810.055	3529424.198	3.565
671809.380	3529422.689	3.580
671808.349	3529420.421	3.593
671805.451	3529414.408	3.629
671803.154	3529409.917	3.636
671799.561	3529403.206	3.660
671798.304	3529400.985	3.682
671797.012	3529398.776	3.695
671792.021	3529390.781	3.729
671791.549	3529390.063	3.731
671790.121	3529387.907	3.737
671785.747	3529381.445	3.756
671784.754	3529380.017	3.766
671782.227	3529376.460	3.777
671781.195	3529375.043	3.790
671778.045	3529370.820	3.807
671776.441	3529368.728	3.814
671773.702	3529365.259	3.824
671770.337	3529361.138	3.842
671768.039	3529358.418	3.860
671766.284	3529356.395	3.875
671761.476	3529351.090	3.900
671759.616	3529349.130	3.914
671756.479	3529345.910	3.925
671753.292	3529342.767	3.954
671751.358	3529340.923	3.973
671750.057	3529339.715	3.986
671743.507	3529333.921	4.005
671742.203	3529332.802	4.022
671736.986	3529328.429	4.028
671735.027	3529326.819	4.042
671732.397	3529324.697	4.055
671729.736	3529322.618	4.065
671727.050	3529320.585	4.081
671722.309	3529317.120	4.106
671720.948	3529316.152	4.117
671714.727	3529311.948	4.153
671712.623	3529310.600	4.161
671711.211	3529309.708	4.171
671704.076	3529305.435	4.205
671702.633	3529304.613	4.212
671701.188	3529303.802	4.225
671693.945	3529299.955	4.259
671692.508	3529299.233	4.270
671688.958	3529297.496	4.281
671683.518	3529294.989	4.305
671681.567	3529294.137	4.318
671680.296	3529293.591	4.327
671675.380	3529291.550	4.345
671673.615	3529290.847	4.351
671670.213	3529289.538	4.360
671666.450	3529288.222	4.403
671665.413	3529287.883	4.409
671663.894	3529287.395	4.412
671660.991	3529286.482	4.422
671658.705	3529285.788	4.437
671656.965	3529285.275	4.438
671656.121	3529285.028	4.442
671652.602	3529284.013	4.445
671651.882	3529283.809	4.445
671648.630	3529282.868	4.439
671648.033	3529282.679	4.416
671647.738	3529282.583	4.414
671645.206	3529281.750	4.402
671643.814	3529281.274	4.387
671643.534	3529281.180	4.386
671640.581	3529280.124	4.380
671639.650	3529279.778	4.374
671639.336	3529279.663	4.374
671637.081	3529278.813	4.369
671635.075	3529278.058	4.365
671634.043	3529277.673	4.364
671630.485	3529276.342	4.367
671629.745	3529276.068	4.371
671627.856	3529275.382	4.375
671625.104	3529274.428	4.390
671624.293	3529274.159	4.410
671621.789	3529273.370	4.420
671618.749	3529272.480	4.452
671617.857	3529272.234	4.460
671615.103	3529271.531	4.469
671612.245	3529270.891	4.499
671611.280	3529270.704	4.534
671607.773	3529270.072	4.549
671604.658	3529269.634	4.618
671603.061	3529269.454	4.625
671599.795	3529269.197	4.652
671596.441	3529269.062	4.711
671595.872	3529269.053	4.717
671593.000	3529269.054	4.733
671588.881	3529269.167	4.761
671587.085	3529269.237	4.764
671586.483	3529269.263	4.766
671580.330	3529269.555	4.772
671578.447	3529269.645	4.774
671576.539	3529269.738	4.775
671573.971	3529269.870	4.792
671566.751	3529270.315	4.797
671560.682	3529270.819	4.811
671559.305	3529270.943	4.818
671557.238	3529271.140	4.822
671550.961	3529271.785	4.837
671548.820	3529272.020	4.847
671543.845	3529272.704	4.865
671539.555	3529273.405	4.890
671538.837	3529273.521	4.891
671537.397	3529273.766	4.893
671530.109	3529275.016	4.902
671528.647	3529275.284	4.908
671527.909	3529275.417	4.911
671525.701	3529275.849	4.913
671524.219	3529276.139	4.930
671517.540	3529277.601	4.965
671511.556	3529279.126	4.985
671506.311	3529280.604	5.004
671504.806	3529281.037	5.007
671502.539	3529281.708	5.021
671495.735	3529283.858	5.049
671492.701	3529284.883	5.052
671490.417	3529285.677	5.067
671484.327	3529287.908	5.093
671483.568	3529288.202	5.097
671478.246	3529290.328	5.112
671473.693	3529292.248	5.139
671472.935	3529292.578	5.142
671469.153	3529294.261	5.153
671462.402	3529297.432	5.181
671458.679	3529299.273	5.187
671453.505	3529301.972	5.209
671452.045	3529302.765	5.232
671449.142	3529304.390	5.236
671447.702	3529305.217	5.258
671441.995	3529308.629	5.285
671439.173	3529310.398	5.296
671431.504	3529315.459	5.324
671430.810	3529315.930	5.327
671428.739	3529317.351	5.366
671419.861	3529323.720	5.376
671413.198	3529328.888	5.395
671411.228	3529330.486	5.411
671409.271	3529332.102	5.425
671404.143	3529336.534	5.447
671402.243	3529338.231	5.457
671399.720	3529340.518	5.462
671398.468	3529341.671	5.473
671394.130	3529345.760	5.503
671390.483	3529349.370	5.514
671386.332	3529353.685	5.532
671385.166	3529354.940	5.558
671381.745	3529358.782	5.574
671380.076	3529360.740	5.602
671377.345	3529364.055	5.624
671376.270	3529365.394	5.633
671374.673	3529367.420	5.636
671372.056	3529370.826	5.648
671369.485	3529374.274	5.666
671368.466	3529375.663	5.676
671364.015	3529381.989	5.702
671362.582	3529384.118	5.711
671361.640	3529385.539	5.720
671358.001	3529391.229	5.741
671356.262	3529394.067	5.761
671354.579	3529396.899	5.764
671353.347	3529399.017	5.775
671350.169	3529404.612	5.788
671348.637	3529407.383	5.791
671347.890	3529408.767	5.808
671345.047	3529414.287	5.844
671342.735	3529419.104	5.858
671341.176	3529422.583	5.878
671340.266	3529424.680	5.899
671339.968	3529425.381	5.903
671338.794	3529428.210	5.915
671336.316	3529434.631	5.944
671335.530	3529436.772	5.949
671334.260	3529440.335	5.959
671332.579	3529445.274	5.976
671331.897	3529447.348	5.984
671330.630	3529451.375	5.992
671329.665	3529454.565	6.006
671328.103	3529459.891	6.011
671327.783	3529461.005	6.025
671327.042	3529463.669	6.035
671326.774	3529464.691	6.049
671326.299	3529466.652	6.072
671325.626	3529469.829	6.076
671325.447	3529470.655	6.067
671324.645	3529473.872	5.996
671324.355	3529474.749	5.934
671323.933	3529475.810	5.878
671322.960	3529477.580	5.706
671322.563	3529478.113	5.624
671322.282	3529478.433	5.540
671321.535	3529479.111	5.420
671320.381	3529479.786	5.184
671320.029	3529479.926	5.076
671318.907	3529480.187	4.884
671317.718	3529480.185	4.572
671317.108	3529480.050	4.429
671315.184	3529478.946	4.135
671314.859	3529478.603	3.880
671314.708	3529478.417	3.829
671313.830	3529476.624	3.531
671313.637	3529475.301	3.172
671313.678	3529474.205	3.135
671313.923	3529472.872	2.987
671314.447	3529471.064	2.894
671314.655	3529470.306	2.907
671315.121	3529467.822	3.055
671315.180	3529466.831	3.104
671314.985	3529464.319	3.377
671314.709	3529463.298	3.464
671313.945	3529461.552	3.725
671313.118	3529460.420	3.819
671312.732	3529459.984	3.908
671310.436	3529458.075	4.177
671310.169	3529457.919	4.196
671309.058	3529457.330	4.240
671306.231	3529456.055	4.358
671305.422	3529455.757	4.388
671303.707	3529455.214	4.444
671302.631	3529454.949	4.495
671301.493	3529454.714	4.525
671300.252	3529454.559	4.587
671299.909	3529454.543	4.684
671299.570	3529454.539	4.739
671298.890	3529454.571	4.794
671297.842	3529454.717	4.881
671297.479	3529454.787	4.947
671297.105	3529454.875	4.964
671296.146	3529455.172	5.054
671294.543	3529455.882	5.225
671294.144	3529456.119	5.303
671292.798	3529457.157	5.468
671291.903	3529458.097	5.640
671291.598	3529458.533	5.668
671291.156	3529459.223	5.780
671290.224	3529461.299	5.983
671289.955	3529462.152	6.004
671289.736	3529463.054	6.061
671289.465	3529464.612	6.171
671289.314	3529466.179	6.226
671289.300	3529466.490	6.235
671289.256	3529468.025	6.259
671289.124	3529470.665	6.192
671288.871	3529472.334	6.145
671288.663	3529473.139	6.016
671288.189	3529474.432	5.884
671287.945	3529474.927	5.796
671286.307	3529477.128	5.491
671285.896	3529477.481	5.373
671284.522	3529478.325	5.218
671282.120	3529479.006	4.866
671281.255	3529479.061	4.778
671279.186	3529478.974	4.643
671277.963	3529478.821	4.595
671277.333	3529478.727	4.579
671273.728	3529478.165	4.577
671272.697	3529478.021	4.588
671271.998	3529477.929	4.597
671268.706	3529477.556	4.614
671267.569	3529477.452	4.632
671266.797	3529477.381	4.638
671262.801	3529477.080	4.665
671262.389	3529477.058	4.671
671260.712	3529476.972	4.678
671256.802	3529476.790	4.681
671255.468	3529476.725	4.680
671254.574	3529476.681	4.678
671251.346	3529476.521	4.672
671248.508	3529476.355	4.664
671247.545	3529476.298	4.660
671243.181	3529475.988	4.651
671242.221	3529475.912	4.646
671239.346	3529475.666	4.642
671236.554	3529475.422	4.642
671235.674	3529475.347	4.642
671232.743	3529475.101	4.643
671229.797	3529474.875	4.644
671229.126	3529474.826	4.643
671228.462	3529474.773	4.642
671226.264	3529474.588	4.638
671225.417	3529474.501	4.639
671223.427	3529474.304	4.638
671222.154	3529474.182	4.637
671221.763	3529474.144	4.637
671221.020	3529474.082	4.637
671219.707	3529473.975	4.636
671219.322	3529473.941	4.636
671219.099	3529473.923	4.636
671218.730	3529473.896	4.636
671218.331	3529473.877	4.636
671218.256	3529473.809	4.638
671218.119	3529473.799	4.637
671217.952	3529473.785	4.636
671217.837	3529473.774	4.633
671217.081	3529473.703	4.627
671216.869	3529473.682	4.627
671216.026	3529473.609	4.628
671215.619	3529473.570	4.628
671214.886	3529473.501	4.628
671214.080	3529473.424	4.628
671213.200	3529473.335	4.628
671212.436	3529473.269	4.630
671211.618	3529473.187	4.630
671210.973	3529473.130	4.630
671209.866	3529473.042	4.634
671209.422	3529473.004	4.637
671208.332	3529472.924	4.638
671207.895	3529472.883	4.644
671206.183	3529472.752	4.648
671205.766	3529472.717	4.651
671204.126	3529472.600	4.652
671203.124	3529472.530	4.653
671202.722	3529472.491	4.654
671200.942	3529472.340	4.664
671200.358	3529472.304	4.686
671199.972	3529472.285	4.728
671197.891	3529472.344	4.835
671196.993	3529472.475	4.903
671195.301	3529472.967	5.088
671194.973	3529473.103	5.126
671193.709	3529473.763	5.302
671193.115	3529474.168	5.385
671192.691	3529474.508	5.407
671192.419	3529474.755	5.492
671191.204	3529476.180	5.681
671190.699	3529477.004	5.740
671190.167	3529478.054	5.807
671189.930	3529478.592	5.904
671189.642	3529479.308	5.936
671189.275	3529480.371	5.987
671189.011	3529481.234	6.021
671188.962	3529481.403	6.044
671188.704	3529482.392	6.090
671188.491	3529483.495	6.152
671188.403	3529484.084	6.176
671188.286	3529485.572	6.220
671188.271	3529485.835	6.223
671188.240	3529486.359	6.215
671188.182	3529487.152	6.186
671188.146	3529487.415	6.157
671188.065	3529487.930	6.116
671187.774	3529489.027	5.933
671187.519	3529489.623	5.885
671187.360	3529489.927	5.807
671186.377	3529491.267	5.518
671186.101	3529491.535	5.459
671185.489	3529492.029	5.372
671184.013	3529492.870	5.169
671183.377	3529493.129	5.104
671181.988	3529493.561	5.047
671180.451	3529493.889	4.941
671179.632	3529494.024	4.885
671179.068	3529494.105	4.857
671176.350	3529494.350	4.780
671175.381	3529494.384	4.757
671174.044	3529494.401	4.738
671170.850	3529494.324	4.683
671170.478	3529494.306	4.678
671168.586	3529494.184	4.665
671165.806	3529493.972	4.650
671164.984	3529493.906	4.649
671164.150	3529493.842	4.650
671163.305	3529493.779	4.651
671161.139	3529493.623	4.652
671158.440	3529493.432	4.654
671155.155	3529493.191	4.655
671153.215	3529493.052	4.657
671151.732	3529492.946	4.656
671150.222	3529492.839	4.656
671146.622	3529492.580	4.655
671143.986	3529492.385	4.652
671142.918	3529492.305	4.651
671138.587	3529491.955	4.642
671136.415	3529491.763	4.638
671135.326	3529491.666	4.638
671129.869	3529491.169	4.638
671128.226	3529491.024	4.640
671127.129	3529490.930	4.642
671122.172	3529490.515	4.650
671120.511	3529490.385	4.652
671119.404	3529490.302	4.655
671113.847	3529489.916	4.661
671112.725	3529489.848	4.673
671111.603	3529489.787	4.681
671105.964	3529489.580	4.696
671104.263	3529489.549	4.713
671101.983	3529489.525	4.718
671097.983	3529489.523	4.725
671095.684	3529489.533	4.727
671094.527	3529489.538	4.728
671089.305	3529489.581	4.734
671088.136	3529489.594	4.738
671083.442	3529489.654	4.734
671079.889	3529489.670	4.726
671078.695	3529489.665	4.725
671073.306	3529489.616	4.719
671070.891	3529489.576	4.707
671069.680	3529489.552	4.701
671065.430	3529489.429	4.690
671062.379	3529489.312	4.681
671060.539	3529489.229	4.678
671056.224	3529489.017	4.673
671053.117	3529488.851	4.669
671051.243	3529488.743	4.664
671046.855	3529488.456	4.650
671044.341	3529488.263	4.641
671043.712	3529488.209	4.636
671039.286	3529487.805	4.633
671037.381	3529487.621	4.634
671035.487	3529487.442	4.636
671032.958	3529487.211	4.637
671029.162	3529486.877	4.639
671026.064	3529486.608	4.643
671025.448	3529486.556	4.646
671018.895	3529486.040	4.648
671017.742	3529485.948	4.650
671013.764	3529485.644	4.650
671009.319	3529485.321	4.651
671008.226	3529485.241	4.651
671002.860	3529484.836	4.650
671001.287	3529484.711	4.644
670999.734	3529484.584	4.641
670997.720	3529484.408	4.638
670994.144	3529484.084	4.633
670993.644	3529484.036	4.632
670991.642	3529483.846	4.633
670987.137	3529483.482	4.638
670986.120	3529483.392	4.639
670984.081	3529483.213	4.640
670981.515	3529482.991	4.639
670979.459	3529482.809	4.638
670978.424	3529482.715	4.638
670974.811	3529482.400	4.642
670972.186	3529482.177	4.642
670970.612	3529482.039	4.647
670964.797	3529481.558	4.650
670961.582	3529481.318	4.652
670958.892	3529481.122	4.655
670956.729	3529480.975	4.660
670956.186	3529480.940	4.661
670952.932	3529480.730	4.665
670949.142	3529480.507	4.674
670948.067	3529480.446	4.675
670945.947	3529480.337	4.676
670941.320	3529480.115	4.673
670937.910	3529479.940	4.672
670935.593	3529479.817	4.671
670934.253	3529479.738	4.671
670931.696	3529479.589	4.671
670929.312	3529479.445	4.667
670928.558	3529479.398	4.661
670927.471	3529479.317	4.657
670926.771	3529479.258	4.638
670923.913	3529478.926	4.583
670923.050	3529478.789	4.565
670920.701	3529478.341	4.527
670920.223	3529478.238	4.499
670919.054	3529477.961	4.474
670918.602	3529477.833	4.425
670916.867	3529477.198	4.308
670916.456	3529477.001	4.268
670915.855	3529476.678	4.205
670914.127	3529475.389	3.961
670913.597	3529474.860	3.888
670912.480	3529473.430	3.757
670911.786	3529472.269	3.656
670911.660	3529472.025	3.637
670911.538	3529471.776	3.599
670911.302	3529471.265	3.560
670910.534	3529469.084	3.475
670910.372	3529468.517	3.422
670909.732	3529464.881	3.346
670909.679	3529463.934	3.198
670909.653	3529462.647	3.166
670909.700	3529460.994	3.127
670909.794	3529459.321	3.095
670909.935	3529457.239	3.092
670910.057	3529455.444	3.084
670910.139	3529454.351	3.082
670910.308	3529452.104	3.080
670910.489	3529449.797	3.078
670910.549	3529449.014	3.080
670910.605	3529448.227	3.081
670910.802	3529445.406	3.084
670910.963	3529442.911	3.091
670911.012	3529442.064	3.093
670911.159	3529439.481	3.094
670911.322	3529436.829	3.094
670911.435	3529435.024	3.093
670911.731	3529430.368	3.092
670911.791	3529429.420	3.091
670911.852	3529428.464	3.088
670912.264	3529422.573	3.084
670912.334	3529421.588	3.085
670912.661	3529416.622	3.091
670912.724	3529415.625	3.094
670912.786	3529414.630	3.096
670913.064	3529410.159	3.093
670913.192	3529408.183	3.091
670913.292	3529406.703	3.090
670913.461	3529404.247	3.086
670913.635	3529401.786	3.080
670913.808	3529399.344	3.076
670914.116	3529395.489	3.082
670914.186	3529394.535	3.082
670914.287	3529393.112	3.083
670914.453	3529390.764	3.081
670914.717	3529387.510	3.079
670914.791	3529386.583	3.080
670915.027	3529383.343	3.082
670915.184	3529381.056	3.084
670915.251	3529380.145	3.085
670915.545	3529376.113	3.084
670915.700	3529373.926	3.085
670915.994	3529369.652	3.092
670916.067	3529368.397	3.109
670916.142	3529365.913	3.127
670916.101	3529363.470	3.179
670916.065	3529362.669	3.207
670916.017	3529361.879	3.228
670915.806	3529359.532	3.268
670915.480	3529357.248	3.322
670915.344	3529356.499	3.331
670915.201	3529355.762	3.358
670914.487	3529352.894	3.437
670914.276	3529352.203	3.466
670913.314	3529349.523	3.494
670912.637	3529347.915	3.548
670912.359	3529347.285	3.583
670911.927	3529346.357	3.596
670911.632	3529345.750	3.610
670910.265	3529343.038	3.640
670909.949	3529342.423	3.643
670909.456	3529341.507	3.654
670908.073	3529339.023	3.675
670907.718	3529338.416	3.687
670907.175	3529337.497	3.691
670906.236	3529335.968	3.711
670905.099	3529334.179	3.735
670903.954	3529332.452	3.738
670903.202	3529331.325	3.740
670902.280	3529329.941	3.737
670901.564	3529328.848	3.734
670900.521	3529327.241	3.721
670899.696	3529325.915	3.699
670898.767	3529324.337	3.687
670897.903	3529322.785	3.660
670897.356	3529321.765	3.647
670896.964	3529321.000	3.622
670895.772	3529318.479	3.578
670895.357	3529317.480	3.556
670894.717	3529315.740	3.514
670894.478	3529315.001	3.459
670894.255	3529314.267	3.438
670893.642	3529311.833	3.365
670893.590	3529311.595	3.357
670893.540	3529311.359	3.350
670893.324	3529310.188	3.326
670893.217	3529309.489	3.270
670893.096	3529308.341	3.230
670893.048	3529307.010	3.201
670893.040	3529306.132	3.151
670893.094	3529305.065	3.092
670893.121	3529304.648	3.077
670893.211	3529303.621	3.045
670893.378	3529302.428	2.991
670893.412	3529302.234	2.983
670893.481	3529301.847	2.975
670893.725	3529300.723	2.923
670894.057	3529299.430	2.896
670894.208	3529298.884	2.889
670894.503	3529297.833	2.886
670894.726	3529297.020	2.893
670894.842	3529296.586	2.903
670895.069	3529295.603	2.936
670895.122	3529295.353	2.940
670895.203	3529294.923	2.964
670895.273	3529294.509	2.992
670895.321	3529294.153	3.006
670895.371	3529293.665	3.027
670895.404	3529293.175	3.082
670895.411	3529292.959	3.107
670895.416	3529292.100	3.157
670895.404	3529291.692	3.182
670895.392	3529291.409	3.197
670895.372	3529291.117	3.216
670895.240	3529289.849	3.236
670895.195	3529289.508	3.247
670895.152	3529289.162	3.243
670895.109	3529288.813	3.241
670895.029	3529288.112	3.231
670894.924	3529286.892	3.201
670894.908	3529286.550	3.175
670894.909	3529286.221	3.154
670894.940	3529285.305	3.111
670895.003	3529284.504	3.070
670895.044	3529284.150	3.050
670895.147	3529283.411	3.012
670895.232	3529282.875	2.984
670895.259	3529282.725	2.970
670895.358	3529282.215	2.949
670895.382	3529282.102	2.946
670895.404	3529281.994	2.946
670895.470	3529281.914	2.946
670895.526	3529281.830	2.946
670895.578	3529281.736	2.946
