275216.460	3479699.829	3.5509
275216.408	3479699.723	3.5498
275216.353	3479699.608	3.5488
275216.297	3479699.490	3.5480
275216.252	3479699.396	3.5475
275216.204	3479699.292	3.5473
275216.150	3479699.177	3.5467
275216.093	3479699.052	3.5460
275216.033	3479698.921	3.5452
275215.972	3479698.786	3.5443
275215.910	3479698.647	3.5436
275215.847	3479698.505	3.5429
275215.781	3479698.360	3.5423
275215.715	3479698.211	3.5419
275215.647	3479698.060	3.5417
275215.579	3479697.906	3.5412
275215.508	3479697.749	3.5409
275215.436	3479697.591	3.5411
275215.363	3479697.431	3.5411
275215.288	3479697.268	3.5411
275215.213	3479697.103	3.5411
275215.136	3479696.934	3.5412
275215.058	3479696.764	3.5414
275214.978	3479696.590	3.5414
275214.898	3479696.414	3.5414
275214.815	3479696.235	3.5412
275214.732	3479696.053	3.5411
275214.690	3479695.960	3.5411
275214.648	3479695.867	3.5411
275214.605	3479695.772	3.5410
275214.562	3479695.677	3.5409
275214.518	3479695.581	3.5407
275214.475	3479695.484	3.5406
275214.430	3479695.386	3.5405
275214.386	3479695.288	3.5405
275214.341	3479695.189	3.5405
275214.297	3479695.090	3.5403
275214.251	3479694.990	3.5400
275214.206	3479694.890	3.5396
275214.161	3479694.789	3.5393
275214.115	3479694.688	3.5389
275214.070	3479694.587	3.5385
275214.024	3479694.485	3.5381
275213.978	3479694.382	3.5378
275213.931	3479694.280	3.5375
275213.885	3479694.177	3.5373
275213.838	3479694.073	3.5370
275213.791	3479693.969	3.5367
275213.744	3479693.864	3.5363
275213.697	3479693.758	3.5360
275213.649	3479693.651	3.5357
275213.601	3479693.544	3.5356
275213.553	3479693.435	3.5353
275213.504	3479693.326	3.5350
275213.455	3479693.216	3.5347
275213.406	3479693.106	3.5344
275213.357	3479692.995	3.5341
275213.306	3479692.883	3.5337
275213.256	3479692.770	3.5334
275213.206	3479692.657	3.5333
275213.155	3479692.543	3.5333
275213.104	3479692.429	3.5333
275213.053	3479692.314	3.5332
275213.002	3479692.199	3.5330
275212.950	3479692.083	3.5329
275212.898	3479691.966	3.5328
275212.846	3479691.849	3.5328
275212.794	3479691.731	3.5328
275212.742	3479691.613	3.5328
275212.690	3479691.494	3.5327
275212.638	3479691.375	3.5325
275212.586	3479691.255	3.5323
275212.532	3479691.135	3.5322
275212.479	3479691.015	3.5322
275212.426	3479690.893	3.5321
275212.372	3479690.771	3.5321
275212.318	3479690.648	3.5320
275212.264	3479690.525	3.5319
275212.209	3479690.402	3.5318
275212.155	3479690.277	3.5319
275212.100	3479690.152	3.5321
275212.045	3479690.026	3.5321
275211.990	3479689.900	3.5320
275211.935	3479689.773	3.5320
275211.879	3479689.646	3.5322
275211.823	3479689.518	3.5323
275211.767	3479689.390	3.5325
275211.709	3479689.261	3.5327
275211.651	3479689.131	3.5330
275211.593	3479689.001	3.5331
275211.535	3479688.870	3.5333
275211.477	3479688.739	3.5335
275211.418	3479688.606	3.5338
275211.360	3479688.474	3.5341
275211.301	3479688.340	3.5344
275211.241	3479688.207	3.5348
275211.182	3479688.072	3.5351
275211.122	3479687.937	3.5353
275211.061	3479687.802	3.5356
275211.000	3479687.667	3.5359
275210.939	3479687.531	3.5363
275210.878	3479687.394	3.5366
275210.816	3479687.257	3.5369
275210.755	3479687.119	3.5371
275210.693	3479686.981	3.5374
275210.631	3479686.842	3.5378
275210.569	3479686.702	3.5381
275210.506	3479686.563	3.5386
275210.444	3479686.423	3.5389
275210.381	3479686.283	3.5392
275210.318	3479686.143	3.5395
275210.254	3479686.002	3.5397
275210.190	3479685.861	3.5400
275210.126	3479685.719	3.5402
275210.061	3479685.577	3.5404
275209.997	3479685.435	3.5405
275209.932	3479685.292	3.5407
275209.867	3479685.148	3.5410
275209.802	3479685.005	3.5411
275209.737	3479684.860	3.5413
275209.672	3479684.715	3.5414
275209.606	3479684.570	3.5414
275209.540	3479684.425	3.5414
275209.473	3479684.279	3.5415
275209.407	3479684.132	3.5416
275209.340	3479683.985	3.5417
275209.273	3479683.838	3.5417
275209.207	3479683.689	3.5418
275209.141	3479683.540	3.5419
275209.074	3479683.390	3.5419
275209.008	3479683.240	3.5419
275208.941	3479683.090	3.5420
275208.874	3479682.940	3.5420
275208.806	3479682.789	3.5420
275208.738	3479682.637	3.5420
275208.670	3479682.486	3.5420
275208.602	3479682.333	3.5421
275208.533	3479682.180	3.5420
275208.464	3479682.026	3.5420
275208.396	3479681.871	3.5422
275208.327	3479681.715	3.5424
275208.258	3479681.559	3.5426
275208.189	3479681.402	3.5427
275208.118	3479681.245	3.5427
275208.046	3479681.087	3.5424
275207.974	3479680.928	3.5423
275207.902	3479680.769	3.5424
275207.829	3479680.610	3.5425
275207.754	3479680.450	3.5425
275207.680	3479680.290	3.5426
275207.605	3479680.129	3.5426
275207.530	3479679.967	3.5427
275207.456	3479679.804	3.5429
275207.381	3479679.641	3.5431
275207.305	3479679.477	3.5431
275207.229	3479679.312	3.5432
275207.152	3479679.147	3.5434
275207.076	3479678.982	3.5435
275206.998	3479678.816	3.5436
275206.920	3479678.650	3.5437
275206.843	3479678.484	3.5438
275206.765	3479678.317	3.5441
275206.689	3479678.151	3.5445
275206.612	3479677.984	3.5449
275206.535	3479677.818	3.5453
275206.458	3479677.653	3.5457
275206.381	3479677.488	3.5461
275206.305	3479677.322	3.5463
275206.230	3479677.156	3.5466
275206.155	3479676.991	3.5469
275206.080	3479676.826	3.5472
275206.005	3479676.661	3.5476
275205.931	3479676.498	3.5479
275205.857	3479676.335	3.5481
275205.783	3479676.173	3.5481
275205.709	3479676.011	3.5481
275205.635	3479675.850	3.5482
275205.563	3479675.690	3.5483
275205.490	3479675.530	3.5485
275205.418	3479675.370	3.5487
275205.346	3479675.211	3.5489
275205.275	3479675.053	3.5490
275205.203	3479674.896	3.5490
275205.132	3479674.739	3.5489
275205.060	3479674.583	3.5487
275204.989	3479674.427	3.5487
275204.919	3479674.272	3.5489
275204.848	3479674.118	3.5490
275204.777	3479673.966	3.5491
275204.706	3479673.814	3.5493
275204.636	3479673.663	3.5494
275204.566	3479673.512	3.5496
275204.497	3479673.362	3.5497
275204.427	3479673.212	3.5498
275204.358	3479673.064	3.5498
275204.289	3479672.915	3.5499
275204.220	3479672.768	3.5500
275204.151	3479672.620	3.5501
275204.083	3479672.474	3.5501
275204.014	3479672.328	3.5500
275203.947	3479672.182	3.5501
275203.879	3479672.037	3.5503
275203.812	3479671.893	3.5505
275203.745	3479671.749	3.5505
275203.678	3479671.606	3.5505
275203.612	3479671.463	3.5505
275203.545	3479671.322	3.5504
275203.479	3479671.180	3.5505
275203.414	3479671.039	3.5507
275203.349	3479670.898	3.5508
275203.284	3479670.758	3.5507
275203.219	3479670.618	3.5507
275203.155	3479670.479	3.5508
275203.091	3479670.341	3.5509
275203.027	3479670.203	3.5509
275202.963	3479670.065	3.5509
275202.900	3479669.928	3.5510
275202.837	3479669.791	3.5510
275202.775	3479669.656	3.5510
275202.712	3479669.520	3.5511
275202.650	3479669.386	3.5511
275202.588	3479669.252	3.5512
275202.526	3479669.118	3.5513
275202.465	3479668.985	3.5515
275202.404	3479668.852	3.5515
275202.343	3479668.719	3.5516
275202.281	3479668.587	3.5516
275202.220	3479668.456	3.5515
275202.159	3479668.326	3.5515
275202.099	3479668.197	3.5517
275202.038	3479668.068	3.5517
275201.977	3479667.939	3.5517
275201.917	3479667.810	3.5518
275201.856	3479667.682	3.5519
275201.796	3479667.554	3.5520
275201.736	3479667.425	3.5520
275201.675	3479667.296	3.5520
275201.614	3479667.165	3.5522
275201.552	3479667.034	3.5522
275201.490	3479666.902	3.5523
275201.428	3479666.769	3.5525
275201.365	3479666.635	3.5526
275201.302	3479666.501	3.5526
275201.238	3479666.366	3.5525
275201.174	3479666.230	3.5526
275201.110	3479666.093	3.5528
275201.045	3479665.955	3.5528
275200.980	3479665.816	3.5529
275200.915	3479665.675	3.5529
275200.849	3479665.533	3.5530
275200.783	3479665.391	3.5531
275200.716	3479665.248	3.5533
275200.649	3479665.104	3.5534
275200.582	3479664.959	3.5534
275200.514	3479664.813	3.5534
275200.446	3479664.667	3.5535
275200.377	3479664.519	3.5536
275200.308	3479664.371	3.5537
275200.239	3479664.222	3.5538
275200.169	3479664.072	3.5538
275200.099	3479663.922	3.5539
275200.029	3479663.770	3.5540
275199.958	3479663.618	3.5542
275199.887	3479663.464	3.5543
275199.815	3479663.311	3.5543
275199.743	3479663.156	3.5544
275199.670	3479663.001	3.5544
275199.597	3479662.845	3.5546
275199.524	3479662.689	3.5547
275199.450	3479662.532	3.5548
275199.376	3479662.374	3.5549
275199.301	3479662.215	3.5550
275199.227	3479662.056	3.5552
275199.151	3479661.896	3.5552
275199.076	3479661.735	3.5553
275198.999	3479661.573	3.5553
275198.923	3479661.411	3.5553
275198.845	3479661.247	3.5554
275198.768	3479661.083	3.5555
275198.690	3479660.919	3.5556
275198.612	3479660.754	3.5557
275198.534	3479660.587	3.5558
275198.455	3479660.421	3.5558
275198.376	3479660.253	3.5559
275198.297	3479660.085	3.5561
275198.218	3479659.916	3.5562
275198.137	3479659.747	3.5562
275198.057	3479659.577	3.5564
275197.976	3479659.406	3.5566
275197.894	3479659.235	3.5567
275197.813	3479659.063	3.5569
275197.730	3479658.891	3.5572
275197.648	3479658.717	3.5574
275197.565	3479658.543	3.5575
275197.483	3479658.368	3.5576
275197.399	3479658.193	3.5578
275197.315	3479658.017	3.5580
275197.231	3479657.841	3.5581
275197.146	3479657.664	3.5582
275197.061	3479657.486	3.5584
275196.976	3479657.308	3.5586
275196.890	3479657.129	3.5587
275196.805	3479656.949	3.5588
275196.719	3479656.769	3.5591
275196.633	3479656.588	3.5594
275196.546	3479656.407	3.5596
275196.459	3479656.225	3.5597
275196.371	3479656.041	3.5597
275196.284	3479655.857	3.5597
275196.196	3479655.672	3.5598
275196.109	3479655.485	3.5600
275196.020	3479655.298	3.5601
275195.932	3479655.111	3.5603
275195.843	3479654.923	3.5603
275195.754	3479654.735	3.5604
275195.664	3479654.546	3.5605
275195.574	3479654.356	3.5605
275195.484	3479654.166	3.5606
275195.394	3479653.975	3.5608
275195.304	3479653.784	3.5610
275195.214	3479653.592	3.5609
275195.123	3479653.399	3.5607
275195.032	3479653.207	3.5606
275194.940	3479653.015	3.5604
275194.849	3479652.822	3.5603
275194.757	3479652.628	3.5603
275194.666	3479652.436	3.5603
275194.575	3479652.244	3.5604
275194.484	3479652.052	3.5605
275194.394	3479651.861	3.5604
275194.303	3479651.671	3.5603
275194.213	3479651.481	3.5603
275194.122	3479651.292	3.5602
275194.032	3479651.103	3.5602
275193.942	3479650.916	3.5600
275193.852	3479650.728	3.5599
275193.764	3479650.541	3.5599
275193.675	3479650.355	3.5599
275193.587	3479650.170	3.5598
275193.500	3479649.986	3.5597
275193.412	3479649.802	3.5596
275193.325	3479649.620	3.5596
275193.238	3479649.437	3.5593
275193.151	3479649.255	3.5591
275193.064	3479649.071	3.5590
275192.977	3479648.888	3.5589
275192.890	3479648.704	3.5589
275192.804	3479648.521	3.5588
275192.717	3479648.337	3.5586
275192.630	3479648.154	3.5584
275192.543	3479647.970	3.5582
275192.455	3479647.786	3.5581
275192.368	3479647.602	3.5580
275192.281	3479647.417	3.5579
275192.194	3479647.232	3.5578
275192.108	3479647.047	3.5577
275192.021	3479646.862	3.5577
275191.933	3479646.676	3.5575
275191.846	3479646.491	3.5573
275191.758	3479646.305	3.5572
275191.670	3479646.119	3.5571
275191.582	3479645.933	3.5570
275191.494	3479645.747	3.5569
275191.407	3479645.560	3.5569
275191.319	3479645.374	3.5568
275191.232	3479645.187	3.5567
275191.144	3479645.000	3.5566
275191.055	3479644.812	3.5565
275190.965	3479644.624	3.5565
275190.876	3479644.436	3.5564
275190.787	3479644.248	3.5563
275190.698	3479644.059	3.5562
275190.609	3479643.871	3.5560
275190.520	3479643.682	3.5560
275190.431	3479643.493	3.5559
275190.341	3479643.304	3.5557
275190.251	3479643.115	3.5555
275190.162	3479642.926	3.5554
275190.072	3479642.737	3.5553
275189.983	3479642.548	3.5552
275189.894	3479642.358	3.5552
275189.804	3479642.168	3.5551
275189.715	3479641.978	3.5550
275189.625	3479641.788	3.5548
275189.535	3479641.599	3.5546
275189.445	3479641.408	3.5545
275189.355	3479641.218	3.5544
275189.266	3479641.028	3.5544
275189.177	3479640.837	3.5543
275189.088	3479640.646	3.5542
275188.999	3479640.455	3.5540
275188.909	3479640.264	3.5538
275188.820	3479640.073	3.5536
275188.730	3479639.881	3.5535
275188.640	3479639.690	3.5533
275188.551	3479639.499	3.5531
275188.461	3479639.307	3.5529
275188.371	3479639.115	3.5527
275188.282	3479638.923	3.5526
275188.193	3479638.731	3.5525
275188.104	3479638.538	3.5523
275188.014	3479638.346	3.5522
275187.925	3479638.154	3.5520
275187.835	3479637.961	3.5519
275187.745	3479637.769	3.5518
275187.655	3479637.576	3.5517
275187.566	3479637.383	3.5515
275187.476	3479637.190	3.5514
275187.386	3479636.998	3.5513
275187.296	3479636.805	3.5512
275187.206	3479636.612	3.5510
275187.116	3479636.419	3.5510
275187.025	3479636.226	3.5508
275186.935	3479636.033	3.5507
275186.845	3479635.840	3.5506
275186.755	3479635.646	3.5505
275186.664	3479635.453	3.5504
275186.574	3479635.260	3.5503
275186.484	3479635.066	3.5502
275186.393	3479634.873	3.5501
275186.303	3479634.679	3.5500
275186.213	3479634.485	3.5500
275186.123	3479634.292	3.5500
275186.033	3479634.098	3.5500
275185.942	3479633.904	3.5501
275185.852	3479633.711	3.5501
275185.762	3479633.518	3.5501
275185.672	3479633.325	3.5501
275185.582	3479633.133	3.5501
275185.493	3479632.940	3.5502
275185.404	3479632.749	3.5503
275185.315	3479632.557	3.5504
275185.227	3479632.367	3.5506
275185.139	3479632.177	3.5506
275185.051	3479631.989	3.5506
275184.964	3479631.801	3.5507
275184.877	3479631.615	3.5507
275184.790	3479631.429	3.5508
275184.704	3479631.244	3.5509
275184.619	3479631.060	3.5511
275184.534	3479630.877	3.5513
275184.449	3479630.695	3.5513
275184.365	3479630.514	3.5513
275184.281	3479630.334	3.5513
275184.197	3479630.154	3.5514
275184.113	3479629.974	3.5514
275184.028	3479629.794	3.5515
275183.945	3479629.614	3.5516
275183.861	3479629.434	3.5515
275183.778	3479629.254	3.5516
275183.694	3479629.074	3.5515
275183.611	3479628.894	3.5515
275183.527	3479628.713	3.5515
275183.444	3479628.533	3.5516
275183.360	3479628.353	3.5515
275183.276	3479628.172	3.5515
275183.192	3479627.991	3.5514
275183.108	3479627.810	3.5513
275183.024	3479627.629	3.5514
275182.940	3479627.448	3.5514
275182.856	3479627.266	3.5513
275182.771	3479627.085	3.5512
275182.687	3479626.903	3.5511
275182.602	3479626.722	3.5511
275182.518	3479626.540	3.5510
275182.433	3479626.358	3.5510
275182.349	3479626.175	3.5510
275182.265	3479625.993	3.5511
275182.180	3479625.809	3.5510
275182.095	3479625.626	3.5508
275182.010	3479625.442	3.5508
275181.924	3479625.259	3.5507
275181.839	3479625.075	3.5507
275181.754	3479624.892	3.5506
275181.669	3479624.707	3.5505
275181.584	3479624.524	3.5505
275181.499	3479624.340	3.5504
275181.414	3479624.155	3.5504
275181.329	3479623.971	3.5503
275181.244	3479623.787	3.5502
275181.159	3479623.603	3.5500
275181.073	3479623.419	3.5499
275180.988	3479623.235	3.5498
275180.903	3479623.051	3.5496
275180.818	3479622.867	3.5496
275180.733	3479622.683	3.5496
275180.649	3479622.498	3.5495
275180.564	3479622.314	3.5492
275180.479	3479622.131	3.5491
275180.394	3479621.947	3.5490
275180.309	3479621.764	3.5489
275180.224	3479621.580	3.5488
275180.139	3479621.397	3.5487
275180.054	3479621.213	3.5487
275179.970	3479621.030	3.5486
275179.885	3479620.846	3.5485
275179.801	3479620.662	3.5484
275179.716	3479620.478	3.5482
275179.631	3479620.295	3.5481
275179.546	3479620.111	3.5480
275179.461	3479619.927	3.5478
275179.376	3479619.744	3.5476
275179.292	3479619.560	3.5475
275179.207	3479619.376	3.5474
275179.123	3479619.192	3.5473
275179.038	3479619.008	3.5472
275178.954	3479618.824	3.5470
275178.870	3479618.640	3.5470
275178.786	3479618.456	3.5468
275178.703	3479618.272	3.5467
275178.619	3479618.088	3.5465
275178.536	3479617.903	3.5465
275178.453	3479617.719	3.5465
275178.370	3479617.534	3.5464
275178.287	3479617.350	3.5464
275178.204	3479617.165	3.5463
275178.120	3479616.981	3.5461
275178.037	3479616.797	3.5460
275177.953	3479616.612	3.5459
275177.870	3479616.428	3.5459
275177.787	3479616.244	3.5459
275177.704	3479616.059	3.5459
275177.621	3479615.875	3.5458
275177.538	3479615.690	3.5456
275177.455	3479615.506	3.5455
275177.371	3479615.321	3.5455
275177.288	3479615.137	3.5454
275177.204	3479614.952	3.5454
275177.119	3479614.767	3.5454
275177.035	3479614.582	3.5454
275176.950	3479614.397	3.5453
275176.865	3479614.212	3.5452
275176.780	3479614.027	3.5451
275176.696	3479613.842	3.5450
275176.611	3479613.658	3.5449
275176.526	3479613.473	3.5448
275176.441	3479613.288	3.5448
275176.356	3479613.103	3.5447
275176.272	3479612.918	3.5446
275176.188	3479612.734	3.5446
275176.104	3479612.550	3.5446
275176.020	3479612.366	3.5444
275175.936	3479612.183	3.5443
275175.852	3479612.000	3.5443
275175.769	3479611.819	3.5442
275175.686	3479611.638	3.5441
275175.604	3479611.458	3.5441
275175.521	3479611.278	3.5440
275175.439	3479611.100	3.5440
275175.358	3479610.922	3.5440
275175.277	3479610.745	3.5439
275175.196	3479610.569	3.5439
275175.116	3479610.395	3.5439
275175.036	3479610.221	3.5438
275174.957	3479610.048	3.5437
275174.877	3479609.876	3.5437
275174.799	3479609.705	3.5436
275174.721	3479609.535	3.5437
275174.644	3479609.366	3.5436
275174.566	3479609.198	3.5436
275174.490	3479609.031	3.5435
275174.414	3479608.865	3.5434
275174.338	3479608.699	3.5434
275174.262	3479608.535	3.5433
275174.187	3479608.372	3.5433
275174.113	3479608.210	3.5432
275174.039	3479608.048	3.5432
275173.966	3479607.887	3.5432
275173.893	3479607.727	3.5432
275173.821	3479607.568	3.5431
275173.750	3479607.409	3.5430
275173.678	3479607.252	3.5428
275173.607	3479607.095	3.5428
275173.537	3479606.940	3.5427
275173.466	3479606.784	3.5427
275173.396	3479606.629	3.5426
275173.326	3479606.474	3.5425
275173.256	3479606.319	3.5425
275173.186	3479606.164	3.5424
275173.116	3479606.008	3.5423
275173.046	3479605.852	3.5422
275172.976	3479605.696	3.5422
275172.905	3479605.540	3.5420
275172.834	3479605.384	3.5419
275172.764	3479605.227	3.5419
275172.693	3479605.070	3.5417
275172.622	3479604.913	3.5416
275172.550	3479604.756	3.5415
275172.479	3479604.598	3.5415
275172.407	3479604.440	3.5414
275172.335	3479604.281	3.5413
275172.263	3479604.123	3.5412
275172.190	3479603.964	3.5411
275172.117	3479603.805	3.5410
275172.045	3479603.646	3.5409
275171.972	3479603.488	3.5409
275171.899	3479603.328	3.5408
275171.827	3479603.169	3.5408
275171.755	3479603.009	3.5408
275171.682	3479602.849	3.5409
275171.610	3479602.689	3.5410
275171.537	3479602.529	3.5411
275171.464	3479602.369	3.5410
275171.390	3479602.209	3.5410
275171.317	3479602.049	3.5410
275171.244	3479601.888	3.5410
275171.171	3479601.728	3.5411
275171.098	3479601.567	3.5412
275171.026	3479601.407	3.5413
275170.955	3479601.246	3.5414
275170.883	3479601.086	3.5415
275170.811	3479600.925	3.5415
275170.739	3479600.764	3.5415
275170.666	3479600.603	3.5416
275170.593	3479600.442	3.5417
275170.521	3479600.281	3.5419
275170.448	3479600.120	3.5420
275170.376	3479599.958	3.5422
275170.304	3479599.797	3.5424
275170.231	3479599.635	3.5426
275170.158	3479599.473	3.5428
275170.085	3479599.312	3.5430
275170.012	3479599.150	3.5432
275169.939	3479598.988	3.5434
275169.866	3479598.826	3.5436
275169.793	3479598.664	3.5438
275169.720	3479598.501	3.5440
275169.646	3479598.339	3.5443
275169.573	3479598.177	3.5445
275169.499	3479598.014	3.5447
275169.425	3479597.852	3.5448
275169.351	3479597.690	3.5450
275169.277	3479597.527	3.5453
275169.202	3479597.365	3.5455
275169.127	3479597.202	3.5457
275169.052	3479597.040	3.5459
275168.978	3479596.877	3.5461
275168.903	3479596.714	3.5465
275168.829	3479596.551	3.5469
275168.755	3479596.387	3.5472
275168.681	3479596.224	3.5476
275168.606	3479596.060	3.5479
275168.531	3479595.897	3.5482
275168.456	3479595.733	3.5485
275168.380	3479595.570	3.5488
275168.305	3479595.406	3.5491
275168.229	3479595.243	3.5494
275168.153	3479595.079	3.5498
275168.077	3479594.914	3.5502
275168.000	3479594.750	3.5506
275167.924	3479594.585	3.5510
275167.847	3479594.420	3.5514
275167.771	3479594.255	3.5518
275167.694	3479594.091	3.5523
275167.616	3479593.926	3.5528
275167.539	3479593.761	3.5534
275167.461	3479593.596	3.5540
275167.383	3479593.431	3.5547
275167.305	3479593.266	3.5554
275167.228	3479593.101	3.5561
275167.150	3479592.935	3.5567
275167.072	3479592.770	3.5573
275166.994	3479592.604	3.5580
275166.915	3479592.439	3.5587
275166.836	3479592.274	3.5593
275166.757	3479592.108	3.5598
275166.677	3479591.942	3.5603
275166.598	3479591.776	3.5608
275166.520	3479591.609	3.5613
275166.441	3479591.442	3.5618
275166.362	3479591.275	3.5624
275166.283	3479591.108	3.5629
275166.204	3479590.940	3.5634
275166.124	3479590.773	3.5639
275166.045	3479590.606	3.5643
275165.964	3479590.438	3.5647
275165.884	3479590.271	3.5652
275165.804	3479590.103	3.5657
275165.724	3479589.935	3.5663
275165.644	3479589.767	3.5669
275165.564	3479589.599	3.5673
275165.483	3479589.430	3.5678
275165.402	3479589.262	3.5685
275165.321	3479589.093	3.5690
275165.240	3479588.924	3.5693
275165.158	3479588.756	3.5697
275165.076	3479588.587	3.5702
275164.995	3479588.418	3.5708
275164.913	3479588.250	3.5714
275164.832	3479588.082	3.5719
275164.750	3479587.913	3.5724
275164.668	3479587.745	3.5730
275164.585	3479587.576	3.5733
275164.503	3479587.408	3.5736
275164.420	3479587.240	3.5741
275164.337	3479587.071	3.5745
275164.254	3479586.902	3.5750
275164.171	3479586.733	3.5755
275164.088	3479586.563	3.5760
275164.005	3479586.394	3.5764
275163.921	3479586.224	3.5769
275163.837	3479586.054	3.5773
275163.753	3479585.885	3.5777
275163.669	3479585.715	3.5781
275163.585	3479585.545	3.5786
275163.501	3479585.375	3.5790
275163.417	3479585.205	3.5795
275163.333	3479585.034	3.5799
275163.248	3479584.864	3.5801
275163.163	3479584.694	3.5801
275163.079	3479584.524	3.5799
275162.994	3479584.354	3.5796
275162.910	3479584.185	3.5791
275162.826	3479584.016	3.5786
275162.743	3479583.848	3.5782
275162.660	3479583.681	3.5779
275162.578	3479583.514	3.5776
275162.496	3479583.348	3.5774
275162.414	3479583.182	3.5770
275162.332	3479583.018	3.5766
275162.252	3479582.854	3.5762
275162.171	3479582.692	3.5758
275162.092	3479582.530	3.5753
275162.013	3479582.369	3.5749
275161.935	3479582.209	3.5745
275161.857	3479582.050	3.5740
275161.780	3479581.892	3.5737
275161.702	3479581.735	3.5733
275161.625	3479581.578	3.5727
275161.548	3479581.423	3.5721
275161.472	3479581.269	3.5713
275161.398	3479581.117	3.5705
275161.324	3479580.967	3.5697
275161.251	3479580.818	3.5689
275161.180	3479580.671	3.5680
275161.110	3479580.526	3.5673
275161.042	3479580.383	3.5668
275160.974	3479580.242	3.5663
275160.907	3479580.103	3.5657
275160.840	3479579.966	3.5650
275160.775	3479579.830	3.5644
275160.711	3479579.697	3.5638
275160.648	3479579.566	3.5633
275160.586	3479579.437	3.5630
275160.525	3479579.309	3.5627
275160.465	3479579.184	3.5624
275160.406	3479579.061	3.5622
275160.348	3479578.940	3.5619
275160.292	3479578.821	3.5617
275160.236	3479578.705	3.5616
275160.182	3479578.590	3.5615
275160.128	3479578.478	3.5613
275160.075	3479578.367	3.5612
275160.024	3479578.258	3.5611
275159.973	3479578.151	3.5610
275159.922	3479578.045	3.5609
275159.873	3479577.941	3.5608
275159.824	3479577.838	3.5606
275159.776	3479577.737	3.5605
275159.729	3479577.638	3.5604
275159.682	3479577.541	3.5603
275159.637	3479577.445	3.5601
275159.592	3479577.350	3.5599
275159.548	3479577.258	3.5599
275159.505	3479577.167	3.5598
275159.421	3479576.991	3.5597
275159.342	3479576.822	3.5595
275159.267	3479576.661	3.5594
275159.195	3479576.509	3.5592
275159.127	3479576.365	3.5590
275159.063	3479576.229	3.5588
275159.004	3479576.101	3.5588
275158.948	3479575.982	3.5586
275158.896	3479575.871	3.5584
275158.849	3479575.770	3.5583
275158.806	3479575.677	3.5581
275158.748	3479575.553	3.5580
