670827.530	3529879.958	3.0635
670827.538	3529879.850	3.0632
670827.548	3529879.741	3.0633
670827.557	3529879.641	3.0635
670827.567	3529879.515	3.0638
670827.580	3529879.361	3.0642
670827.590	3529879.244	3.0645
670827.601	3529879.116	3.0647
670827.612	3529878.978	3.0654
670827.624	3529878.831	3.0660
670827.637	3529878.675	3.0666
670827.650	3529878.509	3.0675
670827.664	3529878.335	3.0684
670827.678	3529878.151	3.0696
670827.694	3529877.958	3.0713
670827.709	3529877.756	3.0729
670827.717	3529877.651	3.0736
670827.724	3529877.544	3.0743
670827.732	3529877.435	3.0750
670827.740	3529877.324	3.0756
670827.748	3529877.210	3.0760
670827.756	3529877.095	3.0762
670827.764	3529876.978	3.0767
670827.773	3529876.858	3.0767
670827.781	3529876.737	3.0766
670827.789	3529876.613	3.0766
670827.798	3529876.487	3.0766
670827.806	3529876.358	3.0767
670827.815	3529876.228	3.0767
670827.825	3529876.095	3.0766
670827.834	3529875.960	3.0764
670827.843	3529875.823	3.0762
670827.853	3529875.684	3.0761
670827.863	3529875.542	3.0760
670827.873	3529875.398	3.0759
670827.883	3529875.252	3.0759
670827.893	3529875.103	3.0759
670827.904	3529874.952	3.0758
670827.914	3529874.799	3.0757
670827.925	3529874.643	3.0756
670827.937	3529874.485	3.0757
670827.949	3529874.324	3.0759
670827.962	3529874.162	3.0758
670827.975	3529873.998	3.0760
670827.988	3529873.831	3.0761
670828.001	3529873.661	3.0760
670828.014	3529873.490	3.0759
670828.027	3529873.317	3.0757
670828.041	3529873.141	3.0756
670828.055	3529872.962	3.0754
670828.070	3529872.781	3.0751
670828.085	3529872.597	3.0749
670828.100	3529872.412	3.0748
670828.115	3529872.223	3.0747
670828.130	3529872.033	3.0746
670828.146	3529871.840	3.0746
670828.162	3529871.644	3.0745
670828.177	3529871.446	3.0744
670828.193	3529871.246	3.0741
670828.209	3529871.043	3.0739
670828.225	3529870.838	3.0739
670828.241	3529870.630	3.0739
670828.258	3529870.419	3.0738
670828.274	3529870.204	3.0735
670828.291	3529869.986	3.0733
670828.308	3529869.767	3.0732
670828.325	3529869.545	3.0730
670828.342	3529869.320	3.0728
670828.360	3529869.093	3.0727
670828.379	3529868.864	3.0725
670828.397	3529868.632	3.0722
670828.415	3529868.397	3.0720
670828.433	3529868.160	3.0718
670828.452	3529867.921	3.0715
670828.471	3529867.680	3.0711
670828.491	3529867.436	3.0707
670828.510	3529867.190	3.0706
670828.530	3529866.941	3.0706
670828.550	3529866.691	3.0703
670828.571	3529866.438	3.0698
670828.592	3529866.183	3.0694
670828.613	3529865.926	3.0692
670828.634	3529865.667	3.0692
670828.655	3529865.407	3.0691
670828.676	3529865.144	3.0688
670828.697	3529864.880	3.0682
670828.718	3529864.614	3.0678
670828.740	3529864.346	3.0676
670828.763	3529864.075	3.0674
670828.785	3529863.803	3.0672
670828.808	3529863.528	3.0668
670828.830	3529863.252	3.0665
670828.853	3529862.974	3.0661
670828.876	3529862.694	3.0657
670828.899	3529862.412	3.0654
670828.923	3529862.129	3.0650
670828.947	3529861.843	3.0648
670828.971	3529861.556	3.0647
670828.995	3529861.267	3.0642
670829.019	3529860.977	3.0639
670829.043	3529860.684	3.0636
670829.068	3529860.389	3.0633
670829.096	3529860.091	3.0631
670829.124	3529859.791	3.0629
670829.151	3529859.492	3.0625
670829.174	3529859.190	3.0622
670829.193	3529858.887	3.0614
670829.212	3529858.582	3.0603
670829.235	3529858.275	3.0595
670829.262	3529857.968	3.0596
670829.291	3529857.659	3.0602
670829.319	3529857.348	3.0599
670829.345	3529857.034	3.0594
670829.370	3529856.719	3.0591
670829.396	3529856.403	3.0590
670829.422	3529856.084	3.0590
670829.448	3529855.765	3.0590
670829.475	3529855.443	3.0590
670829.503	3529855.121	3.0593
670829.530	3529854.798	3.0595
670829.559	3529854.472	3.0598
670829.587	3529854.145	3.0600
670829.615	3529853.816	3.0602
670829.643	3529853.486	3.0603
670829.671	3529853.155	3.0604
670829.699	3529852.822	3.0606
670829.728	3529852.488	3.0610
670829.757	3529852.153	3.0614
670829.786	3529851.816	3.0618
670829.814	3529851.478	3.0622
670829.843	3529851.138	3.0626
670829.871	3529850.797	3.0632
670829.900	3529850.454	3.0639
670829.929	3529850.109	3.0643
670829.957	3529849.763	3.0647
670829.985	3529849.416	3.0649
670830.013	3529849.068	3.0652
670830.042	3529848.718	3.0654
670830.071	3529848.367	3.0655
670830.099	3529848.015	3.0656
670830.127	3529847.661	3.0658
670830.155	3529847.306	3.0661
670830.183	3529846.951	3.0663
670830.211	3529846.595	3.0664
670830.239	3529846.237	3.0665
670830.267	3529845.879	3.0667
670830.296	3529845.519	3.0667
670830.324	3529845.159	3.0665
670830.353	3529844.797	3.0662
670830.382	3529844.433	3.0658
670830.412	3529844.069	3.0654
670830.442	3529843.703	3.0651
670830.472	3529843.337	3.0650
670830.503	3529842.969	3.0649
670830.534	3529842.600	3.0647
670830.566	3529842.231	3.0646
670830.598	3529841.859	3.0645
670830.630	3529841.487	3.0646
670830.662	3529841.113	3.0648
670830.694	3529840.738	3.0649
670830.725	3529840.362	3.0650
670830.757	3529839.984	3.0649
670830.788	3529839.606	3.0647
670830.819	3529839.226	3.0646
670830.849	3529838.845	3.0644
670830.880	3529838.463	3.0644
670830.911	3529838.080	3.0644
670830.943	3529837.695	3.0644
670830.974	3529837.309	3.0644
670831.005	3529836.922	3.0644
670831.037	3529836.534	3.0643
670831.068	3529836.145	3.0643
670831.100	3529835.754	3.0644
670831.132	3529835.362	3.0642
670831.164	3529834.969	3.0640
670831.198	3529834.575	3.0640
670831.234	3529834.179	3.0638
670831.270	3529833.784	3.0641
670831.303	3529833.389	3.0643
670831.333	3529832.995	3.0640
670831.362	3529832.601	3.0633
670831.393	3529832.206	3.0629
670831.426	3529831.810	3.0629
670831.460	3529831.411	3.0626
670831.493	3529831.013	3.0624
670831.526	3529830.613	3.0621
670831.559	3529830.214	3.0619
670831.593	3529829.814	3.0617
670831.627	3529829.413	3.0616
670831.662	3529829.013	3.0616
670831.697	3529828.612	3.0617
670831.732	3529828.212	3.0617
670831.767	3529827.811	3.0617
670831.801	3529827.410	3.0617
670831.836	3529827.009	3.0617
670831.871	3529826.607	3.0616
670831.905	3529826.206	3.0616
670831.940	3529825.804	3.0616
670831.974	3529825.403	3.0617
670832.009	3529825.002	3.0617
670832.044	3529824.600	3.0614
670832.079	3529824.197	3.0613
670832.114	3529823.795	3.0613
670832.149	3529823.392	3.0613
670832.184	3529822.990	3.0613
670832.219	3529822.586	3.0613
670832.254	3529822.183	3.0614
670832.289	3529821.779	3.0616
670832.323	3529821.375	3.0619
670832.358	3529820.971	3.0622
670832.392	3529820.566	3.0625
670832.425	3529820.162	3.0628
670832.459	3529819.757	3.0631
670832.492	3529819.352	3.0634
670832.524	3529818.947	3.0638
670832.557	3529818.542	3.0642
670832.590	3529818.137	3.0646
670832.624	3529817.732	3.0648
670832.658	3529817.326	3.0650
670832.691	3529816.920	3.0651
670832.724	3529816.513	3.0652
670832.758	3529816.107	3.0654
670832.790	3529815.701	3.0658
670832.822	3529815.293	3.0659
670832.853	3529814.887	3.0660
670832.885	3529814.480	3.0662
670832.917	3529814.072	3.0664
670832.948	3529813.665	3.0665
670832.979	3529813.258	3.0666
670833.010	3529812.850	3.0665
670833.041	3529812.443	3.0665
670833.072	3529812.035	3.0664
670833.103	3529811.626	3.0664
670833.134	3529811.218	3.0663
670833.167	3529810.810	3.0663
670833.199	3529810.403	3.0663
670833.232	3529809.996	3.0663
670833.264	3529809.588	3.0663
670833.296	3529809.180	3.0663
670833.329	3529808.772	3.0663
670833.361	3529808.364	3.0663
670833.393	3529807.956	3.0663
670833.426	3529807.547	3.0663
670833.461	3529807.137	3.0663
670833.495	3529806.728	3.0661
670833.529	3529806.319	3.0657
670833.564	3529805.911	3.0654
670833.599	3529805.502	3.0652
670833.635	3529805.094	3.0651
670833.671	3529804.685	3.0649
670833.707	3529804.276	3.0649
670833.742	3529803.868	3.0646
670833.776	3529803.459	3.0650
670833.811	3529803.050	3.0653
670833.847	3529802.641	3.0654
670833.883	3529802.230	3.0653
670833.918	3529801.819	3.0648
670833.956	3529801.407	3.0644
670833.993	3529800.997	3.0641
670834.028	3529800.588	3.0633
670834.063	3529800.179	3.0628
670834.099	3529799.768	3.0628
670834.137	3529799.355	3.0628
670834.176	3529798.939	3.0629
670834.215	3529798.523	3.0632
670834.253	3529798.105	3.0638
670834.291	3529797.687	3.0647
670834.328	3529797.270	3.0655
670834.364	3529796.852	3.0659
670834.401	3529796.433	3.0662
670834.437	3529796.013	3.0662
670834.473	3529795.593	3.0660
670834.509	3529795.173	3.0659
670834.546	3529794.752	3.0656
670834.583	3529794.330	3.0655
670834.621	3529793.907	3.0655
670834.660	3529793.485	3.0657
670834.698	3529793.062	3.0658
670834.737	3529792.639	3.0659
670834.773	3529792.217	3.0662
670834.808	3529791.793	3.0661
670834.842	3529791.368	3.0658
670834.877	3529790.942	3.0660
670834.911	3529790.516	3.0658
670834.946	3529790.090	3.0655
670834.980	3529789.666	3.0657
670835.014	3529789.242	3.0659
670835.047	3529788.817	3.0660
670835.081	3529788.392	3.0660
670835.116	3529787.966	3.0661
670835.149	3529787.540	3.0661
670835.182	3529787.113	3.0660
670835.214	3529786.685	3.0659
670835.245	3529786.258	3.0657
670835.276	3529785.831	3.0655
670835.307	3529785.404	3.0653
670835.340	3529784.976	3.0652
670835.372	3529784.548	3.0653
670835.406	3529784.120	3.0654
670835.438	3529783.691	3.0655
670835.471	3529783.263	3.0655
670835.504	3529782.834	3.0655
670835.538	3529782.406	3.0656
670835.573	3529781.978	3.0657
670835.607	3529781.550	3.0658
670835.641	3529781.121	3.0658
670835.675	3529780.692	3.0658
670835.709	3529780.264	3.0659
670835.744	3529779.834	3.0659
670835.778	3529779.405	3.0659
670835.812	3529778.975	3.0659
670835.846	3529778.545	3.0657
670835.880	3529778.115	3.0658
670835.914	3529777.684	3.0658
670835.949	3529777.254	3.0658
670835.984	3529776.823	3.0658
670836.019	3529776.392	3.0660
670836.054	3529775.962	3.0659
670836.089	3529775.531	3.0658
670836.124	3529775.099	3.0658
670836.158	3529774.666	3.0659
670836.193	3529774.234	3.0660
670836.228	3529773.801	3.0660
670836.264	3529773.370	3.0660
670836.299	3529772.938	3.0660
670836.334	3529772.507	3.0660
670836.369	3529772.075	3.0659
670836.404	3529771.643	3.0659
670836.439	3529771.211	3.0659
670836.475	3529770.779	3.0660
670836.511	3529770.347	3.0659
670836.547	3529769.915	3.0658
670836.583	3529769.482	3.0657
670836.620	3529769.049	3.0655
670836.657	3529768.617	3.0654
670836.694	3529768.185	3.0653
670836.732	3529767.754	3.0653
670836.769	3529767.323	3.0653
670836.806	3529766.892	3.0652
670836.843	3529766.461	3.0650
670836.880	3529766.031	3.0648
670836.918	3529765.600	3.0648
670836.954	3529765.170	3.0646
670836.990	3529764.739	3.0642
670837.025	3529764.309	3.0639
670837.061	3529763.879	3.0637
670837.097	3529763.450	3.0634
670837.130	3529763.021	3.0630
670837.161	3529762.593	3.0625
670837.192	3529762.164	3.0619
670837.228	3529761.734	3.0613
670837.266	3529761.304	3.0609
670837.307	3529760.875	3.0607
670837.346	3529760.445	3.0608
670837.384	3529760.017	3.0608
670837.422	3529759.590	3.0610
670837.462	3529759.163	3.0612
670837.500	3529758.736	3.0611
670837.537	3529758.308	3.0608
670837.574	3529757.878	3.0605
670837.609	3529757.448	3.0601
670837.646	3529757.018	3.0598
670837.688	3529756.583	3.0597
670837.732	3529756.148	3.0596
670837.777	3529755.711	3.0596
670837.822	3529755.275	3.0598
670837.867	3529754.838	3.0599
670837.913	3529754.400	3.0601
670837.958	3529753.963	3.0602
670838.002	3529753.527	3.0604
670838.047	3529753.090	3.0606
670838.092	3529752.654	3.0607
670838.136	3529752.217	3.0607
670838.180	3529751.781	3.0607
670838.225	3529751.344	3.0608
670838.270	3529750.909	3.0610
670838.314	3529750.474	3.0612
670838.358	3529750.040	3.0613
670838.402	3529749.608	3.0616
670838.447	3529749.175	3.0617
670838.490	3529748.744	3.0618
670838.533	3529748.314	3.0619
670838.572	3529747.889	3.0621
670838.605	3529747.468	3.0624
670838.638	3529747.048	3.0626
670838.670	3529746.629	3.0627
670838.703	3529746.212	3.0627
670838.735	3529745.796	3.0628
670838.767	3529745.382	3.0628
670838.798	3529744.969	3.0628
670838.830	3529744.558	3.0630
670838.861	3529744.149	3.0631
670838.893	3529743.741	3.0632
670838.925	3529743.335	3.0633
670838.956	3529742.930	3.0634
670838.987	3529742.527	3.0635
670839.018	3529742.126	3.0636
670839.049	3529741.726	3.0637
670839.080	3529741.327	3.0638
670839.111	3529740.929	3.0639
670839.142	3529740.534	3.0640
670839.172	3529740.139	3.0642
670839.204	3529739.748	3.0642
670839.238	3529739.359	3.0643
670839.271	3529738.972	3.0643
670839.305	3529738.587	3.0645
670839.338	3529738.204	3.0646
670839.371	3529737.822	3.0647
670839.404	3529737.441	3.0647
670839.437	3529737.062	3.0648
670839.470	3529736.685	3.0649
670839.503	3529736.311	3.0651
670839.534	3529735.939	3.0652
670839.566	3529735.569	3.0652
670839.598	3529735.202	3.0654
670839.629	3529734.839	3.0655
670839.661	3529734.479	3.0657
670839.691	3529734.122	3.0657
670839.720	3529733.768	3.0656
670839.747	3529733.420	3.0655
670839.772	3529733.074	3.0657
670839.797	3529732.731	3.0659
670839.824	3529732.389	3.0661
670839.853	3529732.049	3.0664
670839.884	3529731.712	3.0665
670839.916	3529731.379	3.0666
670839.947	3529731.050	3.0665
670839.975	3529730.725	3.0666
670840.002	3529730.405	3.0666
670840.028	3529730.089	3.0666
670840.054	3529729.778	3.0668
670840.080	3529729.470	3.0671
670840.106	3529729.167	3.0674
670840.131	3529728.868	3.0675
670840.156	3529728.573	3.0673
670840.180	3529728.281	3.0671
670840.204	3529727.993	3.0667
670840.227	3529727.709	3.0664
670840.251	3529727.428	3.0658
670840.275	3529727.151	3.0653
670840.299	3529726.877	3.0649
670840.323	3529726.605	3.0646
670840.348	3529726.334	3.0641
670840.373	3529726.064	3.0633
670840.397	3529725.795	3.0621
670840.422	3529725.528	3.0604
670840.447	3529725.263	3.0583
670840.475	3529724.998	3.0556
670840.503	3529724.736	3.0526
670840.531	3529724.475	3.0488
670840.560	3529724.216	3.0444
670840.588	3529723.957	3.0393
670840.617	3529723.700	3.0335
670840.648	3529723.444	3.0273
670840.682	3529723.189	3.0210
670840.717	3529722.937	3.0144
670840.755	3529722.685	3.0074
670840.794	3529722.435	2.9998
670840.833	3529722.187	2.9914
670840.874	3529721.939	2.9825
670840.916	3529721.694	2.9731
670840.960	3529721.451	2.9634
670841.007	3529721.207	2.9537
670841.056	3529720.965	2.9433
670841.107	3529720.725	2.9324
670841.160	3529720.486	2.9210
670841.216	3529720.249	2.9092
670841.273	3529720.013	2.8972
670841.334	3529719.780	2.8853
670841.397	3529719.549	2.8735
670841.462	3529719.320	2.8618
670841.531	3529719.093	2.8499
670841.601	3529718.868	2.8375
670841.672	3529718.645	2.8247
670841.747	3529718.424	2.8114
670841.823	3529718.206	2.7975
670841.903	3529717.991	2.7832
670841.986	3529717.779	2.7685
670842.071	3529717.570	2.7533
670842.160	3529717.363	2.7380
670842.250	3529717.159	2.7223
670842.343	3529716.957	2.7065
670842.437	3529716.760	2.6906
670842.532	3529716.568	2.6747
670842.630	3529716.380	2.6588
670842.731	3529716.194	2.6427
670842.833	3529716.012	2.6265
670842.937	3529715.832	2.6102
670843.044	3529715.655	2.5938
670843.153	3529715.481	2.5775
670843.264	3529715.310	2.5615
670843.376	3529715.141	2.5460
670843.491	3529714.976	2.5309
670843.607	3529714.814	2.5159
670843.725	3529714.654	2.5009
670843.845	3529714.496	2.4860
670843.967	3529714.341	2.4713
670844.091	3529714.188	2.4566
670844.217	3529714.035	2.4416
670844.345	3529713.885	2.4264
670844.476	3529713.737	2.4111
670844.610	3529713.590	2.3957
670844.747	3529713.446	2.3802
670844.886	3529713.305	2.3647
670845.028	3529713.165	2.3493
670845.175	3529713.026	2.3340
670845.324	3529712.889	2.3187
670845.478	3529712.752	2.3034
670845.635	3529712.617	2.2877
670845.794	3529712.482	2.2718
670845.957	3529712.348	2.2557
670846.124	3529712.216	2.2394
670846.294	3529712.085	2.2231
670846.467	3529711.957	2.2069
670846.645	3529711.832	2.1907
670846.825	3529711.708	2.1743
670847.010	3529711.587	2.1578
670847.197	3529711.468	2.1411
670847.388	3529711.350	2.1246
670847.581	3529711.235	2.1082
670847.778	3529711.122	2.0922
670847.978	3529711.011	2.0764
670848.183	3529710.902	2.0609
670848.392	3529710.795	2.0456
670848.603	3529710.689	2.0301
670848.818	3529710.587	2.0143
670849.037	3529710.489	1.9985
670849.258	3529710.394	1.9828
670849.482	3529710.302	1.9672
670849.709	3529710.212	1.9517
670849.938	3529710.124	1.9361
670850.169	3529710.039	1.9203
670850.402	3529709.957	1.9046
670850.638	3529709.878	1.8892
670850.876	3529709.803	1.8741
670851.118	3529709.733	1.8593
670851.361	3529709.667	1.8446
670851.607	3529709.603	1.8296
670851.854	3529709.542	1.8150
670852.104	3529709.483	1.8013
670852.356	3529709.428	1.7883
670852.610	3529709.377	1.7760
670852.866	3529709.328	1.7646
670853.123	3529709.279	1.7538
670853.381	3529709.234	1.7438
670853.641	3529709.191	1.7345
670853.902	3529709.149	1.7256
670854.165	3529709.109	1.7168
670854.430	3529709.071	1.7076
670854.696	3529709.036	1.6980
670854.964	3529709.002	1.6879
670855.232	3529708.971	1.6773
670855.503	3529708.944	1.6665
670855.775	3529708.920	1.6558
670856.049	3529708.899	1.6454
670856.324	3529708.882	1.6352
670856.601	3529708.867	1.6254
670856.879	3529708.854	1.6157
670857.158	3529708.843	1.6062
670857.438	3529708.835	1.5970
670857.720	3529708.830	1.5887
670858.004	3529708.827	1.5812
670858.289	3529708.825	1.5747
670858.576	3529708.823	1.5677
670858.864	3529708.823	1.5608
670859.154	3529708.825	1.5539
670859.444	3529708.828	1.5472
670859.737	3529708.834	1.5409
670860.031	3529708.841	1.5350
670860.326	3529708.850	1.5293
670860.623	3529708.861	1.5238
670860.922	3529708.873	1.5190
670861.222	3529708.888	1.5148
670861.524	3529708.904	1.5114
670861.827	3529708.922	1.5088
670862.132	3529708.940	1.5063
670862.439	3529708.959	1.5040
670862.748	3529708.979	1.5018
670863.059	3529708.998	1.5000
670863.371	3529709.019	1.4984
670863.685	3529709.041	1.4968
670864.000	3529709.064	1.4953
670864.320	3529709.086	1.4937
670864.645	3529709.109	1.4923
670864.971	3529709.132	1.4911
670865.299	3529709.156	1.4903
670865.629	3529709.180	1.4896
670865.961	3529709.205	1.4889
670866.294	3529709.230	1.4882
670866.629	3529709.255	1.4878
670866.965	3529709.282	1.4876
670867.304	3529709.307	1.4875
670867.644	3529709.334	1.4872
670867.986	3529709.360	1.4868
670868.329	3529709.387	1.4864
670868.674	3529709.414	1.4861
670869.021	3529709.441	1.4860
670869.369	3529709.469	1.4859
670869.721	3529709.495	1.4858
670870.073	3529709.522	1.4860
670870.427	3529709.550	1.4864
670870.783	3529709.578	1.4869
670871.139	3529709.607	1.4876
670871.493	3529709.638	1.4879
670871.849	3529709.669	1.4880
670872.207	3529709.700	1.4882
670872.567	3529709.730	1.4885
670872.928	3529709.761	1.4889
670873.292	3529709.793	1.4890
670873.657	3529709.824	1.4893
670874.023	3529709.855	1.4899
670874.392	3529709.887	1.4902
670874.763	3529709.918	1.4902
670875.135	3529709.950	1.4905
670875.509	3529709.983	1.4911
670875.886	3529710.015	1.4916
670876.264	3529710.047	1.4924
670876.644	3529710.079	1.4935
670877.025	3529710.111	1.4946
670877.409	3529710.143	1.4956
670877.794	3529710.175	1.4967
670878.181	3529710.206	1.4978
670878.569	3529710.237	1.4990
670878.959	3529710.269	1.5000
670879.349	3529710.299	1.5009
670879.742	3529710.330	1.5020
670880.136	3529710.361	1.5031
670880.532	3529710.392	1.5042
670880.930	3529710.422	1.5050
670881.330	3529710.451	1.5053
670881.731	3529710.480	1.5052
670882.134	3529710.509	1.5048
670882.539	3529710.538	1.5040
670882.945	3529710.567	1.5032
670883.353	3529710.597	1.5026
670883.763	3529710.628	1.5020
670884.174	3529710.659	1.5014
670884.587	3529710.691	1.5005
670885.001	3529710.723	1.4997
670885.417	3529710.756	1.4991
670885.834	3529710.789	1.4986
670886.253	3529710.823	1.4980
670886.673	3529710.857	1.4978
670887.095	3529710.891	1.4975
670887.519	3529710.925	1.4971
670887.945	3529710.959	1.4966
670888.372	3529710.993	1.4960
670888.800	3529711.027	1.4955
670889.231	3529711.062	1.4951
670889.663	3529711.098	1.4948
670890.096	3529711.134	1.4945
670890.530	3529711.170	1.4942
670890.967	3529711.207	1.4939
670891.405	3529711.243	1.4936
670891.845	3529711.280	1.4933
670892.286	3529711.317	1.4931
670892.729	3529711.354	1.4931
670893.174	3529711.392	1.4934
670893.620	3529711.429	1.4938
670894.068	3529711.466	1.4942
670894.518	3529711.504	1.4944
670894.968	3529711.541	1.4947
670895.419	3529711.578	1.4953
670895.872	3529711.616	1.4956
670896.324	3529711.655	1.4960
670896.779	3529711.694	1.4966
670897.234	3529711.732	1.4969
670897.691	3529711.770	1.4970
670898.148	3529711.808	1.4973
670898.606	3529711.846	1.4976
670899.065	3529711.883	1.4979
670899.526	3529711.921	1.4981
670899.987	3529711.957	1.4983
670900.449	3529711.994	1.4986
670900.910	3529712.031	1.4990
670901.372	3529712.068	1.4995
670901.834	3529712.105	1.4999
670902.296	3529712.142	1.5003
670902.758	3529712.178	1.5007
670903.219	3529712.214	1.5010
670903.680	3529712.251	1.5015
670904.141	3529712.287	1.5021
670904.602	3529712.322	1.5027
670905.063	3529712.357	1.5031
670905.524	3529712.392	1.5037
670905.986	3529712.427	1.5042
670906.447	3529712.462	1.5048
670906.909	3529712.496	1.5053
670907.371	3529712.530	1.5057
670907.833	3529712.564	1.5060
670908.295	3529712.596	1.5063
670908.757	3529712.630	1.5067
670909.219	3529712.663	1.5072
670909.681	3529712.696	1.5077
670910.143	3529712.729	1.5080
670910.605	3529712.762	1.5083
670911.066	3529712.794	1.5086
670911.527	3529712.826	1.5086
670911.987	3529712.858	1.5085
670912.447	3529712.890	1.5086
670912.907	3529712.922	1.5087
670913.365	3529712.953	1.5086
670913.823	3529712.985	1.5086
670914.281	3529713.017	1.5084
670914.738	3529713.048	1.5083
670915.195	3529713.080	1.5082
670915.651	3529713.112	1.5081
670916.107	3529713.145	1.5082
670916.562	3529713.177	1.5081
670917.016	3529713.209	1.5078
670917.470	3529713.240	1.5074
670917.924	3529713.272	1.5069
670918.377	3529713.304	1.5064
670918.830	3529713.336	1.5060
670919.281	3529713.369	1.5055
670919.732	3529713.402	1.5050
670920.183	3529713.435	1.5044
670920.633	3529713.467	1.5038
670921.084	3529713.500	1.5033
670921.533	3529713.534	1.5029
670921.981	3529713.568	1.5026
670922.429	3529713.601	1.5023
670922.877	3529713.634	1.5019
670923.323	3529713.668	1.5014
670923.769	3529713.701	1.5014
670924.215	3529713.734	1.5010
670924.661	3529713.768	1.5006
670925.105	3529713.802	1.5004
670925.549	3529713.837	1.5003
670925.992	3529713.872	1.5000
670926.435	3529713.906	1.4999
670926.878	3529713.940	1.4998
670927.321	3529713.975	1.4997
670927.763	3529714.009	1.4996
670928.205	3529714.044	1.4998
670928.646	3529714.078	1.5000
670929.086	3529714.112	1.5003
670929.527	3529714.146	1.5004
670929.967	3529714.179	1.5004
670930.406	3529714.213	1.5006
670930.844	3529714.247	1.5009
670931.283	3529714.281	1.5010
670931.722	3529714.315	1.5014
670932.160	3529714.349	1.5017
670932.598	3529714.384	1.5020
670933.036	3529714.418	1.5023
670933.473	3529714.451	1.5024
670933.910	3529714.485	1.5026
670934.346	3529714.519	1.5030
670934.781	3529714.552	1.5033
670935.217	3529714.585	1.5035
670935.652	3529714.618	1.5037
670936.086	3529714.651	1.5041
670936.521	3529714.684	1.5045
670936.955	3529714.717	1.5050
670937.388	3529714.749	1.5054
670937.821	3529714.782	1.5059
670938.254	3529714.814	1.5063
670938.686	3529714.845	1.5065
670939.117	3529714.877	1.5064
670939.548	3529714.908	1.5061
670939.979	3529714.939	1.5057
670940.409	3529714.971	1.5051
670940.839	3529715.002	1.5044
670941.268	3529715.034	1.5037
670941.697	3529715.066	1.5031
670942.125	3529715.098	1.5026
670942.552	3529715.129	1.5021
670942.980	3529715.161	1.5017
670943.407	3529715.193	1.5012
670943.833	3529715.226	1.5008
670944.260	3529715.259	1.5002
670944.685	3529715.292	1.4998
670945.110	3529715.325	1.4993
670945.534	3529715.358	1.4987
670945.958	3529715.390	1.4981
670946.382	3529715.424	1.4976
670946.806	3529715.458	1.4972
670947.229	3529715.493	1.4969
670947.651	3529715.527	1.4964
670948.074	3529715.560	1.4959
670948.496	3529715.594	1.4955
670948.917	3529715.629	1.4951
670949.339	3529715.663	1.4948
670949.761	3529715.699	1.4946
670950.182	3529715.734	1.4945
670950.603	3529715.770	1.4945
670951.023	3529715.806	1.4945
670951.443	3529715.841	1.4945
670951.863	3529715.877	1.4946
670952.282	3529715.914	1.4950
670952.701	3529715.950	1.4956
670953.119	3529715.985	1.4962
670953.537	3529716.020	1.4968
670953.955	3529716.055	1.4971
670954.373	3529716.090	1.4975
670954.790	3529716.124	1.4977
670955.207	3529716.157	1.4979
670955.624	3529716.190	1.4982
670956.040	3529716.224	1.4988
670956.456	3529716.258	1.4995
670956.871	3529716.291	1.4999
670957.286	3529716.324	1.5002
670957.701	3529716.356	1.5006
670958.115	3529716.389	1.5010
670958.530	3529716.421	1.5013
670958.944	3529716.454	1.5016
670959.357	3529716.486	1.5020
670959.770	3529716.518	1.5023
670960.183	3529716.550	1.5026
670960.596	3529716.581	1.5028
670961.008	3529716.612	1.5029
670961.420	3529716.643	1.5030
670961.832	3529716.674	1.5031
670962.243	3529716.705	1.5032
670962.654	3529716.736	1.5032
670963.065	3529716.768	1.5031
670963.475	3529716.799	1.5028
670963.886	3529716.829	1.5023
670964.295	3529716.860	1.5019
670964.705	3529716.892	1.5017
670965.114	3529716.924	1.5016
670965.523	3529716.956	1.5014
670965.932	3529716.988	1.5011
670966.341	3529717.020	1.5008
670966.749	3529717.053	1.5007
670967.157	3529717.085	1.5007
670967.565	3529717.117	1.5007
670967.972	3529717.149	1.5008
670968.379	3529717.181	1.5009
670968.785	3529717.214	1.5011
670969.191	3529717.246	1.5011
670969.597	3529717.277	1.5010
670970.002	3529717.309	1.5011
670970.407	3529717.341	1.5012
670970.812	3529717.372	1.5012
670971.216	3529717.404	1.5012
670971.620	3529717.435	1.5012
670972.023	3529717.467	1.5013
670972.425	3529717.499	1.5013
670972.827	3529717.530	1.5012
670973.228	3529717.561	1.5010
670973.628	3529717.593	1.5010
670974.027	3529717.624	1.5009
670974.426	3529717.655	1.5009
670974.824	3529717.686	1.5007
670975.220	3529717.717	1.5005
670975.616	3529717.748	1.5002
670976.010	3529717.780	1.4999
670976.403	3529717.810	1.4995
670976.794	3529717.841	1.4989
670977.184	3529717.872	1.4985
670977.572	3529717.903	1.4982
670977.958	3529717.935	1.4980
670978.344	3529717.966	1.4977
670978.727	3529717.997	1.4974
670979.110	3529718.028	1.4971
670979.491	3529718.060	1.4968
670979.870	3529718.092	1.4965
670980.248	3529718.123	1.4962
670980.625	3529718.154	1.4959
670981.000	3529718.185	1.4958
670981.374	3529718.215	1.4961
670981.746	3529718.246	1.4964
670982.117	3529718.276	1.4965
670982.486	3529718.306	1.4967
670982.854	3529718.336	1.4969
670983.221	3529718.365	1.4969
670983.587	3529718.394	1.4969
670983.951	3529718.423	1.4971
670984.313	3529718.451	1.4974
670984.674	3529718.480	1.4976
670985.034	3529718.509	1.4979
670985.392	3529718.538	1.4982
670985.749	3529718.566	1.4985
670986.105	3529718.594	1.4988
670986.460	3529718.622	1.4991
670986.813	3529718.651	1.4996
670987.165	3529718.678	1.5001
670987.515	3529718.704	1.5006
670987.865	3529718.731	1.5009
670988.212	3529718.757	1.5013
670988.557	3529718.784	1.5017
670988.900	3529718.812	1.5022
670989.241	3529718.839	1.5025
670989.579	3529718.865	1.5029
670989.913	3529718.892	1.5032
670990.245	3529718.918	1.5036
670990.575	3529718.944	1.5040
670990.902	3529718.970	1.5043
670991.225	3529718.995	1.5046
670991.545	3529719.020	1.5050
670991.863	3529719.045	1.5053
670992.177	3529719.070	1.5056
670992.489	3529719.095	1.5059
670992.796	3529719.118	1.5061
670993.100	3529719.141	1.5063
670993.399	3529719.164	1.5065
670993.693	3529719.187	1.5065
670993.983	3529719.210	1.5066
670994.266	3529719.231	1.5066
670994.543	3529719.252	1.5066
670994.814	3529719.273	1.5068
670995.081	3529719.293	1.5070
670995.340	3529719.313	1.5070
670995.592	3529719.333	1.5071
670995.837	3529719.351	1.5071
670996.074	3529719.369	1.5071
670996.304	3529719.387	1.5071
670996.526	3529719.403	1.5072
670996.741	3529719.420	1.5074
670996.947	3529719.436	1.5076
670997.146	3529719.451	1.5076
670997.336	3529719.466	1.5076
670997.519	3529719.480	1.5076
670997.693	3529719.493	1.5076
670997.860	3529719.505	1.5077
670998.020	3529719.517	1.5077
670998.172	3529719.529	1.5076
670998.316	3529719.540	1.5077
670998.454	3529719.551	1.5079
670998.584	3529719.562	1.5080
670998.708	3529719.571	1.5079
670998.825	3529719.579	1.5079
670998.936	3529719.587	1.5078
670999.042	3529719.593	1.5078
670999.235	3529719.606	1.5080
670999.405	3529719.617	1.5080
670999.554	3529719.627	1.5078
670999.680	3529719.635	1.5081
670999.784	3529719.641	1.5079
670999.896	3529719.648	1.5081
