218305.795	3522042.565	1.5538
218305.914	3522042.570	1.5530
218306.035	3522042.568	1.5520
218306.157	3522042.566	1.5508
218306.263	3522042.565	1.5498
218306.382	3522042.564	1.5482
218306.511	3522042.564	1.5471
218306.651	3522042.564	1.5455
218306.803	3522042.564	1.5441
218306.912	3522042.564	1.5430
218307.026	3522042.565	1.5418
218307.147	3522042.565	1.5407
218307.275	3522042.566	1.5392
218307.408	3522042.566	1.5378
218307.547	3522042.566	1.5365
218307.692	3522042.567	1.5350
218307.843	3522042.568	1.5337
218307.998	3522042.569	1.5326
218308.158	3522042.570	1.5314
218308.323	3522042.572	1.5303
218308.494	3522042.573	1.5296
218308.669	3522042.575	1.5288
218308.849	3522042.577	1.5283
218309.034	3522042.579	1.5280
218309.222	3522042.580	1.5274
218309.415	3522042.582	1.5272
218309.612	3522042.584	1.5270
218309.812	3522042.587	1.5269
218309.914	3522042.588	1.5270
218310.016	3522042.590	1.5269
218310.119	3522042.591	1.5270
218310.223	3522042.591	1.5272
218310.328	3522042.593	1.5275
218310.434	3522042.594	1.5278
218310.540	3522042.595	1.5279
218310.647	3522042.596	1.5281
218310.755	3522042.596	1.5282
218310.863	3522042.597	1.5284
218310.971	3522042.598	1.5285
218311.079	3522042.600	1.5285
218311.188	3522042.601	1.5284
218311.297	3522042.603	1.5285
218311.407	3522042.604	1.5287
218311.516	3522042.606	1.5288
218311.626	3522042.607	1.5290
218311.736	3522042.609	1.5292
218311.846	3522042.610	1.5293
218311.956	3522042.612	1.5294
218312.066	3522042.613	1.5296
218312.176	3522042.614	1.5297
218312.287	3522042.616	1.5299
218312.398	3522042.617	1.5300
218312.509	3522042.618	1.5302
218312.621	3522042.619	1.5304
218312.733	3522042.620	1.5306
218312.846	3522042.622	1.5307
218312.959	3522042.623	1.5309
218313.073	3522042.624	1.5312
218313.187	3522042.624	1.5314
218313.302	3522042.625	1.5317
218313.418	3522042.625	1.5322
218313.534	3522042.626	1.5328
218313.650	3522042.627	1.5334
218313.767	3522042.627	1.5339
218313.884	3522042.628	1.5344
218314.002	3522042.628	1.5351
218314.120	3522042.629	1.5357
218314.238	3522042.629	1.5362
218314.357	3522042.628	1.5368
218314.477	3522042.628	1.5376
218314.597	3522042.628	1.5381
218314.717	3522042.627	1.5386
218314.839	3522042.627	1.5392
218314.961	3522042.627	1.5398
218315.085	3522042.626	1.5404
218315.210	3522042.625	1.5410
218315.337	3522042.625	1.5416
218315.465	3522042.624	1.5421
218315.595	3522042.623	1.5425
218315.726	3522042.623	1.5431
218315.859	3522042.622	1.5436
218315.994	3522042.622	1.5440
218316.130	3522042.621	1.5445
218316.267	3522042.621	1.5449
218316.406	3522042.620	1.5455
218316.547	3522042.619	1.5459
218316.688	3522042.617	1.5464
218316.831	3522042.616	1.5468
218316.975	3522042.615	1.5473
218317.120	3522042.614	1.5478
218317.267	3522042.613	1.5483
218317.414	3522042.612	1.5488
218317.563	3522042.610	1.5492
218317.713	3522042.608	1.5496
218317.864	3522042.606	1.5499
218318.017	3522042.604	1.5502
218318.171	3522042.602	1.5506
218318.326	3522042.600	1.5509
218318.482	3522042.598	1.5511
218318.640	3522042.596	1.5512
218318.799	3522042.593	1.5515
218318.960	3522042.591	1.5520
218319.121	3522042.589	1.5525
218319.284	3522042.587	1.5528
218319.449	3522042.585	1.5530
218319.614	3522042.582	1.5532
218319.780	3522042.580	1.5535
218319.948	3522042.577	1.5538
218320.116	3522042.574	1.5541
218320.286	3522042.571	1.5544
218320.457	3522042.568	1.5546
218320.630	3522042.565	1.5548
218320.804	3522042.562	1.5551
218320.979	3522042.560	1.5555
218321.154	3522042.557	1.5559
218321.332	3522042.554	1.5563
218321.510	3522042.551	1.5566
218321.689	3522042.547	1.5567
218321.869	3522042.544	1.5570
218322.051	3522042.541	1.5573
218322.233	3522042.538	1.5575
218322.417	3522042.535	1.5578
218322.602	3522042.532	1.5582
218322.788	3522042.529	1.5586
218322.975	3522042.526	1.5589
218323.163	3522042.523	1.5591
218323.353	3522042.519	1.5593
218323.544	3522042.515	1.5595
218323.736	3522042.511	1.5597
218323.929	3522042.507	1.5598
218324.124	3522042.504	1.5598
218324.320	3522042.500	1.5599
218324.516	3522042.496	1.5601
218324.714	3522042.493	1.5603
218324.913	3522042.489	1.5602
218325.113	3522042.485	1.5602
218325.314	3522042.481	1.5602
218325.516	3522042.476	1.5604
218325.721	3522042.471	1.5603
218325.926	3522042.467	1.5602
218326.132	3522042.463	1.5602
218326.340	3522042.459	1.5604
218326.548	3522042.454	1.5606
218326.758	3522042.450	1.5607
218326.969	3522042.446	1.5609
218327.180	3522042.441	1.5612
218327.392	3522042.436	1.5617
218327.605	3522042.431	1.5622
218327.820	3522042.426	1.5627
218328.035	3522042.421	1.5635
218328.251	3522042.416	1.5643
218328.468	3522042.411	1.5651
218328.687	3522042.406	1.5656
218328.906	3522042.400	1.5661
218329.126	3522042.394	1.5667
218329.347	3522042.388	1.5673
218329.569	3522042.382	1.5678
218329.792	3522042.375	1.5684
218330.015	3522042.369	1.5690
218330.238	3522042.362	1.5698
218330.463	3522042.356	1.5705
218330.689	3522042.349	1.5712
218330.916	3522042.342	1.5719
218331.143	3522042.335	1.5724
218331.370	3522042.328	1.5730
218331.599	3522042.320	1.5737
218331.829	3522042.312	1.5742
218332.059	3522042.304	1.5748
218332.290	3522042.295	1.5753
218332.520	3522042.286	1.5758
218332.752	3522042.277	1.5762
218332.984	3522042.268	1.5763
218333.216	3522042.260	1.5763
218333.449	3522042.251	1.5763
218333.682	3522042.242	1.5764
218333.915	3522042.233	1.5765
218334.149	3522042.224	1.5764
218334.383	3522042.215	1.5765
218334.618	3522042.205	1.5766
218334.853	3522042.196	1.5765
218335.089	3522042.187	1.5765
218335.325	3522042.179	1.5767
218335.561	3522042.171	1.5769
218335.799	3522042.163	1.5770
218336.036	3522042.154	1.5769
218336.274	3522042.144	1.5768
218336.512	3522042.134	1.5767
218336.751	3522042.125	1.5768
218336.990	3522042.116	1.5768
218337.229	3522042.107	1.5770
218337.469	3522042.099	1.5772
218337.709	3522042.090	1.5773
218337.950	3522042.081	1.5773
218338.191	3522042.072	1.5774
218338.432	3522042.063	1.5774
218338.674	3522042.054	1.5774
218338.916	3522042.045	1.5773
218339.160	3522042.036	1.5771
218339.404	3522042.026	1.5770
218339.648	3522042.016	1.5767
218339.892	3522042.005	1.5762
218340.137	3522041.994	1.5756
218340.383	3522041.984	1.5749
218340.629	3522041.975	1.5742
218340.875	3522041.966	1.5737
218341.122	3522041.958	1.5732
218341.369	3522041.949	1.5725
218341.618	3522041.940	1.5718
218341.867	3522041.931	1.5711
218342.116	3522041.921	1.5705
218342.366	3522041.912	1.5698
218342.617	3522041.904	1.5692
218342.869	3522041.896	1.5684
218343.121	3522041.888	1.5673
218343.374	3522041.880	1.5662
218343.628	3522041.872	1.5652
218343.882	3522041.864	1.5639
218344.138	3522041.858	1.5627
218344.393	3522041.852	1.5617
218344.649	3522041.847	1.5609
218344.906	3522041.843	1.5600
218345.163	3522041.837	1.5590
218345.421	3522041.832	1.5580
218345.680	3522041.827	1.5570
218345.939	3522041.823	1.5562
218346.198	3522041.819	1.5555
218346.459	3522041.816	1.5551
218346.720	3522041.813	1.5550
218346.982	3522041.810	1.5550
218347.244	3522041.806	1.5551
218347.507	3522041.802	1.5552
218347.770	3522041.798	1.5554
218348.034	3522041.794	1.5558
218348.299	3522041.790	1.5562
218348.564	3522041.786	1.5565
218348.830	3522041.782	1.5566
218349.096	3522041.778	1.5568
218349.364	3522041.773	1.5570
218349.631	3522041.767	1.5571
218349.900	3522041.761	1.5574
218350.169	3522041.755	1.5577
218350.438	3522041.750	1.5578
218350.708	3522041.744	1.5580
218350.979	3522041.738	1.5583
218351.250	3522041.732	1.5584
218351.522	3522041.726	1.5585
218351.795	3522041.720	1.5587
218352.067	3522041.713	1.5589
218352.341	3522041.707	1.5590
218352.615	3522041.700	1.5591
218352.890	3522041.694	1.5593
218353.165	3522041.688	1.5597
218353.440	3522041.682	1.5602
218353.716	3522041.675	1.5608
218353.993	3522041.668	1.5613
218354.270	3522041.661	1.5617
218354.548	3522041.653	1.5620
218354.826	3522041.646	1.5625
218355.104	3522041.640	1.5627
218355.383	3522041.634	1.5629
218355.663	3522041.628	1.5632
218355.943	3522041.623	1.5634
218356.223	3522041.617	1.5635
218356.504	3522041.611	1.5635
218356.785	3522041.605	1.5634
218357.068	3522041.599	1.5632
218357.351	3522041.593	1.5632
218357.634	3522041.587	1.5631
218357.918	3522041.582	1.5631
218358.201	3522041.575	1.5631
218358.486	3522041.570	1.5631
218358.771	3522041.564	1.5630
218359.057	3522041.559	1.5631
218359.342	3522041.553	1.5633
218359.628	3522041.548	1.5633
218359.915	3522041.542	1.5634
218360.203	3522041.536	1.5634
218360.490	3522041.528	1.5636
218360.777	3522041.520	1.5637
218361.065	3522041.512	1.5640
218361.353	3522041.504	1.5642
218361.641	3522041.496	1.5643
218361.930	3522041.487	1.5645
218362.219	3522041.479	1.5645
218362.509	3522041.470	1.5647
218362.799	3522041.462	1.5650
218363.090	3522041.454	1.5655
218363.381	3522041.445	1.5659
218363.672	3522041.436	1.5662
218363.964	3522041.426	1.5665
218364.256	3522041.417	1.5667
218364.548	3522041.408	1.5671
218364.841	3522041.399	1.5674
218365.135	3522041.390	1.5676
218365.429	3522041.380	1.5677
218365.723	3522041.371	1.5679
218366.017	3522041.361	1.5681
218366.313	3522041.352	1.5680
218366.609	3522041.345	1.5682
218366.905	3522041.338	1.5683
218367.202	3522041.330	1.5683
218367.499	3522041.322	1.5683
218367.797	3522041.315	1.5682
218368.095	3522041.308	1.5683
218368.393	3522041.301	1.5684
218368.692	3522041.293	1.5684
218368.991	3522041.285	1.5682
218369.290	3522041.277	1.5678
218369.590	3522041.270	1.5673
218369.890	3522041.262	1.5669
218370.190	3522041.256	1.5667
218370.491	3522041.250	1.5666
218370.792	3522041.243	1.5664
218371.094	3522041.236	1.5662
218371.396	3522041.229	1.5659
218371.699	3522041.223	1.5656
218372.001	3522041.217	1.5654
218372.305	3522041.209	1.5650
218372.607	3522041.200	1.5649
218372.910	3522041.191	1.5650
218373.214	3522041.182	1.5651
218373.518	3522041.174	1.5651
218373.822	3522041.165	1.5652
218374.127	3522041.157	1.5653
218374.432	3522041.148	1.5653
218374.738	3522041.138	1.5653
218375.044	3522041.129	1.5653
218375.350	3522041.120	1.5656
218375.657	3522041.112	1.5660
218375.964	3522041.103	1.5664
218376.270	3522041.094	1.5668
218376.578	3522041.085	1.5668
218376.885	3522041.075	1.5666
218377.194	3522041.065	1.5665
218377.502	3522041.056	1.5663
218377.811	3522041.047	1.5663
218378.120	3522041.037	1.5663
218378.430	3522041.028	1.5664
218378.741	3522041.019	1.5664
218379.052	3522041.010	1.5664
218379.364	3522041.002	1.5665
218379.676	3522040.994	1.5666
218379.988	3522040.984	1.5664
218380.300	3522040.974	1.5662
218380.612	3522040.965	1.5662
218380.926	3522040.956	1.5664
218381.239	3522040.948	1.5666
218381.553	3522040.939	1.5667
218381.866	3522040.930	1.5666
218382.180	3522040.921	1.5664
218382.494	3522040.912	1.5664
218382.809	3522040.903	1.5664
218383.124	3522040.893	1.5664
218383.439	3522040.884	1.5662
218383.755	3522040.874	1.5661
218384.071	3522040.865	1.5658
218384.387	3522040.856	1.5655
218384.703	3522040.847	1.5655
218385.019	3522040.839	1.5654
218385.335	3522040.831	1.5652
218385.652	3522040.823	1.5650
218385.969	3522040.815	1.5647
218386.286	3522040.808	1.5644
218386.603	3522040.800	1.5640
218386.920	3522040.793	1.5635
218387.238	3522040.785	1.5630
218387.556	3522040.778	1.5626
218387.874	3522040.771	1.5625
218388.192	3522040.764	1.5625
218388.511	3522040.758	1.5624
218388.829	3522040.751	1.5623
218389.148	3522040.743	1.5621
218389.467	3522040.736	1.5619
218389.787	3522040.730	1.5619
218390.106	3522040.723	1.5619
218390.426	3522040.717	1.5619
218390.746	3522040.710	1.5619
218391.067	3522040.703	1.5620
218391.388	3522040.695	1.5620
218391.710	3522040.688	1.5622
218392.032	3522040.681	1.5624
218392.354	3522040.673	1.5627
218392.677	3522040.666	1.5629
218393.000	3522040.658	1.5630
218393.322	3522040.650	1.5632
218393.645	3522040.642	1.5635
218393.968	3522040.635	1.5637
218394.292	3522040.627	1.5639
218394.615	3522040.618	1.5641
218394.939	3522040.610	1.5642
218395.263	3522040.602	1.5644
218395.587	3522040.593	1.5646
218395.912	3522040.585	1.5648
218396.237	3522040.577	1.5651
218396.561	3522040.568	1.5654
218396.886	3522040.560	1.5657
218397.211	3522040.551	1.5659
218397.536	3522040.543	1.5662
218397.860	3522040.534	1.5664
218398.184	3522040.524	1.5668
218398.508	3522040.515	1.5671
218398.832	3522040.506	1.5673
218399.157	3522040.496	1.5676
218399.481	3522040.487	1.5679
218399.806	3522040.477	1.5681
218400.131	3522040.468	1.5683
218400.456	3522040.458	1.5686
218400.782	3522040.448	1.5689
218401.107	3522040.439	1.5694
218401.432	3522040.429	1.5698
218401.757	3522040.419	1.5700
218402.083	3522040.408	1.5701
218402.408	3522040.398	1.5702
218402.734	3522040.388	1.5704
218403.060	3522040.378	1.5706
218403.386	3522040.367	1.5708
218403.712	3522040.356	1.5709
218404.039	3522040.346	1.5712
218404.366	3522040.336	1.5713
218404.694	3522040.326	1.5715
218405.022	3522040.316	1.5715
218405.349	3522040.305	1.5715
218405.677	3522040.294	1.5715
218406.005	3522040.284	1.5714
218406.333	3522040.273	1.5715
218406.661	3522040.263	1.5715
218406.989	3522040.253	1.5715
218407.317	3522040.242	1.5714
218407.645	3522040.232	1.5713
218407.973	3522040.222	1.5712
218408.301	3522040.211	1.5712
218408.629	3522040.201	1.5711
218408.957	3522040.191	1.5711
218409.285	3522040.181	1.5710
218409.613	3522040.171	1.5709
218409.941	3522040.160	1.5708
218410.269	3522040.150	1.5705
218410.597	3522040.140	1.5702
218410.925	3522040.129	1.5698
218411.252	3522040.119	1.5693
218411.579	3522040.109	1.5689
218411.907	3522040.099	1.5684
218412.235	3522040.090	1.5677
218412.563	3522040.081	1.5671
218412.890	3522040.071	1.5665
218413.218	3522040.062	1.5660
218413.545	3522040.054	1.5655
218413.873	3522040.045	1.5650
218414.201	3522040.037	1.5647
218414.528	3522040.028	1.5644
218414.855	3522040.020	1.5642
218415.183	3522040.012	1.5639
218415.510	3522040.004	1.5636
218415.838	3522039.996	1.5633
218416.165	3522039.989	1.5631
218416.492	3522039.981	1.5629
218416.819	3522039.973	1.5628
218417.147	3522039.965	1.5626
218417.475	3522039.957	1.5627
218417.802	3522039.950	1.5628
218418.129	3522039.942	1.5628
218418.457	3522039.934	1.5629
218418.784	3522039.927	1.5631
218419.111	3522039.919	1.5632
218419.438	3522039.911	1.5634
218419.766	3522039.903	1.5636
218420.093	3522039.894	1.5639
218420.420	3522039.886	1.5644
218420.747	3522039.878	1.5649
218421.075	3522039.869	1.5655
218421.402	3522039.861	1.5661
218421.728	3522039.852	1.5665
218422.055	3522039.842	1.5668
218422.382	3522039.833	1.5672
218422.709	3522039.824	1.5676
218423.036	3522039.814	1.5679
218423.364	3522039.805	1.5683
218423.691	3522039.794	1.5688
218424.018	3522039.784	1.5691
218424.345	3522039.774	1.5695
218424.673	3522039.763	1.5699
218425.000	3522039.752	1.5701
218425.327	3522039.741	1.5703
218425.655	3522039.729	1.5704
218425.982	3522039.718	1.5705
218426.310	3522039.706	1.5707
218426.638	3522039.695	1.5707
218426.966	3522039.684	1.5707
218427.293	3522039.672	1.5707
218427.622	3522039.661	1.5705
218427.951	3522039.649	1.5702
218428.281	3522039.638	1.5699
218428.611	3522039.626	1.5697
218428.941	3522039.615	1.5696
218429.272	3522039.604	1.5694
218429.603	3522039.593	1.5692
218429.935	3522039.582	1.5691
218430.267	3522039.573	1.5687
218430.600	3522039.564	1.5685
218430.933	3522039.555	1.5682
218431.266	3522039.545	1.5679
218431.600	3522039.537	1.5678
218431.935	3522039.528	1.5677
218432.269	3522039.519	1.5675
218432.604	3522039.510	1.5673
218432.940	3522039.501	1.5671
218433.276	3522039.493	1.5670
218433.612	3522039.484	1.5668
218433.949	3522039.476	1.5667
218434.286	3522039.467	1.5666
218434.623	3522039.459	1.5665
218434.961	3522039.450	1.5663
218435.299	3522039.442	1.5662
218435.638	3522039.433	1.5661
218435.977	3522039.425	1.5660
218436.316	3522039.417	1.5658
218436.656	3522039.409	1.5656
218436.997	3522039.401	1.5656
218437.337	3522039.392	1.5657
218437.678	3522039.383	1.5656
218438.020	3522039.374	1.5654
218438.362	3522039.365	1.5652
218438.704	3522039.356	1.5652
218439.046	3522039.347	1.5652
218439.389	3522039.338	1.5652
218439.732	3522039.329	1.5651
218440.076	3522039.320	1.5649
218440.419	3522039.312	1.5647
218440.763	3522039.303	1.5644
218441.108	3522039.294	1.5641
218441.453	3522039.285	1.5637
218441.798	3522039.277	1.5633
218442.143	3522039.268	1.5632
218442.488	3522039.260	1.5631
218442.835	3522039.252	1.5632
218443.181	3522039.244	1.5630
218443.528	3522039.235	1.5627
218443.876	3522039.226	1.5627
218444.224	3522039.217	1.5627
218444.573	3522039.208	1.5626
218444.921	3522039.199	1.5626
218445.270	3522039.190	1.5627
218445.620	3522039.181	1.5629
218445.969	3522039.172	1.5632
218446.320	3522039.163	1.5634
218446.670	3522039.154	1.5636
218447.021	3522039.145	1.5639
218447.372	3522039.135	1.5641
218447.723	3522039.126	1.5643
218448.075	3522039.116	1.5646
218448.427	3522039.107	1.5649
218448.779	3522039.097	1.5652
218449.131	3522039.087	1.5655
218449.484	3522039.077	1.5658
218449.837	3522039.067	1.5661
218450.191	3522039.057	1.5664
218450.544	3522039.046	1.5668
218450.897	3522039.036	1.5671
218451.252	3522039.026	1.5675
218451.607	3522039.016	1.5679
218451.962	3522039.006	1.5682
218452.317	3522038.995	1.5685
218452.672	3522038.984	1.5687
218453.028	3522038.973	1.5688
218453.384	3522038.962	1.5689
218453.740	3522038.952	1.5689
218454.097	3522038.941	1.5688
218454.454	3522038.931	1.5687
218454.812	3522038.920	1.5687
218455.169	3522038.909	1.5686
218455.527	3522038.898	1.5687
218455.885	3522038.887	1.5688
218456.244	3522038.876	1.5688
218456.603	3522038.865	1.5688
218456.962	3522038.854	1.5689
218457.322	3522038.844	1.5691
218457.682	3522038.833	1.5693
218458.042	3522038.822	1.5694
218458.401	3522038.812	1.5697
218458.761	3522038.803	1.5701
218459.122	3522038.793	1.5703
218459.482	3522038.783	1.5707
218459.843	3522038.772	1.5709
218460.205	3522038.761	1.5710
218460.566	3522038.751	1.5713
218460.927	3522038.740	1.5716
218461.290	3522038.729	1.5718
218461.652	3522038.717	1.5719
218462.014	3522038.706	1.5718
218462.376	3522038.694	1.5717
218462.739	3522038.683	1.5715
218463.103	3522038.672	1.5713
218463.466	3522038.661	1.5709
218463.830	3522038.650	1.5707
218464.194	3522038.639	1.5704
218464.559	3522038.628	1.5703
218464.923	3522038.617	1.5701
218465.288	3522038.606	1.5700
218465.654	3522038.594	1.5697
218466.020	3522038.582	1.5693
218466.386	3522038.571	1.5691
218466.752	3522038.559	1.5688
218467.119	3522038.547	1.5684
218467.485	3522038.535	1.5680
218467.852	3522038.524	1.5677
218468.219	3522038.513	1.5674
218468.587	3522038.502	1.5671
218468.954	3522038.491	1.5667
218469.322	3522038.480	1.5663
218469.690	3522038.469	1.5660
218470.058	3522038.459	1.5656
218470.427	3522038.449	1.5653
218470.795	3522038.438	1.5649
218471.164	3522038.428	1.5646
218471.533	3522038.418	1.5643
218471.902	3522038.408	1.5640
218472.271	3522038.399	1.5637
218472.640	3522038.389	1.5634
218473.008	3522038.380	1.5633
218473.377	3522038.372	1.5632
218473.745	3522038.364	1.5632
218474.114	3522038.355	1.5632
218474.482	3522038.346	1.5633
218474.849	3522038.338	1.5634
218475.217	3522038.329	1.5635
218475.583	3522038.321	1.5636
218475.949	3522038.312	1.5637
218476.314	3522038.303	1.5638
218476.679	3522038.294	1.5639
218477.042	3522038.286	1.5641
218477.406	3522038.277	1.5643
218477.768	3522038.268	1.5644
218478.129	3522038.260	1.5645
218478.490	3522038.250	1.5646
218478.850	3522038.241	1.5648
218479.209	3522038.232	1.5651
218479.568	3522038.223	1.5653
218479.926	3522038.213	1.5657
218480.285	3522038.203	1.5660
218480.643	3522038.194	1.5664
218481.001	3522038.185	1.5667
218481.358	3522038.176	1.5669
218481.713	3522038.167	1.5672
218482.069	3522038.157	1.5677
218482.424	3522038.148	1.5681
218482.779	3522038.138	1.5684
218483.134	3522038.129	1.5688
218483.490	3522038.119	1.5689
218483.846	3522038.108	1.5689
218484.201	3522038.097	1.5689
218484.556	3522038.087	1.5689
218484.910	3522038.076	1.5690
218485.265	3522038.066	1.5692
218485.619	3522038.055	1.5695
218485.973	3522038.045	1.5697
218486.328	3522038.034	1.5699
218486.682	3522038.024	1.5700
218487.036	3522038.013	1.5699
218487.389	3522038.001	1.5701
218487.742	3522037.989	1.5703
218488.094	3522037.976	1.5705
218488.447	3522037.964	1.5707
218488.799	3522037.953	1.5709
218489.152	3522037.942	1.5710
218489.504	3522037.931	1.5712
218489.856	3522037.919	1.5713
218490.208	3522037.907	1.5714
218490.560	3522037.894	1.5714
218490.912	3522037.882	1.5714
218491.264	3522037.871	1.5714
218491.616	3522037.860	1.5712
218491.968	3522037.849	1.5708
218492.320	3522037.837	1.5704
218492.673	3522037.826	1.5700
218493.025	3522037.814	1.5698
218493.377	3522037.803	1.5695
218493.729	3522037.792	1.5692
218494.081	3522037.780	1.5691
218494.435	3522037.770	1.5689
218494.787	3522037.759	1.5679
218495.138	3522037.748	1.5674
218495.491	3522037.738	1.5672
218495.845	3522037.728	1.5668
218496.197	3522037.720	1.5667
218496.548	3522037.713	1.5670
218496.900	3522037.707	1.5666
218497.251	3522037.699	1.5665
218497.602	3522037.690	1.5669
218497.952	3522037.679	1.5671
218498.302	3522037.669	1.5671
218498.651	3522037.660	1.5675
218499.000	3522037.651	1.5680
218499.348	3522037.641	1.5685
218499.697	3522037.630	1.5687
218500.046	3522037.619	1.5687
218500.394	3522037.608	1.5685
218500.742	3522037.597	1.5683
218501.089	3522037.587	1.5681
218501.436	3522037.577	1.5680
218501.782	3522037.567	1.5679
218502.128	3522037.557	1.5678
218502.474	3522037.547	1.5676
218502.820	3522037.537	1.5674
218503.166	3522037.527	1.5673
218503.511	3522037.518	1.5671
218503.856	3522037.508	1.5671
218504.201	3522037.499	1.5671
218504.546	3522037.490	1.5669
218504.891	3522037.480	1.5668
218505.236	3522037.469	1.5667
218505.580	3522037.459	1.5666
218505.924	3522037.450	1.5666
218506.269	3522037.441	1.5666
218506.613	3522037.431	1.5666
218506.958	3522037.421	1.5668
218507.303	3522037.411	1.5671
218507.649	3522037.401	1.5675
218507.995	3522037.391	1.5678
218508.342	3522037.381	1.5681
218508.690	3522037.370	1.5683
218509.037	3522037.359	1.5685
218509.385	3522037.348	1.5688
218509.732	3522037.338	1.5691
218510.081	3522037.327	1.5695
218510.429	3522037.317	1.5701
218510.778	3522037.306	1.5706
218511.128	3522037.295	1.5712
218511.477	3522037.283	1.5718
218511.827	3522037.272	1.5723
218512.177	3522037.260	1.5730
218512.528	3522037.248	1.5734
218512.880	3522037.235	1.5739
218513.232	3522037.222	1.5744
218513.584	3522037.210	1.5748
218513.937	3522037.197	1.5753
218514.290	3522037.184	1.5757
218514.644	3522037.170	1.5761
218514.998	3522037.157	1.5767
218515.352	3522037.143	1.5772
218515.706	3522037.130	1.5777
218516.061	3522037.117	1.5780
218516.417	3522037.103	1.5781
218516.772	3522037.089	1.5782
218517.128	3522037.075	1.5780
218517.485	3522037.061	1.5776
218517.842	3522037.047	1.5771
218518.200	3522037.033	1.5768
218518.557	3522037.020	1.5765
218518.916	3522037.007	1.5761
218519.275	3522036.994	1.5758
218519.634	3522036.981	1.5755
218519.994	3522036.968	1.5752
218520.354	3522036.955	1.5750
218520.714	3522036.942	1.5747
218521.075	3522036.930	1.5744
218521.436	3522036.917	1.5741
218521.798	3522036.905	1.5740
218522.160	3522036.892	1.5741
218522.523	3522036.879	1.5740
218522.885	3522036.866	1.5739
218523.248	3522036.853	1.5739
218523.612	3522036.840	1.5739
218523.976	3522036.827	1.5739
218524.340	3522036.814	1.5739
218524.705	3522036.801	1.5739
218525.070	3522036.788	1.5740
218525.435	3522036.774	1.5742
218525.801	3522036.761	1.5745
218526.167	3522036.748	1.5749
218526.534	3522036.735	1.5754
218526.901	3522036.721	1.5758
218527.268	3522036.707	1.5764
218527.636	3522036.692	1.5769
218528.003	3522036.678	1.5773
218528.372	3522036.663	1.5775
218528.740	3522036.649	1.5775
218529.109	3522036.634	1.5774
218529.478	3522036.619	1.5774
218529.848	3522036.605	1.5772
218530.217	3522036.591	1.5770
218530.588	3522036.577	1.5769
218530.958	3522036.563	1.5768
218531.328	3522036.549	1.5769
218531.699	3522036.534	1.5769
218532.071	3522036.520	1.5768
218532.443	3522036.506	1.5767
218532.815	3522036.492	1.5767
218533.188	3522036.478	1.5768
218533.561	3522036.464	1.5766
218533.934	3522036.450	1.5765
218534.308	3522036.435	1.5764
218534.682	3522036.421	1.5763
218535.057	3522036.407	1.5762
218535.432	3522036.393	1.5760
218535.807	3522036.380	1.5758
218536.182	3522036.366	1.5756
218536.556	3522036.352	1.5756
218536.931	3522036.339	1.5758
218537.306	3522036.325	1.5757
218537.681	3522036.311	1.5756
218538.056	3522036.297	1.5754
218538.430	3522036.283	1.5754
218538.804	3522036.269	1.5752
218539.178	3522036.255	1.5750
218539.552	3522036.241	1.5747
218539.925	3522036.227	1.5746
218540.298	3522036.213	1.5746
218540.671	3522036.200	1.5744
218541.044	3522036.186	1.5742
218541.416	3522036.173	1.5739
218541.789	3522036.160	1.5737
218542.162	3522036.146	1.5733
218542.534	3522036.133	1.5727
218542.907	3522036.119	1.5718
218543.281	3522036.106	1.5706
218543.654	3522036.093	1.5694
218544.028	3522036.080	1.5683
218544.402	3522036.069	1.5674
218544.775	3522036.058	1.5663
218545.149	3522036.048	1.5655
218545.523	3522036.038	1.5649
218545.897	3522036.029	1.5645
218546.272	3522036.020	1.5641
218546.646	3522036.011	1.5636
218547.022	3522036.002	1.5631
218547.397	3522035.993	1.5627
218547.773	3522035.984	1.5622
218548.149	3522035.976	1.5618
218548.525	3522035.967	1.5615
218548.901	3522035.959	1.5613
218549.278	3522035.952	1.5612
218549.655	3522035.944	1.5611
218550.032	3522035.935	1.5608
218550.409	3522035.927	1.5606
218550.786	3522035.918	1.5604
218551.162	3522035.910	1.5604
218551.538	3522035.902	1.5603
218551.914	3522035.895	1.5601
218552.290	3522035.887	1.5600
218552.666	3522035.879	1.5599
218553.041	3522035.872	1.5598
218553.415	3522035.865	1.5597
218553.789	3522035.858	1.5598
218554.162	3522035.850	1.5599
218554.534	3522035.843	1.5601
218554.904	3522035.836	1.5605
218555.274	3522035.829	1.5608
218555.643	3522035.821	1.5612
218556.010	3522035.814	1.5617
218556.376	3522035.806	1.5621
218556.741	3522035.798	1.5625
218557.105	3522035.790	1.5627
218557.468	3522035.782	1.5631
218557.829	3522035.774	1.5635
218558.189	3522035.765	1.5639
218558.548	3522035.756	1.5644
218558.905	3522035.748	1.5647
218559.261	3522035.739	1.5649
218559.615	3522035.729	1.5652
218559.968	3522035.719	1.5656
218560.319	3522035.710	1.5660
218560.670	3522035.700	1.5662
218561.019	3522035.690	1.5662
218561.367	3522035.680	1.5661
218561.714	3522035.670	1.5660
218562.059	3522035.661	1.5659
218562.404	3522035.651	1.5659
218562.747	3522035.642	1.5659
218563.089	3522035.632	1.5660
218563.430	3522035.623	1.5661
218563.770	3522035.614	1.5663
218564.109	3522035.605	1.5662
218564.447	3522035.596	1.5660
218564.782	3522035.586	1.5653
218565.112	3522035.577	1.5658
218565.446	3522035.568	1.5660
218565.778	3522035.559	1.5662
218566.109	3522035.550	1.5656
218566.439	3522035.540	1.5652
218566.768	3522035.530	1.5649
218567.094	3522035.521	1.5647
218567.423	3522035.513	1.5644
218567.743	3522035.502	1.5646
218568.068	3522035.494	1.5639
218568.395	3522035.485	1.5632
218568.721	3522035.475	1.5631
218569.048	3522035.468	1.5628
218569.376	3522035.459	1.5625
218569.705	3522035.451	1.5621
218570.035	3522035.443	1.5617
218570.365	3522035.435	1.5613
218570.697	3522035.427	1.5611
218571.029	3522035.420	1.5610
218571.362	3522035.413	1.5608
218571.696	3522035.405	1.5605
218572.031	3522035.398	1.5602
218572.366	3522035.390	1.5601
218572.703	3522035.383	1.5601
218573.041	3522035.377	1.5601
218573.381	3522035.371	1.5601
218573.721	3522035.364	1.5602
218574.063	3522035.357	1.5604
218574.405	3522035.350	1.5607
218574.748	3522035.343	1.5612
218575.092	3522035.336	1.5614
218575.436	3522035.328	1.5617
218575.781	3522035.321	1.5621
218576.127	3522035.314	1.5625
218576.474	3522035.306	1.5628
218576.821	3522035.298	1.5631
218577.169	3522035.290	1.5634
218577.517	3522035.282	1.5637
218577.865	3522035.274	1.5640
218578.213	3522035.266	1.5642
218578.561	3522035.257	1.5642
218578.909	3522035.248	1.5642
218579.257	3522035.240	1.5643
218579.604	3522035.231	1.5644
218579.949	3522035.223	1.5648
218580.295	3522035.215	1.5655
218580.640	3522035.207	1.5660
218580.985	3522035.199	1.5667
218581.329	3522035.190	1.5673
218581.672	3522035.181	1.5678
218582.015	3522035.171	1.5682
218582.356	3522035.162	1.5686
218582.697	3522035.152	1.5689
218583.037	3522035.143	1.5693
218583.377	3522035.133	1.5697
218583.717	3522035.123	1.5702
218584.058	3522035.112	1.5704
218584.398	3522035.102	1.5706
218584.738	3522035.091	1.5706
218585.079	3522035.080	1.5705
218585.420	3522035.069	1.5703
218585.762	3522035.059	1.5702
218586.103	3522035.049	1.5699
218586.445	3522035.038	1.5696
218586.786	3522035.028	1.5695
218587.128	3522035.018	1.5692
218587.470	3522035.008	1.5691
218587.813	3522034.999	1.5689
218588.156	3522034.989	1.5687
218588.499	3522034.979	1.5685
218588.842	3522034.969	1.5683
218589.186	3522034.960	1.5681
218589.531	3522034.950	1.5680
218589.875	3522034.941	1.5678
218590.220	3522034.931	1.5677
218590.565	3522034.922	1.5675
218590.911	3522034.912	1.5675
218591.257	3522034.903	1.5675
218591.603	3522034.894	1.5675
218591.950	3522034.885	1.5673
218592.297	3522034.875	1.5672
218592.645	3522034.866	1.5671
218592.993	3522034.856	1.5669
218593.342	3522034.847	1.5667
218593.691	3522034.837	1.5665
218594.041	3522034.828	1.5664
218594.390	3522034.818	1.5663
218594.740	3522034.809	1.5663
218595.089	3522034.799	1.5662
218595.439	3522034.790	1.5660
218595.788	3522034.780	1.5658
218596.137	3522034.771	1.5657
218596.487	3522034.762	1.5656
218596.836	3522034.753	1.5654
218597.185	3522034.743	1.5653
218597.534	3522034.734	1.5652
218597.883	3522034.724	1.5650
218598.232	3522034.715	1.5650
218598.580	3522034.707	1.5649
218598.927	3522034.698	1.5647
218599.275	3522034.689	1.5645
218599.622	3522034.680	1.5643
218599.969	3522034.671	1.5640
218600.315	3522034.662	1.5637
218600.660	3522034.654	1.5634
218601.004	3522034.646	1.5631
218601.347	3522034.637	1.5627
218601.689	3522034.629	1.5624
218602.030	3522034.621	1.5622
218602.370	3522034.613	1.5618
218602.710	3522034.604	1.5616
218603.048	3522034.596	1.5614
218603.386	3522034.588	1.5611
218603.722	3522034.580	1.5610
218604.058	3522034.573	1.5609
218604.392	3522034.566	1.5609
218604.726	3522034.561	1.5609
218605.059	3522034.554	1.5605
218605.390	3522034.548	1.5604
218605.720	3522034.542	1.5609
218606.048	3522034.536	1.5614
218606.375	3522034.530	1.5619
218606.702	3522034.522	1.5623
218607.029	3522034.514	1.5627
218607.355	3522034.507	1.5627
218607.679	3522034.500	1.5627
218608.003	3522034.493	1.5629
218608.326	3522034.486	1.5626
218608.647	3522034.476	1.5624
218608.968	3522034.467	1.5623
218609.287	3522034.458	1.5626
218609.606	3522034.449	1.5626
218609.924	3522034.442	1.5625
218610.242	3522034.435	1.5627
218610.559	3522034.428	1.5626
218610.875	3522034.421	1.5626
218611.191	3522034.415	1.5624
218611.506	3522034.408	1.5621
218611.820	3522034.401	1.5620
218612.134	3522034.394	1.5618
218612.447	3522034.386	1.5616
218612.758	3522034.379	1.5615
218613.069	3522034.371	1.5615
218613.380	3522034.364	1.5616
218613.690	3522034.356	1.5616
218613.999	3522034.349	1.5614
218614.308	3522034.341	1.5615
218614.615	3522034.334	1.5615
218614.922	3522034.327	1.5612
218615.228	3522034.319	1.5609
218615.532	3522034.311	1.5607
218615.836	3522034.303	1.5606
218616.139	3522034.296	1.5605
218616.441	3522034.289	1.5606
218616.742	3522034.282	1.5606
218617.042	3522034.276	1.5604
218617.341	3522034.270	1.5603
218617.638	3522034.263	1.5603
218617.935	3522034.257	1.5603
218618.231	3522034.250	1.5603
218618.527	3522034.243	1.5602
218618.821	3522034.236	1.5600
218619.114	3522034.230	1.5599
218619.407	3522034.224	1.5600
218619.699	3522034.218	1.5600
218619.992	3522034.213	1.5601
218620.284	3522034.208	1.5601
218620.577	3522034.202	1.5603
218620.870	3522034.197	1.5609
218621.163	3522034.191	1.5618
218621.457	3522034.184	1.5625
218621.750	3522034.178	1.5633
218622.044	3522034.171	1.5641
218622.339	3522034.165	1.5650
218622.634	3522034.158	1.5658
218622.930	3522034.150	1.5667
218623.226	3522034.142	1.5678
218623.522	3522034.135	1.5689
218623.818	3522034.127	1.5700
218624.115	3522034.119	1.5712
218624.411	3522034.110	1.5726
218624.708	3522034.100	1.5744
218625.004	3522034.090	1.5762
218625.300	3522034.079	1.5784
218625.596	3522034.067	1.5808
218625.892	3522034.055	1.5833
218626.186	3522034.041	1.5858
218626.481	3522034.027	1.5886
218626.775	3522034.012	1.5917
218627.069	3522033.996	1.5950
218627.361	3522033.980	1.5983
218627.654	3522033.962	1.6013
218627.945	3522033.943	1.6041
218628.236	3522033.923	1.6067
218628.526	3522033.903	1.6092
218628.814	3522033.882	1.6119
218629.103	3522033.860	1.6146
218629.390	3522033.838	1.6171
218629.676	3522033.815	1.6196
218629.961	3522033.791	1.6219
218630.246	3522033.766	1.6242
218630.530	3522033.741	1.6266
218630.813	3522033.716	1.6292
218631.095	3522033.690	1.6317
218631.376	3522033.665	1.6341
218631.657	3522033.639	1.6364
218631.936	3522033.611	1.6389
218632.215	3522033.584	1.6414
218632.492	3522033.556	1.6440
218632.769	3522033.528	1.6465
218633.046	3522033.499	1.6489
218633.323	3522033.469	1.6514
218633.599	3522033.438	1.6539
218633.876	3522033.407	1.6564
218634.153	3522033.374	1.6590
218634.431	3522033.341	1.6616
218634.710	3522033.306	1.6640
218634.988	3522033.272	1.6664
218635.267	3522033.236	1.6688
218635.547	3522033.200	1.6713
218635.828	3522033.164	1.6737
218636.109	3522033.126	1.6761
218636.390	3522033.088	1.6783
218636.673	3522033.048	1.6803
218636.956	3522033.008	1.6822
218637.240	3522032.968	1.6842
218637.523	3522032.927	1.6863
218637.807	3522032.886	1.6884
218638.091	3522032.845	1.6903
218638.375	3522032.803	1.6921
218638.659	3522032.760	1.6938
218638.942	3522032.717	1.6954
218639.226	3522032.673	1.6971
218639.510	3522032.629	1.6987
218639.794	3522032.584	1.7003
218640.077	3522032.538	1.7016
218640.361	3522032.491	1.7028
218640.644	3522032.445	1.7037
218640.928	3522032.398	1.7044
218641.211	3522032.351	1.7048
218641.495	3522032.304	1.7051
218641.778	3522032.257	1.7053
218642.062	3522032.209	1.7055
218642.345	3522032.162	1.7055
218642.629	3522032.114	1.7058
218642.913	3522032.067	1.7062
218643.198	3522032.021	1.7065
218643.482	3522031.974	1.7067
218643.766	3522031.927	1.7067
218644.050	3522031.879	1.7066
218644.334	3522031.831	1.7063
218644.618	3522031.784	1.7060
218644.902	3522031.736	1.7057
218645.186	3522031.689	1.7053
218645.471	3522031.642	1.7050
218645.755	3522031.596	1.7046
218646.039	3522031.549	1.7042
218646.324	3522031.502	1.7036
218646.608	3522031.456	1.7029
218646.893	3522031.410	1.7019
218647.177	3522031.365	1.7009
218647.462	3522031.319	1.6998
218647.747	3522031.274	1.6986
218648.031	3522031.228	1.6975
218648.315	3522031.182	1.6964
218648.599	3522031.137	1.6954
218648.883	3522031.092	1.6945
218649.167	3522031.047	1.6935
218649.451	3522031.002	1.6923
218649.735	3522030.957	1.6909
218650.019	3522030.913	1.6895
218650.303	3522030.869	1.6880
218650.588	3522030.825	1.6866
218650.872	3522030.782	1.6851
218651.157	3522030.739	1.6834
218651.442	3522030.697	1.6816
218651.727	3522030.656	1.6798
218652.012	3522030.615	1.6783
218652.297	3522030.574	1.6769
218652.581	3522030.533	1.6756
218652.866	3522030.493	1.6742
218653.151	3522030.453	1.6728
218653.436	3522030.414	1.6714
218653.722	3522030.376	1.6702
218654.007	3522030.338	1.6692
218654.294	3522030.300	1.6681
218654.581	3522030.262	1.6665
218654.867	3522030.225	1.6647
218655.153	3522030.187	1.6629
218655.439	3522030.151	1.6613
218655.724	3522030.115	1.6597
218656.010	3522030.080	1.6580
218656.295	3522030.046	1.6565
218656.579	3522030.013	1.6550
218656.863	3522029.980	1.6537
218657.147	3522029.947	1.6527
218657.431	3522029.915	1.6520
218657.714	3522029.882	1.6515
218657.997	3522029.851	1.6513
218658.278	3522029.819	1.6514
218658.558	3522029.787	1.6516
218658.838	3522029.755	1.6520
218659.116	3522029.723	1.6523
218659.393	3522029.691	1.6527
218659.669	3522029.660	1.6533
218659.944	3522029.629	1.6538
218660.218	3522029.598	1.6542
218660.492	3522029.567	1.6548
218660.764	3522029.535	1.6557
218661.035	3522029.504	1.6567
218661.307	3522029.474	1.6578
218661.578	3522029.443	1.6589
218661.848	3522029.412	1.6600
218662.117	3522029.380	1.6611
218662.386	3522029.349	1.6625
218662.654	3522029.318	1.6639
218662.922	3522029.286	1.6656
218663.190	3522029.254	1.6674
218663.458	3522029.221	1.6693
218663.726	3522029.187	1.6709
218663.995	3522029.152	1.6722
218664.264	3522029.116	1.6734
218664.534	3522029.080	1.6744
218664.805	3522029.043	1.6753
218665.077	3522029.005	1.6759
218665.349	3522028.967	1.6763
218665.622	3522028.929	1.6766
218665.894	3522028.890	1.6771
218666.167	3522028.852	1.6776
218666.441	3522028.813	1.6782
218666.715	3522028.775	1.6789
218666.990	3522028.736	1.6798
218667.265	3522028.697	1.6807
218667.540	3522028.657	1.6813
218667.815	3522028.617	1.6818
218668.090	3522028.577	1.6825
218668.365	3522028.536	1.6833
218668.639	3522028.496	1.6842
218668.913	3522028.456	1.6851
218669.187	3522028.416	1.6857
218669.461	3522028.374	1.6862
218669.734	3522028.334	1.6868
218670.007	3522028.293	1.6874
218670.279	3522028.252	1.6881
218670.550	3522028.212	1.6886
218670.821	3522028.171	1.6886
218671.091	3522028.130	1.6883
218671.360	3522028.089	1.6878
218671.628	3522028.049	1.6875
218671.895	3522028.010	1.6872
218672.162	3522027.971	1.6869
218672.429	3522027.932	1.6863
218672.694	3522027.893	1.6855
218672.958	3522027.854	1.6845
218673.222	3522027.814	1.6834
218673.485	3522027.776	1.6822
218673.747	3522027.737	1.6810
218674.008	3522027.700	1.6796
218674.269	3522027.663	1.6780
218674.530	3522027.627	1.6762
218674.790	3522027.591	1.6741
218675.051	3522027.556	1.6718
218675.312	3522027.521	1.6696
218675.573	3522027.486	1.6673
218675.835	3522027.452	1.6652
218676.099	3522027.418	1.6630
218676.362	3522027.385	1.6608
218676.626	3522027.353	1.6589
218676.890	3522027.321	1.6573
218677.155	3522027.290	1.6559
218677.420	3522027.259	1.6548
218677.686	3522027.228	1.6538
218677.952	3522027.197	1.6530
218678.219	3522027.167	1.6524
218678.486	3522027.137	1.6522
218678.754	3522027.107	1.6524
218679.022	3522027.077	1.6527
218679.291	3522027.046	1.6531
218679.560	3522027.015	1.6533
218679.829	3522026.984	1.6529
218680.099	3522026.953	1.6524
218680.369	3522026.922	1.6516
218680.640	3522026.891	1.6508
218680.911	3522026.861	1.6500
218681.182	3522026.831	1.6491
218681.454	3522026.802	1.6482
218681.725	3522026.772	1.6473
218681.997	3522026.743	1.6465
218682.270	3522026.714	1.6459
218682.543	3522026.686	1.6453
218682.817	3522026.657	1.6448
218683.091	3522026.628	1.6443
218683.365	3522026.600	1.6437
218683.640	3522026.571	1.6430
218683.916	3522026.543	1.6424
218684.192	3522026.515	1.6419
218684.468	3522026.487	1.6414
218684.744	3522026.459	1.6410
218685.021	3522026.431	1.6405
218685.299	3522026.403	1.6399
218685.577	3522026.375	1.6393
218685.855	3522026.347	1.6388
218686.134	3522026.319	1.6385
218686.414	3522026.291	1.6385
218686.694	3522026.264	1.6386
218686.976	3522026.236	1.6382
218687.258	3522026.209	1.6378
218687.539	3522026.181	1.6376
218687.821	3522026.153	1.6374
218688.105	3522026.125	1.6371
218688.388	3522026.095	1.6369
218688.672	3522026.066	1.6366
218688.956	3522026.037	1.6362
218689.241	3522026.009	1.6358
218689.525	3522025.981	1.6356
218689.811	3522025.954	1.6353
218690.096	3522025.926	1.6349
218690.382	3522025.898	1.6340
218690.668	3522025.869	1.6326
218690.955	3522025.841	1.6309
218691.242	3522025.813	1.6289
218691.529	3522025.785	1.6270
218691.817	3522025.759	1.6253
218692.104	3522025.734	1.6237
218692.392	3522025.710	1.6219
218692.679	3522025.686	1.6202
218692.967	3522025.663	1.6186
218693.255	3522025.640	1.6171
218693.544	3522025.618	1.6157
218693.833	3522025.596	1.6142
218694.122	3522025.575	1.6124
218694.411	3522025.553	1.6104
218694.701	3522025.533	1.6083
218694.990	3522025.513	1.6062
218695.279	3522025.493	1.6041
218695.569	3522025.474	1.6022
218695.858	3522025.456	1.6003
218696.148	3522025.438	1.5985
218696.438	3522025.421	1.5966
218696.728	3522025.405	1.5948
218697.018	3522025.390	1.5930
218697.308	3522025.374	1.5913
218697.598	3522025.360	1.5898
218697.887	3522025.345	1.5882
218698.177	3522025.330	1.5865
218698.466	3522025.315	1.5850
218698.756	3522025.301	1.5838
218699.045	3522025.288	1.5825
218699.334	3522025.275	1.5813
218699.624	3522025.263	1.5800
218699.913	3522025.250	1.5786
218700.203	3522025.238	1.5773
218700.492	3522025.227	1.5760
218700.782	3522025.216	1.5747
218701.071	3522025.206	1.5734
218701.361	3522025.196	1.5721
218701.650	3522025.186	1.5707
218701.939	3522025.176	1.5693
218702.229	3522025.166	1.5680
218702.518	3522025.157	1.5669
218702.807	3522025.150	1.5661
218703.096	3522025.142	1.5656
218703.384	3522025.135	1.5652
218703.673	3522025.127	1.5649
218703.962	3522025.120	1.5646
218704.251	3522025.114	1.5646
218704.539	3522025.108	1.5647
218704.828	3522025.102	1.5650
218705.116	3522025.095	1.5650
218705.404	3522025.089	1.5646
218705.691	3522025.082	1.5641
218705.979	3522025.075	1.5636
218706.267	3522025.069	1.5632
218706.555	3522025.063	1.5628
218706.842	3522025.057	1.5624
218707.128	3522025.051	1.5620
218707.415	3522025.046	1.5616
218707.701	3522025.041	1.5611
218707.987	3522025.035	1.5607
218708.273	3522025.030	1.5603
218708.559	3522025.025	1.5599
218708.845	3522025.021	1.5595
218709.131	3522025.016	1.5589
218709.416	3522025.010	1.5583
218709.700	3522025.004	1.5580
218709.984	3522024.999	1.5578
218710.268	3522024.993	1.5575
218710.552	3522024.988	1.5572
218710.835	3522024.982	1.5569
218711.118	3522024.977	1.5566
218711.402	3522024.973	1.5563
218711.685	3522024.968	1.5562
218711.968	3522024.963	1.5561
218712.250	3522024.957	1.5559
218712.533	3522024.951	1.5554
218712.815	3522024.946	1.5548
218713.097	3522024.941	1.5544
218713.379	3522024.937	1.5540
218713.661	3522024.933	1.5540
218713.942	3522024.928	1.5540
218714.223	3522024.923	1.5538
218714.504	3522024.918	1.5537
218714.785	3522024.914	1.5536
218715.066	3522024.910	1.5536
218715.348	3522024.906	1.5536
218715.631	3522024.902	1.5537
218715.913	3522024.897	1.5535
218716.195	3522024.893	1.5533
218716.477	3522024.889	1.5533
218716.758	3522024.884	1.5534
218717.040	3522024.880	1.5536
218717.321	3522024.876	1.5536
218717.601	3522024.871	1.5533
218717.882	3522024.867	1.5528
218718.163	3522024.863	1.5524
218718.444	3522024.859	1.5521
218718.725	3522024.856	1.5521
218719.005	3522024.852	1.5525
218719.285	3522024.848	1.5530
218719.566	3522024.843	1.5537
218719.846	3522024.838	1.5543
218720.125	3522024.833	1.5550
218720.404	3522024.828	1.5559
218720.683	3522024.824	1.5570
218720.960	3522024.820	1.5580
218721.237	3522024.815	1.5589
218721.513	3522024.809	1.5596
218721.788	3522024.802	1.5603
218722.063	3522024.796	1.5611
218722.338	3522024.790	1.5622
218722.611	3522024.785	1.5634
218722.883	3522024.779	1.5647
218723.154	3522024.773	1.5658
218723.425	3522024.765	1.5668
218723.695	3522024.758	1.5676
218723.963	3522024.750	1.5685
218724.231	3522024.743	1.5696
218724.497	3522024.736	1.5706
218724.762	3522024.729	1.5717
218725.027	3522024.721	1.5726
218725.290	3522024.712	1.5734
218725.552	3522024.703	1.5740
218725.814	3522024.694	1.5747
218726.075	3522024.685	1.5753
218726.334	3522024.678	1.5758
218726.592	3522024.673	1.5768
218726.851	3522024.666	1.5771
218727.108	3522024.655	1.5774
218727.364	3522024.643	1.5774
218727.619	3522024.630	1.5773
218727.873	3522024.618	1.5772
218728.125	3522024.607	1.5776
218728.376	3522024.599	1.5788
218728.627	3522024.591	1.5791
218728.876	3522024.584	1.5790
218729.124	3522024.573	1.5787
218729.371	3522024.565	1.5792
218729.617	3522024.554	1.5796
218729.862	3522024.544	1.5800
218730.106	3522024.534	1.5804
218730.349	3522024.523	1.5807
218730.591	3522024.512	1.5810
218730.833	3522024.502	1.5813
218731.073	3522024.491	1.5817
218731.313	3522024.482	1.5820
218731.551	3522024.472	1.5822
218731.788	3522024.463	1.5825
218732.025	3522024.453	1.5829
218732.260	3522024.443	1.5832
218732.494	3522024.433	1.5834
218732.728	3522024.422	1.5836
218732.959	3522024.411	1.5839
218733.191	3522024.400	1.5843
218733.421	3522024.390	1.5846
218733.651	3522024.380	1.5849
218733.879	3522024.370	1.5854
218734.107	3522024.361	1.5857
218734.333	3522024.351	1.5860
218734.558	3522024.341	1.5863
218734.783	3522024.330	1.5866
218735.006	3522024.319	1.5869
218735.228	3522024.309	1.5871
218735.450	3522024.298	1.5876
218735.670	3522024.287	1.5880
218735.889	3522024.276	1.5884
218736.107	3522024.265	1.5887
218736.323	3522024.254	1.5891
218736.539	3522024.243	1.5895
218736.755	3522024.231	1.5901
218736.970	3522024.220	1.5909
218737.186	3522024.209	1.5918
218737.401	3522024.197	1.5926
218737.618	3522024.185	1.5935
218737.834	3522024.173	1.5943
218738.050	3522024.160	1.5952
218738.267	3522024.146	1.5963
218738.484	3522024.133	1.5976
218738.702	3522024.120	1.5991
218738.920	3522024.107	1.6006
218739.137	3522024.094	1.6023
218739.356	3522024.080	1.6039
218739.575	3522024.066	1.6054
218739.794	3522024.051	1.6070
218740.012	3522024.036	1.6089
218740.230	3522024.020	1.6105
218740.448	3522024.005	1.6124
218740.665	3522023.990	1.6144
218740.882	3522023.975	1.6163
218741.098	3522023.960	1.6179
218741.314	3522023.944	1.6192
218741.530	3522023.928	1.6203
218741.746	3522023.912	1.6212
218741.961	3522023.895	1.6222
218742.176	3522023.878	1.6236
218742.390	3522023.861	1.6250
218742.605	3522023.844	1.6260
218742.818	3522023.826	1.6271
218743.031	3522023.808	1.6281
218743.243	3522023.791	1.6292
218743.454	3522023.773	1.6305
218743.664	3522023.755	1.6319
218743.874	3522023.736	1.6333
218744.082	3522023.718	1.6346
218744.291	3522023.698	1.6361
218744.499	3522023.678	1.6377
218744.705	3522023.658	1.6394
218744.911	3522023.637	1.6413
218745.116	3522023.616	1.6434
218745.319	3522023.594	1.6460
218745.522	3522023.572	1.6491
218745.723	3522023.550	1.6526
218745.923	3522023.527	1.6564
218746.122	3522023.504	1.6604
218746.321	3522023.480	1.6648
218746.519	3522023.456	1.6693
218746.717	3522023.430	1.6740
218746.915	3522023.403	1.6790
218747.113	3522023.375	1.6843
218747.312	3522023.346	1.6900
218747.510	3522023.315	1.6963
218747.708	3522023.284	1.7032
218747.907	3522023.251	1.7105
218748.106	3522023.217	1.7183
218748.304	3522023.182	1.7267
218748.502	3522023.146	1.7356
218748.699	3522023.108	1.7450
218748.897	3522023.067	1.7549
218749.094	3522023.025	1.7653
218749.291	3522022.980	1.7762
218749.487	3522022.934	1.7874
218749.684	3522022.885	1.7989
218749.879	3522022.833	1.8106
218750.075	3522022.779	1.8224
218750.270	3522022.723	1.8341
218750.464	3522022.664	1.8459
218750.658	3522022.604	1.8579
218750.852	3522022.540	1.8702
218751.045	3522022.475	1.8826
218751.237	3522022.407	1.8953
218751.428	3522022.337	1.9083
218751.619	3522022.264	1.9215
218751.808	3522022.188	1.9348
218751.996	3522022.110	1.9482
218752.183	3522022.029	1.9615
218752.371	3522021.946	1.9749
218752.557	3522021.861	1.9884
218752.742	3522021.773	2.0018
218752.925	3522021.683	2.0152
218753.108	3522021.591	2.0286
218753.289	3522021.496	2.0419
218753.469	3522021.398	2.0551
218753.647	3522021.298	2.0684
218753.824	3522021.196	2.0817
218754.000	3522021.093	2.0951
218754.174	3522020.986	2.1085
218754.347	3522020.878	2.1219
218754.518	3522020.766	2.1352
218754.688	3522020.653	2.1484
218754.855	3522020.537	2.1617
218755.021	3522020.419	2.1749
218755.186	3522020.299	2.1880
218755.349	3522020.178	2.2009
218755.511	3522020.054	2.2137
218755.671	3522019.928	2.2259
218755.830	3522019.800	2.2384
218755.987	3522019.669	2.2505
218756.141	3522019.536	2.2625
218756.293	3522019.402	2.2745
218756.444	3522019.265	2.2864
218756.593	3522019.127	2.2982
218756.741	3522018.988	2.3096
218756.887	3522018.848	2.3207
218757.032	3522018.707	2.3318
218757.176	3522018.564	2.3428
218757.318	3522018.418	2.3537
218757.458	3522018.271	2.3643
218757.596	3522018.122	2.3745
218757.732	3522017.971	2.3844
218757.866	3522017.818	2.3945
218758.000	3522017.663	2.4047
218758.133	3522017.507	2.4149
218758.265	3522017.350	2.4247
218758.397	3522017.192	2.4345
218758.528	3522017.032	2.4443
218758.658	3522016.870	2.4541
218758.785	3522016.705	2.4635
218758.911	3522016.539	2.4729
218759.035	3522016.371	2.4821
218759.157	3522016.201	2.4909
218759.279	3522016.030	2.4998
218759.399	3522015.857	2.5087
218759.520	3522015.683	2.5175
218759.639	3522015.507	2.5261
218759.757	3522015.330	2.5344
218759.874	3522015.151	2.5425
218759.989	3522014.971	2.5504
218760.103	3522014.789	2.5582
218760.216	3522014.605	2.5656
218760.328	3522014.420	2.5727
218760.438	3522014.234	2.5795
218760.547	3522014.046	2.5860
218760.656	3522013.857	2.5925
218760.763	3522013.666	2.5991
218760.869	3522013.475	2.6055
218760.975	3522013.282	2.6121
218761.080	3522013.089	2.6188
218761.184	3522012.895	2.6255
218761.287	3522012.699	2.6321
218761.389	3522012.503	2.6388
218761.490	3522012.305	2.6453
218761.589	3522012.106	2.6518
218761.687	3522011.906	2.6583
218761.784	3522011.706	2.6651
218761.880	3522011.504	2.6719
218761.975	3522011.301	2.6789
218762.070	3522011.097	2.6860
218762.163	3522010.893	2.6932
218762.254	3522010.687	2.7007
218762.344	3522010.480	2.7086
218762.433	3522010.273	2.7168
218762.521	3522010.064	2.7255
218762.607	3522009.854	2.7342
218762.692	3522009.643	2.7429
218762.774	3522009.432	2.7512
218762.854	3522009.219	2.7593
218762.932	3522009.006	2.7672
218763.009	3522008.792	2.7752
218763.085	3522008.576	2.7830
218763.160	3522008.360	2.7908
218763.234	3522008.143	2.7988
218763.306	3522007.926	2.8068
218763.376	3522007.707	2.8146
218763.445	3522007.487	2.8224
218763.511	3522007.266	2.8300
218763.575	3522007.044	2.8376
218763.637	3522006.822	2.8455
218763.699	3522006.598	2.8535
218763.760	3522006.375	2.8615
218763.819	3522006.150	2.8694
218763.875	3522005.924	2.8771
218763.930	3522005.697	2.8848
218763.982	3522005.469	2.8925
218764.033	3522005.239	2.9002
218764.083	3522005.009	2.9080
218764.131	3522004.777	2.9159
218764.178	3522004.545	2.9238
218764.223	3522004.311	2.9316
218764.266	3522004.075	2.9393
218764.307	3522003.838	2.9471
218764.346	3522003.599	2.9548
218764.384	3522003.358	2.9626
218764.420	3522003.117	2.9703
218764.455	3522002.874	2.9780
218764.489	3522002.629	2.9856
218764.520	3522002.383	2.9929
218764.550	3522002.135	3.0000
218764.577	3522001.886	3.0069
218764.602	3522001.635	3.0137
218764.626	3522001.383	3.0205
218764.649	3522001.130	3.0272
218764.671	3522000.875	3.0336
218764.691	3522000.619	3.0398
218764.709	3522000.362	3.0456
218764.726	3522000.103	3.0511
218764.741	3521999.841	3.0567
218764.756	3521999.577	3.0622
218764.769	3521999.312	3.0676
218764.781	3521999.045	3.0728
218764.792	3521998.776	3.0776
218764.801	3521998.505	3.0822
218764.809	3521998.233	3.0864
218764.815	3521997.963	3.0903
218764.820	3521997.692	3.0945
218764.825	3521997.418	3.0980
218764.827	3521997.141	3.1010
218764.830	3521996.864	3.1035
218764.831	3521996.585	3.1057
218764.832	3521996.306	3.1074
218764.832	3521996.027	3.1090
218764.833	3521995.749	3.1102
218764.833	3521995.470	3.1107
218764.834	3521995.191	3.1109
218764.833	3521994.912	3.1108
218764.833	3521994.633	3.1105
218764.834	3521994.353	3.1103
218764.835	3521994.071	3.1104
218764.837	3521993.789	3.1107
218764.838	3521993.506	3.1112
218764.839	3521993.222	3.1118
218764.840	3521992.938	3.1126
218764.841	3521992.652	3.1136
218764.841	3521992.365	3.1150
218764.842	3521992.076	3.1166
218764.841	3521991.787	3.1183
218764.840	3521991.497	3.1198
218764.838	3521991.205	3.1211
218764.836	3521990.912	3.1224
218764.834	3521990.618	3.1239
218764.831	3521990.324	3.1258
218764.828	3521990.028	3.1277
218764.825	3521989.730	3.1296
218764.820	3521989.432	3.1313
218764.815	3521989.133	3.1331
218764.809	3521988.833	3.1351
218764.802	3521988.533	3.1373
218764.794	3521988.232	3.1396
218764.786	3521987.929	3.1418
218764.776	3521987.626	3.1439
218764.766	3521987.322	3.1458
218764.756	3521987.017	3.1478
218764.744	3521986.711	3.1498
218764.733	3521986.404	3.1517
218764.720	3521986.096	3.1534
218764.707	3521985.787	3.1547
218764.692	3521985.477	3.1560
218764.678	3521985.167	3.1572
218764.663	3521984.855	3.1585
218764.649	3521984.543	3.1597
218764.633	3521984.230	3.1607
218764.618	3521983.916	3.1614
218764.601	3521983.601	3.1621
218764.585	3521983.285	3.1629
218764.569	3521982.969	3.1639
218764.552	3521982.651	3.1649
218764.534	3521982.332	3.1657
218764.517	3521982.012	3.1662
218764.499	3521981.691	3.1666
218764.481	3521981.370	3.1670
218764.463	3521981.048	3.1674
218764.445	3521980.724	3.1677
218764.426	3521980.401	3.1680
218764.407	3521980.076	3.1684
218764.389	3521979.751	3.1691
218764.370	3521979.425	3.1704
218764.351	3521979.098	3.1719
218764.332	3521978.771	3.1732
218764.311	3521978.443	3.1744
218764.290	3521978.114	3.1756
218764.268	3521977.785	3.1766
218764.247	3521977.455	3.1777
218764.224	3521977.124	3.1787
218764.202	3521976.793	3.1796
218764.179	3521976.461	3.1803
218764.156	3521976.129	3.1812
218764.133	3521975.796	3.1822
218764.109	3521975.463	3.1831
218764.085	3521975.129	3.1837
218764.061	3521974.795	3.1841
218764.036	3521974.460	3.1844
218764.011	3521974.125	3.1848
218763.986	3521973.788	3.1853
218763.961	3521973.452	3.1857
218763.936	3521973.115	3.1859
218763.910	3521972.777	3.1861
218763.885	3521972.439	3.1865
218763.859	3521972.100	3.1871
218763.833	3521971.761	3.1876
218763.807	3521971.421	3.1879
218763.781	3521971.080	3.1882
218763.754	3521970.740	3.1885
218763.728	3521970.398	3.1890
218763.701	3521970.056	3.1898
218763.674	3521969.713	3.1906
218763.646	3521969.371	3.1914
218763.619	3521969.027	3.1922
218763.591	3521968.683	3.1931
218763.563	3521968.338	3.1938
218763.535	3521967.992	3.1944
218763.505	3521967.647	3.1947
218763.475	3521967.301	3.1950
218763.446	3521966.954	3.1954
218763.417	3521966.606	3.1960
218763.388	3521966.258	3.1967
218763.358	3521965.910	3.1972
218763.328	3521965.561	3.1976
218763.298	3521965.211	3.1978
218763.267	3521964.861	3.1982
218763.237	3521964.510	3.1985
218763.206	3521964.159	3.1987
218763.174	3521963.807	3.1988
218763.143	3521963.455	3.1991
218763.112	3521963.103	3.1994
218763.081	3521962.749	3.1998
218763.049	3521962.396	3.2000
218763.017	3521962.041	3.2001
218762.985	3521961.687	3.2003
218762.953	3521961.332	3.2006
218762.921	3521960.976	3.2010
218762.888	3521960.620	3.2012
218762.855	3521960.263	3.2013
218762.822	3521959.906	3.2015
218762.789	3521959.548	3.2017
218762.756	3521959.190	3.2018
218762.723	3521958.831	3.2018
218762.689	3521958.472	3.2017
218762.656	3521958.113	3.2017
218762.622	3521957.753	3.2019
218762.589	3521957.393	3.2020
218762.556	3521957.031	3.2018
218762.522	3521956.670	3.2015
218762.488	3521956.308	3.2010
218762.455	3521955.946	3.2008
218762.422	3521955.583	3.2007
218762.389	3521955.219	3.2006
218762.357	3521954.855	3.2002
218762.325	3521954.490	3.1999
218762.293	3521954.124	3.1996
218762.261	3521953.758	3.1993
218762.230	3521953.392	3.1989
218762.198	3521953.025	3.1984
218762.167	3521952.658	3.1979
218762.136	3521952.290	3.1976
218762.104	3521951.922	3.1974
218762.073	3521951.553	3.1970
218762.042	3521951.184	3.1966
218762.011	3521950.815	3.1961
218761.980	3521950.445	3.1958
218761.950	3521950.075	3.1956
218761.919	3521949.704	3.1953
218761.888	3521949.333	3.1948
218761.857	3521948.962	3.1943
218761.827	3521948.590	3.1939
218761.797	3521948.217	3.1936
218761.766	3521947.845	3.1931
218761.735	3521947.473	3.1926
218761.705	3521947.101	3.1922
218761.674	3521946.728	3.1920
218761.644	3521946.355	3.1916
218761.614	3521945.981	3.1910
218761.583	3521945.608	3.1903
218761.554	3521945.233	3.1897
218761.524	3521944.859	3.1891
218761.495	3521944.483	3.1884
218761.465	3521944.108	3.1876
218761.436	3521943.732	3.1869
218761.408	3521943.356	3.1863
218761.380	3521942.980	3.1858
218761.352	3521942.603	3.1851
218761.323	3521942.225	3.1842
218761.295	3521941.848	3.1833
218761.267	3521941.470	3.1826
218761.239	3521941.091	3.1818
218761.212	3521940.713	3.1811
218761.185	3521940.333	3.1804
218761.159	3521939.952	3.1796
218761.134	3521939.570	3.1789
218761.108	3521939.188	3.1782
218761.082	3521938.806	3.1774
218761.057	3521938.423	3.1766
218761.032	3521938.040	3.1761
218761.008	3521937.656	3.1760
218760.984	3521937.272	3.1761
218760.959	3521936.888	3.1762
218760.935	3521936.503	3.1764
218760.910	3521936.118	3.1769
218760.885	3521935.733	3.1776
218760.859	3521935.348	3.1782
218760.833	3521934.961	3.1785
218760.807	3521934.575	3.1787
218760.781	3521934.188	3.1792
218760.755	3521933.801	3.1796
218760.729	3521933.414	3.1799
218760.702	3521933.026	3.1800
218760.676	3521932.638	3.1803
218760.649	3521932.250	3.1806
218760.623	3521931.862	3.1809
218760.595	3521931.473	3.1808
218760.568	3521931.084	3.1806
218760.541	3521930.695	3.1806
218760.514	3521930.305	3.1807
218760.488	3521929.915	3.1811
218760.461	3521929.525	3.1816
218760.434	3521929.134	3.1822
218760.406	3521928.743	3.1832
218760.379	3521928.352	3.1842
218760.350	3521927.960	3.1849
218760.322	3521927.568	3.1854
218760.293	3521927.176	3.1860
218760.264	3521926.784	3.1867
218760.234	3521926.391	3.1874
218760.204	3521925.998	3.1880
218760.174	3521925.605	3.1886
218760.144	3521925.212	3.1893
218760.113	3521924.818	3.1902
218760.081	3521924.425	3.1906
218760.049	3521924.033	3.1907
218760.017	3521923.640	3.1908
218759.985	3521923.248	3.1909
218759.953	3521922.856	3.1909
218759.921	3521922.464	3.1906
218759.889	3521922.073	3.1903
218759.858	3521921.683	3.1900
218759.827	3521921.294	3.1899
218759.795	3521920.906	3.1897
218759.764	3521920.518	3.1893
218759.734	3521920.132	3.1891
218759.703	3521919.746	3.1889
218759.673	3521919.361	3.1888
218759.643	3521918.976	3.1885
218759.613	3521918.592	3.1882
218759.583	3521918.208	3.1881
218759.553	3521917.825	3.1881
218759.524	3521917.441	3.1883
218759.494	3521917.057	3.1888
218759.464	3521916.673	3.1891
218759.434	3521916.290	3.1895
218759.404	3521915.906	3.1901
218759.373	3521915.521	3.1905
218759.342	3521915.137	3.1907
218759.311	3521914.753	3.1910
218759.280	3521914.370	3.1915
218759.249	3521913.986	3.1920
218759.218	3521913.602	3.1925
218759.186	3521913.218	3.1927
218759.155	3521912.834	3.1930
218759.123	3521912.451	3.1934
218759.091	3521912.067	3.1937
218759.059	3521911.683	3.1939
218759.027	3521911.299	3.1940
218758.995	3521910.915	3.1942
218758.963	3521910.531	3.1946
218758.931	3521910.148	3.1949
218758.898	3521909.764	3.1950
218758.865	3521909.380	3.1952
218758.834	3521908.996	3.1952
218758.802	3521908.611	3.1953
218758.770	3521908.227	3.1954
218758.737	3521907.843	3.1953
218758.705	3521907.459	3.1953
218758.673	3521907.074	3.1955
218758.642	3521906.690	3.1958
218758.609	3521906.306	3.1959
218758.577	3521905.922	3.1958
218758.545	3521905.538	3.1958
218758.513	3521905.153	3.1958
218758.481	3521904.769	3.1959
218758.448	3521904.385	3.1959
218758.416	3521904.000	3.1959
218758.384	3521903.616	3.1959
218758.352	3521903.232	3.1961
218758.320	3521902.848	3.1962
218758.287	3521902.464	3.1961
218758.255	3521902.079	3.1960
218758.223	3521901.696	3.1962
218758.190	3521901.313	3.1965
218758.157	3521900.930	3.1966
218758.124	3521900.547	3.1965
218758.091	3521900.164	3.1965
218758.058	3521899.781	3.1966
218758.025	3521899.398	3.1966
218757.992	3521899.015	3.1965
218757.959	3521898.632	3.1963
218757.925	3521898.249	3.1963
218757.892	3521897.866	3.1963
218757.859	3521897.482	3.1962
218757.826	3521897.099	3.1958
218757.794	3521896.716	3.1954
218757.761	3521896.332	3.1952
218757.729	3521895.949	3.1950
218757.696	3521895.565	3.1948
218757.664	3521895.182	3.1944
218757.632	3521894.798	3.1940
218757.600	3521894.415	3.1938
218757.569	3521894.030	3.1933
218757.539	3521893.646	3.1930
218757.510	3521893.261	3.1927
218757.480	3521892.877	3.1925
218757.450	3521892.493	3.1923
218757.420	3521892.108	3.1922
218757.391	3521891.723	3.1918
218757.361	3521891.338	3.1916
218757.332	3521890.954	3.1913
218757.303	3521890.569	3.1913
218757.273	3521890.184	3.1912
218757.244	3521889.799	3.1909
218757.214	3521889.414	3.1906
218757.185	3521889.029	3.1904
218757.157	3521888.644	3.1903
218757.127	3521888.259	3.1900
218757.098	3521887.873	3.1896
218757.069	3521887.488	3.1893
218757.040	3521887.103	3.1890
218757.012	3521886.718	3.1888
218756.982	3521886.332	3.1884
218756.952	3521885.947	3.1877
218756.922	3521885.561	3.1870
218756.892	3521885.176	3.1864
218756.863	3521884.790	3.1857
218756.833	3521884.404	3.1850
218756.804	3521884.019	3.1845
218756.776	3521883.633	3.1843
218756.748	3521883.247	3.1843
218756.719	3521882.861	3.1841
218756.691	3521882.475	3.1839
218756.662	3521882.090	3.1838
218756.634	3521881.705	3.1838
218756.606	3521881.319	3.1837
218756.577	3521880.933	3.1834
218756.548	3521880.548	3.1831
218756.519	3521880.162	3.1830
218756.491	3521879.777	3.1830
218756.463	3521879.391	3.1830
218756.434	3521879.005	3.1829
218756.406	3521878.620	3.1829
218756.379	3521878.234	3.1829
218756.351	3521877.848	3.1830
218756.323	3521877.463	3.1829
218756.294	3521877.077	3.1828
218756.266	3521876.691	3.1828
218756.239	3521876.306	3.1828
218756.211	3521875.920	3.1830
218756.184	3521875.534	3.1829
218756.156	3521875.148	3.1829
218756.128	3521874.762	3.1830
218756.100	3521874.376	3.1831
218756.072	3521873.991	3.1832
218756.044	3521873.605	3.1833
218756.017	3521873.219	3.1833
218755.989	3521872.833	3.1836
218755.961	3521872.447	3.1839
218755.933	3521872.061	3.1841
218755.905	3521871.676	3.1844
218755.876	3521871.290	3.1850
218755.848	3521870.905	3.1856
218755.820	3521870.519	3.1866
218755.792	3521870.134	3.1875
218755.762	3521869.749	3.1884
218755.733	3521869.364	3.1893
218755.703	3521868.979	3.1902
218755.673	3521868.593	3.1909
218755.643	3521868.208	3.1914
218755.612	3521867.823	3.1920
218755.581	3521867.438	3.1928
218755.551	3521867.053	3.1935
218755.520	3521866.668	3.1943
218755.488	3521866.283	3.1947
218755.456	3521865.898	3.1951
218755.424	3521865.512	3.1955
218755.392	3521865.127	3.1958
218755.360	3521864.742	3.1960
218755.327	3521864.357	3.1961
218755.295	3521863.972	3.1963
218755.262	3521863.587	3.1966
218755.230	3521863.201	3.1967
218755.197	3521862.816	3.1969
218755.164	3521862.430	3.1971
218755.131	3521862.045	3.1974
218755.098	3521861.659	3.1976
218755.065	3521861.273	3.1978
218755.032	3521860.888	3.1979
218754.998	3521860.503	3.1981
218754.964	3521860.117	3.1983
218754.931	3521859.732	3.1986
218754.897	3521859.346	3.1985
218754.864	3521858.961	3.1983
218754.830	3521858.576	3.1982
218754.797	3521858.190	3.1982
218754.763	3521857.805	3.1982
218754.730	3521857.419	3.1981
218754.697	3521857.034	3.1980
218754.663	3521856.649	3.1981
218754.630	3521856.263	3.1981
218754.596	3521855.878	3.1981
218754.563	3521855.492	3.1979
218754.529	3521855.107	3.1979
218754.496	3521854.722	3.1980
218754.463	3521854.337	3.1981
218754.430	3521853.952	3.1981
218754.396	3521853.567	3.1980
218754.363	3521853.183	3.1980
218754.329	3521852.798	3.1981
218754.296	3521852.413	3.1981
218754.263	3521852.028	3.1981
218754.230	3521851.643	3.1980
218754.196	3521851.258	3.1981
218754.163	3521850.873	3.1982
218754.129	3521850.488	3.1983
218754.095	3521850.103	3.1982
218754.061	3521849.718	3.1981
218754.028	3521849.334	3.1984
218753.995	3521848.949	3.1987
218753.961	3521848.564	3.1989
218753.928	3521848.179	3.1991
218753.894	3521847.795	3.1993
218753.861	3521847.409	3.1997
218753.827	3521847.023	3.2002
218753.793	3521846.637	3.2005
218753.759	3521846.252	3.2007
218753.725	3521845.867	3.2011
218753.691	3521845.482	3.2016
218753.657	3521845.096	3.2020
218753.622	3521844.711	3.2023
218753.587	3521844.327	3.2026
218753.552	3521843.942	3.2031
218753.518	3521843.556	3.2035
218753.482	3521843.171	3.2039
218753.447	3521842.787	3.2042
218753.411	3521842.402	3.2045
218753.376	3521842.018	3.2050
218753.341	3521841.633	3.2055
218753.305	3521841.248	3.2058
218753.268	3521840.864	3.2060
218753.232	3521840.480	3.2064
218753.195	3521840.096	3.2069
218753.158	3521839.713	3.2071
218753.121	3521839.329	3.2071
218753.084	3521838.946	3.2070
218753.046	3521838.563	3.2070
218753.009	3521838.179	3.2070
218752.972	3521837.796	3.2070
218752.934	3521837.413	3.2068
218752.897	3521837.030	3.2066
218752.860	3521836.646	3.2064
218752.823	3521836.263	3.2061
218752.786	3521835.879	3.2056
218752.750	3521835.495	3.2051
218752.714	3521835.112	3.2047
218752.678	3521834.729	3.2044
218752.643	3521834.345	3.2042
218752.607	3521833.961	3.2040
218752.571	3521833.578	3.2037
218752.535	3521833.194	3.2036
218752.500	3521832.810	3.2033
218752.465	3521832.426	3.2029
218752.430	3521832.043	3.2024
218752.396	3521831.659	3.2020
218752.362	3521831.275	3.2015
218752.329	3521830.891	3.2014
218752.295	3521830.507	3.2011
218752.261	3521830.123	3.2007
218752.226	3521829.739	3.2004
218752.192	3521829.355	3.2002
218752.158	3521828.971	3.2000
218752.124	3521828.587	3.1998
218752.091	3521828.203	3.1995
218752.058	3521827.819	3.1993
218752.025	3521827.435	3.1992
218751.991	3521827.051	3.1990
218751.958	3521826.667	3.1988
218751.924	3521826.282	3.1986
218751.892	3521825.898	3.1985
218751.859	3521825.513	3.1984
218751.826	3521825.128	3.1981
218751.793	3521824.744	3.1976
218751.759	3521824.358	3.1972
218751.726	3521823.973	3.1969
218751.694	3521823.587	3.1966
218751.661	3521823.201	3.1963
218751.628	3521822.816	3.1958
218751.596	3521822.430	3.1953
218751.564	3521822.044	3.1948
218751.532	3521821.658	3.1942
218751.500	3521821.271	3.1934
218751.468	3521820.885	3.1927
218751.437	3521820.499	3.1921
218751.405	3521820.112	3.1917
218751.374	3521819.725	3.1912
218751.344	3521819.339	3.1906
218751.313	3521818.952	3.1900
218751.283	3521818.566	3.1895
218751.253	3521818.179	3.1889
218751.223	3521817.791	3.1884
218751.193	3521817.405	3.1879
218751.163	3521817.018	3.1876
218751.133	3521816.631	3.1874
218751.104	3521816.245	3.1872
218751.074	3521815.858	3.1870
218751.045	3521815.471	3.1867
218751.016	3521815.084	3.1864
218750.987	3521814.697	3.1861
218750.958	3521814.310	3.1859
218750.929	3521813.924	3.1856
218750.900	3521813.537	3.1853
218750.872	3521813.149	3.1851
218750.844	3521812.762	3.1848
218750.816	3521812.374	3.1846
218750.787	3521811.987	3.1846
218750.759	3521811.599	3.1847
218750.731	3521811.212	3.1851
218750.703	3521810.824	3.1856
218750.675	3521810.436	3.1859
218750.645	3521810.048	3.1861
218750.616	3521809.660	3.1864
218750.587	3521809.272	3.1866
218750.558	3521808.884	3.1868
218750.529	3521808.496	3.1869
218750.500	3521808.108	3.1870
218750.470	3521807.719	3.1873
218750.441	3521807.331	3.1876
218750.411	3521806.942	3.1878
218750.382	3521806.553	3.1878
218750.352	3521806.164	3.1880
218750.322	3521805.774	3.1882
218750.293	3521805.385	3.1884
218750.262	3521804.996	3.1885
218750.232	3521804.606	3.1886
218750.203	3521804.217	3.1888
218750.173	3521803.827	3.1890
218750.143	3521803.437	3.1892
218750.112	3521803.046	3.1892
218750.082	3521802.656	3.1894
218750.052	3521802.266	3.1897
218750.022	3521801.875	3.1901
218749.992	3521801.485	3.1901
218749.961	3521801.096	3.1903
218749.931	3521800.707	3.1906
218749.901	3521800.318	3.1909
218749.870	3521799.930	3.1912
218749.839	3521799.542	3.1915
218749.809	3521799.156	3.1916
218749.778	3521798.770	3.1920
218749.748	3521798.384	3.1924
218749.717	3521798.000	3.1926
218749.686	3521797.616	3.1927
218749.656	3521797.233	3.1929
218749.625	3521796.851	3.1931
218749.594	3521796.471	3.1934
218749.564	3521796.091	3.1936
218749.533	3521795.713	3.1937
218749.502	3521795.336	3.1939
218749.471	3521794.960	3.1941
218749.441	3521794.586	3.1943
218749.410	3521794.212	3.1945
218749.379	3521793.840	3.1944
218749.349	3521793.469	3.1945
218749.318	3521793.099	3.1947
218749.288	3521792.730	3.1948
218749.257	3521792.362	3.1947
218749.226	3521791.996	3.1947
218749.195	3521791.630	3.1949
218749.165	3521791.266	3.1950
218749.136	3521790.903	3.1951
218749.106	3521790.542	3.1952
218749.076	3521790.181	3.1951
218749.046	3521789.822	3.1952
218749.016	3521789.464	3.1953
218748.987	3521789.107	3.1954
218748.957	3521788.751	3.1953
218748.927	3521788.397	3.1953
218748.898	3521788.044	3.1954
218748.869	3521787.692	3.1955
218748.840	3521787.340	3.1956
218748.811	3521786.990	3.1956
218748.782	3521786.640	3.1955
218748.753	3521786.291	3.1955
218748.724	3521785.942	3.1955
218748.695	3521785.592	3.1954
218748.666	3521785.243	3.1950
218748.636	3521784.893	3.1944
218748.607	3521784.542	3.1939
218748.579	3521784.191	3.1935
218748.550	3521783.839	3.1931
218748.521	3521783.486	3.1927
218748.493	3521783.132	3.1923
218748.464	3521782.778	3.1920
218748.436	3521782.422	3.1917
218748.408	3521782.066	3.1914
218748.379	3521781.709	3.1909
218748.351	3521781.352	3.1904
218748.322	3521780.994	3.1900
218748.294	3521780.637	3.1898
218748.266	3521780.279	3.1896
218748.238	3521779.921	3.1894
218748.211	3521779.564	3.1889
218748.183	3521779.207	3.1887
218748.155	3521778.850	3.1886
218748.128	3521778.493	3.1885
218748.100	3521778.137	3.1882
218748.073	3521777.782	3.1880
218748.046	3521777.428	3.1878
218748.019	3521777.074	3.1878
218747.993	3521776.721	3.1877
218747.966	3521776.368	3.1875
218747.939	3521776.016	3.1873
218747.912	3521775.666	3.1872
218747.886	3521775.317	3.1871
218747.860	3521774.971	3.1870
218747.834	3521774.628	3.1869
218747.808	3521774.288	3.1866
218747.783	3521773.954	3.1863
218747.758	3521773.623	3.1861
218747.733	3521773.296	3.1860
218747.710	3521772.973	3.1859
218747.686	3521772.655	3.1858
218747.663	3521772.341	3.1855
218747.640	3521772.032	3.1854
218747.617	3521771.726	3.1853
218747.595	3521771.425	3.1852
218747.573	3521771.128	3.1850
218747.551	3521770.836	3.1849
218747.530	3521770.548	3.1848
218747.509	3521770.265	3.1847
218747.489	3521769.986	3.1848
218747.470	3521769.712	3.1848
218747.450	3521769.442	3.1848
218747.431	3521769.177	3.1847
218747.412	3521768.917	3.1846
218747.393	3521768.661	3.1846
218747.375	3521768.411	3.1846
218747.358	3521768.165	3.1847
218747.340	3521767.924	3.1848
218747.324	3521767.688	3.1847
218747.307	3521767.458	3.1848
218747.291	3521767.232	3.1847
218747.275	3521767.011	3.1847
218747.259	3521766.796	3.1847
218747.244	3521766.586	3.1848
218747.229	3521766.381	3.1849
218747.215	3521766.181	3.1848
218747.201	3521765.984	3.1847
218747.187	3521765.792	3.1847
218747.173	3521765.602	3.1847
218747.160	3521765.415	3.1846
218747.146	3521765.232	3.1845
218747.134	3521765.051	3.1845
218747.121	3521764.874	3.1844
218747.109	3521764.699	3.1845
218747.097	3521764.527	3.1846
218747.085	3521764.358	3.1845
218747.073	3521764.192	3.1844
218747.061	3521764.028	3.1844
218747.050	3521763.866	3.1843
218747.038	3521763.707	3.1842
218747.026	3521763.551	3.1836
218747.014	3521763.396	3.1836
218747.002	3521763.244	3.1837
218746.991	3521763.094	3.1837
218746.980	3521762.947	3.1838
218746.969	3521762.801	3.1838
218746.958	3521762.658	3.1838
218746.947	3521762.517	3.1838
218746.936	3521762.377	3.1838
218746.925	3521762.240	3.1838
218746.914	3521762.103	3.1839
218746.903	3521761.968	3.1840
218746.893	3521761.834	3.1841
218746.882	3521761.701	3.1842
218746.872	3521761.569	3.1842
218746.862	3521761.437	3.1844
218746.852	3521761.306	3.1845
218746.841	3521761.176	3.1848
218746.831	3521761.047	3.1849
218746.821	3521760.918	3.1850
218746.811	3521760.790	3.1852
218746.802	3521760.663	3.1853
218746.792	3521760.537	3.1854
218746.783	3521760.411	3.1855
218746.774	3521760.285	3.1856
218746.765	3521760.160	3.1857
218746.755	3521760.036	3.1857
218746.746	3521759.912	3.1858
218746.737	3521759.788	3.1858
218746.728	3521759.665	3.1859
218746.719	3521759.544	3.1860
218746.710	3521759.422	3.1862
218746.702	3521759.302	3.1865
218746.693	3521759.183	3.1866
218746.684	3521759.064	3.1867
218746.676	3521758.947	3.1866
218746.666	3521758.830	3.1867
218746.657	3521758.714	3.1867
218746.649	3521758.600	3.1868
218746.640	3521758.486	3.1869
218746.632	3521758.373	3.1870
218746.624	3521758.260	3.1871
218746.615	3521758.149	3.1870
218746.606	3521758.038	3.1871
218746.597	3521757.927	3.1872
218746.587	3521757.818	3.1873
218746.578	3521757.708	3.1872
218746.569	3521757.599	3.1872
218746.561	3521757.489	3.1874
218746.553	3521757.380	3.1877
218746.545	3521757.271	3.1879
218746.536	3521757.162	3.1879
218746.526	3521757.053	3.1877
218746.516	3521756.945	3.1876
218746.507	3521756.836	3.1878
218746.499	3521756.726	3.1881
218746.490	3521756.617	3.1882
218746.482	3521756.508	3.1881
218746.474	3521756.398	3.1882
218746.465	3521756.289	3.1883
218746.457	3521756.180	3.1884
218746.449	3521756.070	3.1885
218746.441	3521755.959	3.1885
218746.432	3521755.847	3.1882
218746.422	3521755.734	3.1881
218746.413	3521755.618	3.1884
218746.404	3521755.500	3.1889
218746.395	3521755.380	3.1891
218746.386	3521755.258	3.1889
218746.376	3521755.132	3.1888
218746.366	3521755.004	3.1891
218746.356	3521754.873	3.1896
218746.345	3521754.739	3.1901
218746.334	3521754.602	3.1906
218746.324	3521754.462	3.1910
218746.313	3521754.320	3.1914
218746.302	3521754.174	3.1919
218746.290	3521754.026	3.1924
218746.278	3521753.875	3.1929
218746.265	3521753.722	3.1934
218746.251	3521753.565	3.1939
218746.237	3521753.406	3.1942
218746.223	3521753.244	3.1946
218746.208	3521753.079	3.1952
218746.194	3521752.911	3.1960
218746.179	3521752.741	3.1966
218746.164	3521752.568	3.1973
218746.148	3521752.392	3.1979
218746.132	3521752.213	3.1985
218746.115	3521752.032	3.1994
218746.099	3521751.848	3.2003
218746.081	3521751.661	3.2011
218746.063	3521751.472	3.2017
218746.045	3521751.280	3.2024
218746.026	3521751.086	3.2032
218746.007	3521750.889	3.2038
218745.987	3521750.689	3.2046
218745.967	3521750.487	3.2054
218745.947	3521750.281	3.2062
218745.927	3521750.074	3.2069
218745.907	3521749.864	3.2066
218745.888	3521749.652	3.2070
218745.867	3521749.437	3.2071
218745.847	3521749.220	3.2071
218745.826	3521749.001	3.2070
218745.805	3521748.779	3.2068
218745.784	3521748.555	3.2067
218745.763	3521748.328	3.2068
218745.742	3521748.098	3.2069
218745.721	3521747.866	3.2070
218745.699	3521747.632	3.2070
218745.677	3521747.396	3.2071
218745.654	3521747.157	3.2070
218745.631	3521746.916	3.2070
218745.609	3521746.673	3.2070
218745.586	3521746.427	3.2071
218745.563	3521746.178	3.2070
218745.540	3521745.927	3.2068
218745.516	3521745.675	3.2066
218745.492	3521745.419	3.2063
218745.467	3521745.161	3.2066
218745.441	3521744.901	3.2065
218745.415	3521744.638	3.2063
218745.389	3521744.373	3.2060
218745.363	3521744.106	3.2056
218745.337	3521743.836	3.2050
218745.310	3521743.564	3.2044
218745.284	3521743.291	3.2038
218745.258	3521743.016	3.2034
218745.232	3521742.739	3.2031
218745.206	3521742.461	3.2027
218745.180	3521742.182	3.2022
218745.153	3521741.902	3.2017
218745.127	3521741.620	3.2011
218745.101	3521741.338	3.2006
218745.075	3521741.054	3.2003
218745.050	3521740.769	3.1999
218745.024	3521740.483	3.1994
218744.998	3521740.195	3.1989
218744.971	3521739.907	3.1983
218744.945	3521739.617	3.1981
218744.919	3521739.326	3.1977
218744.894	3521739.033	3.1975
218744.870	3521738.739	3.1974
218744.844	3521738.444	3.1973
218744.819	3521738.147	3.1970
218744.792	3521737.849	3.1968
218744.766	3521737.549	3.1967
218744.740	3521737.248	3.1967
218744.714	3521736.945	3.1968
218744.688	3521736.641	3.1969
218744.661	3521736.335	3.1969
218744.634	3521736.029	3.1969
218744.607	3521735.721	3.1969
218744.580	3521735.411	3.1971
218744.554	3521735.100	3.1972
218744.527	3521734.789	3.1973
218744.500	3521734.476	3.1972
218744.472	3521734.162	3.1972
218744.445	3521733.846	3.1973
218744.417	3521733.530	3.1974
218744.390	3521733.213	3.1974
218744.363	3521732.894	3.1974
218744.335	3521732.576	3.1974
218744.308	3521732.255	3.1974
218744.281	3521731.934	3.1975
218744.254	3521731.612	3.1975
218744.226	3521731.289	3.1974
218744.198	3521730.966	3.1974
218744.170	3521730.641	3.1973
218744.142	3521730.315	3.1973
218744.114	3521729.989	3.1974
218744.086	3521729.661	3.1974
218744.058	3521729.333	3.1974
218744.030	3521729.004	3.1973
218744.002	3521728.674	3.1973
218743.974	3521728.343	3.1974
218743.945	3521728.012	3.1975
218743.917	3521727.679	3.1976
218743.888	3521727.346	3.1975
218743.859	3521727.012	3.1973
218743.830	3521726.676	3.1974
218743.801	3521726.340	3.1974
218743.772	3521726.003	3.1974
218743.743	3521725.665	3.1974
218743.714	3521725.327	3.1974
218743.685	3521724.988	3.1975
218743.655	3521724.648	3.1975
218743.626	3521724.307	3.1974
218743.597	3521723.965	3.1972
218743.567	3521723.623	3.1971
218743.538	3521723.280	3.1971
218743.508	3521722.936	3.1970
218743.479	3521722.591	3.1969
218743.449	3521722.246	3.1968
218743.419	3521721.900	3.1967
218743.390	3521721.553	3.1966
218743.360	3521721.205	3.1965
218743.330	3521720.857	3.1965
218743.301	3521720.507	3.1964
218743.271	3521720.158	3.1963
218743.240	3521719.808	3.1963
218743.209	3521719.457	3.1964
218743.178	3521719.106	3.1965
218743.148	3521718.753	3.1965
218743.118	3521718.400	3.1966
218743.087	3521718.046	3.1968
218743.056	3521717.692	3.1969
218743.024	3521717.337	3.1971
218742.993	3521716.981	3.1974
218742.962	3521716.625	3.1978
218742.931	3521716.268	3.1984
218742.899	3521715.910	3.1992
218742.867	3521715.551	3.1999
218742.835	3521715.192	3.2006
218742.802	3521714.832	3.2013
218742.769	3521714.472	3.2019
218742.736	3521714.111	3.2025
218742.702	3521713.750	3.2032
218742.668	3521713.387	3.2038
218742.635	3521713.024	3.2043
218742.601	3521712.660	3.2049
218742.567	3521712.295	3.2055
218742.533	3521711.930	3.2062
218742.499	3521711.564	3.2068
218742.464	3521711.197	3.2074
218742.428	3521710.830	3.2079
218742.393	3521710.462	3.2086
218742.358	3521710.093	3.2094
218742.322	3521709.724	3.2100
218742.286	3521709.354	3.2106
218742.249	3521708.984	3.2112
218742.212	3521708.613	3.2119
218742.175	3521708.242	3.2126
218742.138	3521707.870	3.2132
218742.100	3521707.497	3.2137
218742.062	3521707.124	3.2142
218742.023	3521706.751	3.2149
218741.985	3521706.377	3.2155
218741.946	3521706.002	3.2161
218741.906	3521705.628	3.2165
218741.867	3521705.253	3.2169
218741.827	3521704.878	3.2174
218741.787	3521704.502	3.2177
218741.747	3521704.125	3.2179
218741.706	3521703.748	3.2178
218741.665	3521703.371	3.2177
218741.625	3521702.993	3.2175
218741.584	3521702.614	3.2172
218741.544	3521702.235	3.2166
218741.503	3521701.855	3.2160
218741.463	3521701.475	3.2154
218741.424	3521701.093	3.2149
218741.384	3521700.712	3.2143
218741.344	3521700.330	3.2138
218741.305	3521699.947	3.2131
218741.265	3521699.563	3.2125
218741.226	3521699.179	3.2120
218741.188	3521698.795	3.2115
218741.149	3521698.410	3.2108
218741.110	3521698.024	3.2103
218741.071	3521697.637	3.2099
218741.032	3521697.249	3.2096
218740.993	3521696.861	3.2091
218740.954	3521696.472	3.2086
218740.915	3521696.083	3.2081
218740.876	3521695.693	3.2077
218740.838	3521695.303	3.2074
218740.800	3521694.912	3.2069
218740.761	3521694.521	3.2064
218740.723	3521694.130	3.2061
218740.685	3521693.737	3.2058
218740.647	3521693.344	3.2054
218740.609	3521692.951	3.2049
218740.572	3521692.558	3.2046
218740.534	3521692.164	3.2043
218740.496	3521691.769	3.2041
218740.459	3521691.374	3.2038
218740.421	3521690.978	3.2034
218740.383	3521690.582	3.2033
218740.346	3521690.185	3.2036
218740.308	3521689.788	3.2037
218740.271	3521689.390	3.2040
218740.234	3521688.992	3.2044
218740.196	3521688.594	3.2048
218740.157	3521688.195	3.2051
218740.119	3521687.795	3.2054
218740.080	3521687.395	3.2054
218740.042	3521686.995	3.2056
218740.003	3521686.594	3.2059
218739.964	3521686.192	3.2062
218739.926	3521685.791	3.2063
218739.887	3521685.388	3.2065
218739.848	3521684.985	3.2067
218739.809	3521684.582	3.2070
218739.769	3521684.178	3.2072
218739.730	3521683.774	3.2074
218739.690	3521683.369	3.2077
218739.650	3521682.963	3.2082
218739.611	3521682.557	3.2087
218739.571	3521682.151	3.2093
218739.531	3521681.745	3.2100
218739.491	3521681.338	3.2110
218739.450	3521680.931	3.2121
218739.409	3521680.523	3.2130
218739.368	3521680.114	3.2139
218739.326	3521679.706	3.2147
218739.284	3521679.296	3.2156
218739.241	3521678.886	3.2164
218739.198	3521678.476	3.2171
218739.154	3521678.066	3.2179
218739.111	3521677.654	3.2189
218739.066	3521677.242	3.2197
218739.022	3521676.830	3.2202
218738.977	3521676.417	3.2206
218738.931	3521676.004	3.2210
218738.885	3521675.590	3.2212
218738.840	3521675.176	3.2213
218738.794	3521674.761	3.2212
218738.748	3521674.346	3.2213
218738.702	3521673.930	3.2214
218738.656	3521673.513	3.2214
218738.610	3521673.096	3.2214
218738.564	3521672.679	3.2215
218738.519	3521672.261	3.2216
218738.473	3521671.842	3.2217
218738.427	3521671.423	3.2218
218738.380	3521671.003	3.2218
218738.334	3521670.583	3.2220
218738.288	3521670.162	3.2224
218738.241	3521669.741	3.2226
218738.195	3521669.319	3.2229
218738.148	3521668.897	3.2233
218738.101	3521668.474	3.2238
218738.054	3521668.050	3.2242
218738.006	3521667.626	3.2247
218737.959	3521667.202	3.2254
218737.911	3521666.778	3.2262
218737.862	3521666.353	3.2269
218737.813	3521665.929	3.2276
218737.764	3521665.503	3.2281
218737.714	3521665.078	3.2288
218737.663	3521664.652	3.2296
218737.613	3521664.226	3.2303
218737.562	3521663.802	3.2310
218737.511	3521663.377	3.2318
218737.459	3521662.953	3.2326
218737.407	3521662.530	3.2334
218737.355	3521662.107	3.2340
218737.303	3521661.685	3.2347
218737.250	3521661.263	3.2354
218737.197	3521660.842	3.2359
218737.144	3521660.423	3.2363
218737.091	3521660.004	3.2367
218737.038	3521659.586	3.2370
218736.985	3521659.169	3.2372
218736.932	3521658.754	3.2371
218736.880	3521658.339	3.2370
218736.827	3521657.925	3.2368
218736.775	3521657.512	3.2367
218736.722	3521657.101	3.2367
218736.670	3521656.691	3.2369
218736.619	3521656.282	3.2372
218736.568	3521655.874	3.2376
218736.517	3521655.467	3.2380
218736.465	3521655.060	3.2383
218736.414	3521654.655	3.2386
218736.362	3521654.251	3.2391
218736.310	3521653.848	3.2395
218736.258	3521653.446	3.2398
218736.207	3521653.045	3.2402
218736.155	3521652.645	3.2407
218736.103	3521652.245	3.2411
218736.051	3521651.847	3.2414
218735.999	3521651.450	3.2417
218735.947	3521651.055	3.2421
218735.895	3521650.659	3.2426
218735.843	3521650.265	3.2430
218735.792	3521649.872	3.2432
218735.740	3521649.480	3.2436
218735.688	3521649.089	3.2439
218735.636	3521648.700	3.2443
218735.583	3521648.311	3.2447
218735.531	3521647.924	3.2450
218735.479	3521647.537	3.2453
218735.426	3521647.151	3.2457
218735.374	3521646.767	3.2461
218735.322	3521646.383	3.2464
218735.269	3521646.000	3.2467
218735.217	3521645.618	3.2470
218735.165	3521645.238	3.2474
218735.112	3521644.858	3.2478
218735.060	3521644.479	3.2480
218735.008	3521644.101	3.2483
218734.955	3521643.724	3.2487
218734.903	3521643.348	3.2491
218734.851	3521642.973	3.2494
218734.799	3521642.599	3.2496
218734.746	3521642.226	3.2499
218734.694	3521641.854	3.2503
218734.642	3521641.483	3.2506
218734.590	3521641.111	3.2508
218734.538	3521640.742	3.2510
218734.486	3521640.373	3.2514
218734.434	3521640.004	3.2518
218734.382	3521639.637	3.2521
218734.331	3521639.270	3.2521
218734.279	3521638.905	3.2519
218734.227	3521638.540	3.2515
218734.176	3521638.176	3.2510
218734.125	3521637.813	3.2503
218734.074	3521637.451	3.2496
218734.024	3521637.089	3.2490
218733.974	3521636.729	3.2486
218733.924	3521636.368	3.2484
218733.875	3521636.009	3.2480
218733.826	3521635.651	3.2477
218733.778	3521635.294	3.2474
218733.729	3521634.937	3.2473
218733.681	3521634.581	3.2473
218733.632	3521634.227	3.2473
218733.583	3521633.872	3.2474
218733.534	3521633.519	3.2475
218733.485	3521633.167	3.2477
218733.436	3521632.815	3.2479
218733.388	3521632.464	3.2481
218733.339	3521632.114	3.2482
218733.291	3521631.765	3.2483
218733.243	3521631.416	3.2486
218733.194	3521631.069	3.2489
218733.146	3521630.723	3.2494
218733.097	3521630.378	3.2497
218733.048	3521630.033	3.2499
218732.999	3521629.689	3.2502
218732.951	3521629.347	3.2505
218732.903	3521629.005	3.2508
218732.854	3521628.664	3.2510
218732.806	3521628.324	3.2510
218732.757	3521627.986	3.2511
218732.709	3521627.649	3.2515
218732.662	3521627.313	3.2519
218732.615	3521626.980	3.2522
218732.567	3521626.648	3.2524
218732.520	3521626.319	3.2526
218732.473	3521625.991	3.2528
218732.426	3521625.665	3.2531
218732.379	3521625.341	3.2534
218732.333	3521625.019	3.2536
218732.287	3521624.699	3.2538
218732.241	3521624.381	3.2541
218732.195	3521624.065	3.2544
218732.150	3521623.751	3.2547
218732.104	3521623.440	3.2548
218732.059	3521623.131	3.2550
218732.015	3521622.824	3.2552
218731.970	3521622.519	3.2554
218731.926	3521622.217	3.2558
218731.882	3521621.915	3.2561
218731.838	3521621.616	3.2564
218731.794	3521621.318	3.2567
218731.751	3521621.022	3.2569
218731.708	3521620.726	3.2573
218731.665	3521620.432	3.2577
218731.623	3521620.138	3.2581
218731.580	3521619.845	3.2584
218731.536	3521619.553	3.2585
218731.493	3521619.262	3.2584
218731.450	3521618.972	3.2582
218731.407	3521618.682	3.2577
218731.365	3521618.393	3.2570
218731.323	3521618.105	3.2562
218731.281	3521617.818	3.2554
218731.240	3521617.532	3.2547
218731.199	3521617.247	3.2543
218731.159	3521616.963	3.2541
218731.119	3521616.680	3.2540
218731.079	3521616.398	3.2541
218731.039	3521616.117	3.2541
218730.999	3521615.838	3.2542
218730.959	3521615.560	3.2544
218730.919	3521615.283	3.2545
218730.879	3521615.008	3.2548
218730.839	3521614.734	3.2550
218730.799	3521614.462	3.2551
218730.759	3521614.192	3.2552
218730.719	3521613.924	3.2553
218730.680	3521613.658	3.2554
218730.640	3521613.395	3.2556
218730.602	3521613.133	3.2557
218730.563	3521612.874	3.2559
218730.525	3521612.617	3.2560
218730.487	3521612.362	3.2561
218730.450	3521612.110	3.2563
218730.412	3521611.860	3.2565
218730.375	3521611.612	3.2566
218730.338	3521611.367	3.2568
218730.302	3521611.125	3.2569
218730.266	3521610.885	3.2570
218730.231	3521610.648	3.2571
218730.196	3521610.414	3.2572
218730.162	3521610.182	3.2573
218730.128	3521609.954	3.2575
218730.095	3521609.729	3.2576
218730.062	3521609.507	3.2577
218730.029	3521609.288	3.2576
218729.998	3521609.071	3.2577
218729.966	3521608.858	3.2579
218729.936	3521608.647	3.2580
218729.905	3521608.438	3.2582
218729.875	3521608.232	3.2584
218729.845	3521608.029	3.2586
218729.815	3521607.827	3.2587
218729.785	3521607.627	3.2587
218729.756	3521607.428	3.2587
218729.726	3521607.230	3.2588
218729.697	3521607.033	3.2589
218729.669	3521606.837	3.2590
218729.640	3521606.641	3.2592
218729.611	3521606.446	3.2594
218729.582	3521606.252	3.2595
218729.553	3521606.058	3.2597
218729.524	3521605.865	3.2598
218729.494	3521605.672	3.2599
218729.465	3521605.481	3.2600
218729.436	3521605.289	3.2601
218729.408	3521605.098	3.2603
218729.379	3521604.908	3.2603
218729.351	3521604.719	3.2605
218729.322	3521604.530	3.2608
218729.293	3521604.341	3.2610
218729.264	3521604.153	3.2611
218729.236	3521603.966	3.2612
218729.207	3521603.780	3.2613
218729.179	3521603.594	3.2614
218729.151	3521603.409	3.2615
218729.123	3521603.226	3.2616
218729.095	3521603.044	3.2618
218729.067	3521602.864	3.2619
218729.040	3521602.685	3.2621
218729.013	3521602.509	3.2623
218728.986	3521602.333	3.2624
218728.959	3521602.160	3.2624
218728.932	3521601.988	3.2626
218728.906	3521601.818	3.2628
218728.880	3521601.649	3.2629
218728.854	3521601.483	3.2629
218728.829	3521601.318	3.2631
218728.805	3521601.156	3.2634
218728.781	3521600.994	3.2635
218728.756	3521600.836	3.2636
218728.732	3521600.679	3.2637
218728.708	3521600.524	3.2637
218728.684	3521600.371	3.2638
218728.661	3521600.221	3.2639
