288723.758	3497451.721	5.8031
288723.713	3497451.827	5.8031
288723.661	3497451.933	5.8032
288723.612	3497452.032	5.8031
288723.555	3497452.143	5.8032
288723.493	3497452.267	5.8034
288723.426	3497452.403	5.8036
288723.378	3497452.499	5.8037
288723.329	3497452.599	5.8041
288723.277	3497452.703	5.8045
288723.223	3497452.810	5.8048
288723.168	3497452.923	5.8053
288723.112	3497453.040	5.8058
288723.056	3497453.161	5.8064
288722.998	3497453.286	5.8069
288722.937	3497453.415	5.8078
288722.874	3497453.547	5.8086
288722.810	3497453.683	5.8088
288722.744	3497453.822	5.8087
288722.677	3497453.964	5.8084
288722.607	3497454.109	5.8087
288722.535	3497454.258	5.8098
288722.461	3497454.412	5.8109
288722.386	3497454.570	5.8126
288722.308	3497454.734	5.8150
288722.227	3497454.904	5.8173
288722.145	3497455.080	5.8189
288722.061	3497455.260	5.8208
288722.018	3497455.353	5.8216
288721.975	3497455.446	5.8222
288721.930	3497455.541	5.8228
288721.886	3497455.636	5.8233
288721.840	3497455.733	5.8236
288721.794	3497455.831	5.8238
288721.748	3497455.930	5.8240
288721.702	3497456.029	5.8241
288721.656	3497456.128	5.8242
288721.609	3497456.229	5.8243
288721.563	3497456.330	5.8244
288721.516	3497456.431	5.8245
288721.470	3497456.533	5.8244
288721.422	3497456.634	5.8243
288721.375	3497456.736	5.8241
288721.327	3497456.837	5.8241
288721.280	3497456.939	5.8240
288721.234	3497457.040	5.8239
288721.188	3497457.142	5.8236
288721.141	3497457.243	5.8233
288721.095	3497457.343	5.8230
288721.048	3497457.444	5.8227
288721.001	3497457.543	5.8224
288720.953	3497457.643	5.8221
288720.906	3497457.742	5.8217
288720.860	3497457.841	5.8212
288720.814	3497457.940	5.8209
288720.768	3497458.039	5.8207
288720.722	3497458.137	5.8202
288720.676	3497458.236	5.8196
288720.631	3497458.334	5.8190
288720.585	3497458.431	5.8186
288720.539	3497458.527	5.8184
288720.493	3497458.624	5.8181
288720.447	3497458.719	5.8177
288720.401	3497458.815	5.8172
288720.356	3497458.911	5.8166
288720.311	3497459.006	5.8163
288720.267	3497459.101	5.8160
288720.222	3497459.196	5.8157
288720.176	3497459.290	5.8153
288720.130	3497459.385	5.8150
288720.083	3497459.480	5.8146
288720.036	3497459.575	5.8144
288719.990	3497459.671	5.8145
288719.943	3497459.768	5.8143
288719.897	3497459.866	5.8140
288719.851	3497459.965	5.8134
288719.804	3497460.064	5.8129
288719.757	3497460.163	5.8126
288719.709	3497460.262	5.8126
288719.660	3497460.362	5.8125
288719.611	3497460.462	5.8122
288719.563	3497460.562	5.8119
288719.514	3497460.663	5.8116
288719.465	3497460.764	5.8113
288719.416	3497460.866	5.8110
288719.368	3497460.969	5.8108
288719.318	3497461.072	5.8105
288719.268	3497461.174	5.8102
288719.218	3497461.277	5.8100
288719.167	3497461.379	5.8100
288719.117	3497461.481	5.8099
288719.067	3497461.584	5.8096
288719.018	3497461.686	5.8093
288718.969	3497461.788	5.8091
288718.920	3497461.890	5.8087
288718.872	3497461.991	5.8084
288718.824	3497462.093	5.8083
288718.775	3497462.193	5.8084
288718.727	3497462.294	5.8083
288718.679	3497462.394	5.8080
288718.630	3497462.494	5.8077
288718.582	3497462.593	5.8074
288718.535	3497462.692	5.8073
288718.488	3497462.791	5.8072
288718.441	3497462.890	5.8071
288718.393	3497462.988	5.8070
288718.346	3497463.086	5.8067
288718.299	3497463.183	5.8061
288718.252	3497463.280	5.8058
288718.205	3497463.377	5.8056
288718.158	3497463.474	5.8054
288718.112	3497463.570	5.8051
288718.065	3497463.666	5.8047
288718.019	3497463.761	5.8043
288717.973	3497463.856	5.8040
288717.927	3497463.949	5.8036
288717.881	3497464.043	5.8033
288717.836	3497464.136	5.8031
288717.791	3497464.228	5.8028
288717.745	3497464.320	5.8026
288717.700	3497464.411	5.8023
288717.655	3497464.502	5.8021
288717.610	3497464.593	5.8018
288717.566	3497464.683	5.8016
288717.523	3497464.774	5.8012
288717.480	3497464.865	5.8008
288717.436	3497464.955	5.8006
288717.391	3497465.045	5.8004
288717.346	3497465.134	5.8002
288717.301	3497465.224	5.7998
288717.256	3497465.314	5.7996
288717.213	3497465.404	5.7994
288717.169	3497465.494	5.7993
288717.125	3497465.584	5.7991
288717.080	3497465.674	5.7989
288717.035	3497465.763	5.7988
288716.989	3497465.853	5.7989
288716.896	3497466.030	5.7988
288716.850	3497466.119	5.7983
288716.805	3497466.208	5.7980
288716.717	3497466.387	5.7977
288716.628	3497466.565	5.7968
288716.538	3497466.742	5.7965
288716.446	3497466.919	5.7963
288716.400	3497467.009	5.7959
288716.355	3497467.099	5.7953
288716.310	3497467.189	5.7946
288716.266	3497467.280	5.7942
288716.220	3497467.370	5.7941
288716.174	3497467.459	5.7943
288716.080	3497467.636	5.7938
288715.988	3497467.806	5.7934
288715.905	3497467.967	5.7939
288715.831	3497468.121	5.7928
288715.760	3497468.268	5.7919
288715.686	3497468.407	5.7923
288715.614	3497468.544	5.7919
288715.546	3497468.681	5.7913
288715.478	3497468.817	5.7912
288715.411	3497468.951	5.7908
288715.344	3497469.084	5.7909
288715.278	3497469.215	5.7909
288715.211	3497469.346	5.7911
288715.144	3497469.475	5.7919
288715.076	3497469.608	5.7920
288715.009	3497469.741	5.7918
288714.942	3497469.872	5.7922
288714.875	3497470.004	5.7935
288714.808	3497470.137	5.7934
288714.741	3497470.272	5.7937
288714.673	3497470.413	5.7944
288714.606	3497470.560	5.7946
288714.536	3497470.709	5.7963
288714.462	3497470.861	5.7978
288714.388	3497471.016	5.7984
288714.315	3497471.170	5.8001
288714.243	3497471.323	5.8008
288714.172	3497471.477	5.8011
288714.099	3497471.629	5.8030
288714.021	3497471.784	5.8046
288713.939	3497471.942	5.8053
288713.855	3497472.105	5.8072
288713.773	3497472.274	5.8086
288713.688	3497472.447	5.8092
288713.600	3497472.622	5.8114
288713.554	3497472.711	5.8123
288713.509	3497472.801	5.8125
288713.463	3497472.893	5.8127
288713.417	3497472.986	5.8132
288713.370	3497473.079	5.8139
288713.324	3497473.173	5.8145
288713.277	3497473.269	5.8146
288713.231	3497473.366	5.8144
288713.184	3497473.462	5.8146
288713.137	3497473.559	5.8151
288713.090	3497473.657	5.8151
288713.042	3497473.756	5.8151
288712.994	3497473.854	5.8152
288712.947	3497473.952	5.8151
288712.901	3497474.049	5.8148
288712.856	3497474.147	5.8146
288712.811	3497474.244	5.8147
288712.766	3497474.339	5.8147
288712.722	3497474.433	5.8145
288712.677	3497474.526	5.8139
288712.632	3497474.618	5.8135
288712.588	3497474.709	5.8136
288712.502	3497474.889	5.8131
288712.420	3497475.068	5.8118
288712.339	3497475.242	5.8117
288712.254	3497475.413	5.8111
288712.166	3497475.581	5.8105
288712.081	3497475.748	5.8100
288712.000	3497475.916	5.8085
288711.919	3497476.082	5.8074
288711.833	3497476.249	5.8068
288711.748	3497476.418	5.8056
288711.664	3497476.588	5.8044
288711.580	3497476.759	5.8033
288711.497	3497476.930	5.8017
288711.412	3497477.097	5.8008
288711.326	3497477.263	5.7992
288711.241	3497477.430	5.7971
288711.157	3497477.598	5.7946
288711.077	3497477.768	5.7913
288710.995	3497477.936	5.7894
288710.908	3497478.102	5.7871
288710.819	3497478.267	5.7847
288710.730	3497478.430	5.7827
288710.645	3497478.597	5.7787
288710.560	3497478.763	5.7738
288710.469	3497478.926	5.7692
288710.375	3497479.088	5.7636
288710.280	3497479.247	5.7584
288710.188	3497479.409	5.7528
288710.097	3497479.571	5.7472
288710.004	3497479.730	5.7420
288709.907	3497479.887	5.7377
288709.809	3497480.042	5.7334
288709.713	3497480.198	5.7288
288709.620	3497480.354	5.7237
288709.527	3497480.502	5.7193
288709.430	3497480.648	5.7145
288709.334	3497480.792	5.7089
288709.238	3497480.935	5.7045
288709.143	3497481.080	5.6982
288709.048	3497481.223	5.6928
288708.949	3497481.365	5.6882
288708.849	3497481.505	5.6814
288708.749	3497481.647	5.6735
288708.650	3497481.792	5.6643
288708.549	3497481.940	5.6537
288708.443	3497482.086	5.6416
288708.332	3497482.229	5.6297
288708.222	3497482.370	5.6171
288708.113	3497482.513	5.6035
288708.002	3497482.655	5.5922
288707.889	3497482.794	5.5802
288707.772	3497482.933	5.5679
288707.653	3497483.074	5.5562
288707.527	3497483.221	5.5433
288707.393	3497483.370	5.5307
288707.325	3497483.443	5.5244
288707.253	3497483.517	5.5181
288707.180	3497483.591	5.5116
288707.105	3497483.665	5.5049
288707.030	3497483.739	5.4983
288706.954	3497483.815	5.4913
288706.877	3497483.891	5.4837
288706.799	3497483.969	5.4758
288706.721	3497484.045	5.4679
288706.642	3497484.123	5.4590
288706.562	3497484.200	5.4498
288706.479	3497484.276	5.4400
288706.396	3497484.351	5.4295
288706.311	3497484.425	5.4185
288706.225	3497484.500	5.4069
288706.138	3497484.575	5.3947
288706.049	3497484.648	5.3830
288705.961	3497484.720	5.3710
288705.871	3497484.790	5.3590
288705.779	3497484.857	5.3474
288705.687	3497484.924	5.3357
288705.596	3497484.989	5.3246
288705.505	3497485.052	5.3131
288705.415	3497485.116	5.3010
288705.326	3497485.179	5.2894
288705.236	3497485.239	5.2779
288705.145	3497485.296	5.2665
288705.054	3497485.351	5.2557
288704.962	3497485.404	5.2448
288704.871	3497485.457	5.2342
288704.780	3497485.507	5.2240
288704.690	3497485.558	5.2132
288704.600	3497485.608	5.2026
288704.510	3497485.656	5.1922
288704.421	3497485.702	5.1817
288704.243	3497485.790	5.1613
288704.074	3497485.876	5.1413
288703.909	3497485.961	5.1214
288703.744	3497486.040	5.1011
288703.580	3497486.112	5.0816
288703.416	3497486.179	5.0634
288703.258	3497486.244	5.0444
288703.101	3497486.307	5.0259
288702.945	3497486.365	5.0076
288702.791	3497486.415	4.9906
288702.639	3497486.463	4.9736
288702.488	3497486.511	4.9563
288702.337	3497486.556	4.9403
288702.189	3497486.598	4.9239
288702.042	3497486.635	4.9089
288701.897	3497486.667	4.8957
288701.756	3497486.699	4.8806
288701.615	3497486.730	4.8666
288701.478	3497486.759	4.8534
288701.344	3497486.786	4.8396
288701.213	3497486.808	4.8271
288701.081	3497486.824	4.8154
288700.955	3497486.841	4.8030
288700.831	3497486.855	4.7917
288700.710	3497486.867	4.7803
288700.594	3497486.876	4.7698
288700.477	3497486.884	4.7587
288700.358	3497486.888	4.7490
288700.237	3497486.890	4.7380
288700.115	3497486.896	4.7261
288699.991	3497486.899	4.7160
288699.873	3497486.901	4.7030
288699.758	3497486.901	4.6915
288699.641	3497486.898	4.6804
288699.523	3497486.894	4.6686
288699.402	3497486.887	4.6565
288699.282	3497486.880	4.6445
288699.161	3497486.873	4.6324
288699.038	3497486.864	4.6191
288698.917	3497486.849	4.6072
288698.796	3497486.834	4.5937
288698.663	3497486.818	4.5815
288698.528	3497486.801	4.5690
288698.393	3497486.784	4.5559
288698.258	3497486.765	4.5441
288698.122	3497486.746	4.5306
288697.986	3497486.725	4.5170
288697.848	3497486.701	4.5060
288697.712	3497486.672	4.4952
288697.575	3497486.642	4.4820
288697.437	3497486.612	4.4724
288697.298	3497486.579	4.4615
288697.159	3497486.543	4.4493
288697.021	3497486.502	4.4383
288696.884	3497486.458	4.4276
288696.745	3497486.413	4.4151
288696.606	3497486.369	4.4036
288696.464	3497486.322	4.3928
288696.322	3497486.275	4.3801
288696.180	3497486.226	4.3686
288696.037	3497486.173	4.3580
288695.891	3497486.126	4.3471
288695.744	3497486.078	4.3373
288695.595	3497486.029	4.3289
288695.444	3497485.982	4.3203
288695.294	3497485.932	4.3136
288695.146	3497485.878	4.3071
288694.999	3497485.821	4.3014
288694.851	3497485.765	4.2966
288694.703	3497485.712	4.2902
288694.553	3497485.659	4.2846
288694.409	3497485.599	4.2781
288694.267	3497485.535	4.2712
288694.125	3497485.469	4.2651
288693.982	3497485.402	4.2590
288693.838	3497485.338	4.2515
288693.693	3497485.271	4.2454
288693.551	3497485.202	4.2399
288693.410	3497485.131	4.2346
288693.271	3497485.061	4.2302
288693.132	3497484.991	4.2275
288692.988	3497484.920	4.2250
288692.841	3497484.851	4.2218
288692.699	3497484.783	4.2205
288692.560	3497484.711	4.2196
288692.424	3497484.639	4.2177
288692.289	3497484.568	4.2168
288692.155	3497484.501	4.2151
288692.022	3497484.435	4.2134
288691.890	3497484.370	4.2119
288691.762	3497484.303	4.2117
288691.638	3497484.250	4.2109
288691.517	3497484.202	4.2101
288691.398	3497484.154	4.2099
288691.281	3497484.111	4.2089
288691.165	3497484.067	4.2081
288691.048	3497484.024	4.2061
288690.931	3497483.980	4.2049
288690.812	3497483.933	4.2039
288690.689	3497483.883	4.2017
288690.564	3497483.832	4.2003
288690.440	3497483.768	4.1994
288690.317	3497483.703	4.1971
288690.195	3497483.641	4.1944
288690.075	3497483.581	4.1922
288689.960	3497483.521	4.1893
288689.849	3497483.460	4.1857
288689.743	3497483.401	4.1819
288689.637	3497483.344	4.1780
288689.534	3497483.288	4.1729
288689.433	3497483.231	4.1683
288689.334	3497483.177	4.1623
288689.236	3497483.122	4.1574
288689.137	3497483.064	4.1517
288689.038	3497483.006	4.1448
288688.937	3497482.944	4.1378
288688.837	3497482.881	4.1296
288688.746	3497482.816	4.1231
288688.661	3497482.755	4.1140
288688.530	3497482.682	4.0950
288688.586	3497482.598	4.0031
288688.677	3497482.553	3.9471
288688.591	3497482.475	3.9281
288688.495	3497482.390	3.9101
288688.407	3497482.304	3.8925
288688.323	3497482.216	3.8745
288688.250	3497482.130	3.8591
288688.175	3497482.049	3.8408
288688.099	3497481.973	3.8206
288688.018	3497481.896	3.7999
288687.941	3497481.819	3.7800
288687.870	3497481.738	3.7612
288687.776	3497481.647	3.7411
288687.681	3497481.558	3.7249
288687.593	3497481.476	3.7116
288687.503	3497481.398	3.6958
288687.423	3497481.323	3.6810
288687.345	3497481.245	3.6682
288687.272	3497481.171	3.6540
288687.193	3497481.092	3.6396
288687.117	3497481.011	3.6249
288687.033	3497480.923	3.6069
288686.959	3497480.833	3.5875
288686.883	3497480.738	3.5695
288686.808	3497480.643	3.5502
288686.728	3497480.543	3.5295
288686.656	3497480.442	3.5092
288686.580	3497480.335	3.4887
288686.507	3497480.228	3.4663
288686.432	3497480.114	3.4443
288686.362	3497479.999	3.4232
288686.289	3497479.879	3.4013
288686.254	3497479.775	3.3798
288686.223	3497479.669	3.3593
288686.195	3497479.560	3.3387
288686.167	3497479.449	3.3175
288686.141	3497479.335	3.2970
288686.116	3497479.218	3.2768
288686.094	3497479.098	3.2564
288686.074	3497478.975	3.2361
288686.057	3497478.850	3.2161
288686.043	3497478.723	3.1960
288686.030	3497478.594	3.1764
288686.019	3497478.463	3.1575
288686.011	3497478.330	3.1388
288686.005	3497478.196	3.1203
288686.001	3497478.058	3.1022
288685.999	3497477.918	3.0845
288686.000	3497477.776	3.0675
288686.003	3497477.631	3.0514
288686.009	3497477.485	3.0359
288686.016	3497477.336	3.0203
288686.030	3497477.187	3.0042
288686.048	3497477.035	2.9873
288686.070	3497476.882	2.9696
288686.096	3497476.726	2.9517
288686.125	3497476.570	2.9335
288686.157	3497476.413	2.9154
288686.193	3497476.255	2.8984
288686.231	3497476.095	2.8825
288686.273	3497475.933	2.8673
288686.316	3497475.770	2.8538
288686.359	3497475.603	2.8413
288686.403	3497475.433	2.8292
288686.450	3497475.262	2.8179
288686.499	3497475.089	2.8068
288686.550	3497474.915	2.7957
288686.603	3497474.739	2.7858
288686.662	3497474.563	2.7776
288686.723	3497474.387	2.7707
288686.784	3497474.210	2.7652
288686.845	3497474.032	2.7606
288686.906	3497473.851	2.7563
288686.968	3497473.670	2.7513
288687.029	3497473.490	2.7469
288687.089	3497473.312	2.7430
288687.150	3497473.137	2.7400
288687.212	3497472.965	2.7378
288687.273	3497472.796	2.7354
288687.330	3497472.629	2.7331
288687.390	3497472.466	2.7310
288687.448	3497472.307	2.7286
288687.483	3497472.133	2.7258
288687.511	3497471.958	2.7224
288687.542	3497471.785	2.7186
288687.572	3497471.613	2.7147
288687.604	3497471.444	2.7109
288687.634	3497471.274	2.7074
288687.665	3497471.108	2.7035
288687.694	3497470.942	2.6991
288687.726	3497470.780	2.6943
288687.756	3497470.619	2.6890
288687.816	3497470.479	2.6829
288687.881	3497470.342	2.6771
288687.947	3497470.204	2.6714
288688.013	3497470.065	2.6650
288688.080	3497469.925	2.6588
288688.149	3497469.782	2.6524
288688.220	3497469.637	2.6458
288688.294	3497469.491	2.6393
288688.370	3497469.344	2.6328
288688.448	3497469.196	2.6261
288688.528	3497469.047	2.6192
288688.611	3497468.898	2.6127
288688.697	3497468.750	2.6061
288688.784	3497468.602	2.5990
288688.872	3497468.452	2.5921
288688.961	3497468.301	2.5847
288689.052	3497468.150	2.5770
288689.146	3497467.998	2.5692
288689.240	3497467.845	2.5612
288689.335	3497467.691	2.5534
288689.433	3497467.538	2.5454
288689.534	3497467.387	2.5376
288689.636	3497467.237	2.5299
288689.736	3497467.088	2.5222
288689.836	3497466.943	2.5146
288689.937	3497466.803	2.5077
288690.036	3497466.665	2.5012
288690.134	3497466.530	2.4950
288690.230	3497466.398	2.4897
288690.326	3497466.270	2.4845
288690.420	3497466.143	2.4791
288690.511	3497466.018	2.4744
288690.602	3497465.897	2.4697
288690.691	3497465.780	2.4650
288690.779	3497465.666	2.4609
288690.864	3497465.555	2.4565
288690.947	3497465.447	2.4525
288691.029	3497465.342	2.4494
288691.110	3497465.240	2.4463
288691.191	3497465.140	2.4436
288691.273	3497465.037	2.4420
288691.353	3497464.935	2.4408
288691.433	3497464.833	2.4399
288691.513	3497464.733	2.4397
288691.594	3497464.634	2.4394
288691.675	3497464.534	2.4392
288691.756	3497464.433	2.4389
288691.840	3497464.328	2.4385
288691.926	3497464.222	2.4383
288692.015	3497464.112	2.4380
288692.103	3497464.002	2.4377
288692.192	3497463.889	2.4374
288692.284	3497463.775	2.4372
288692.377	3497463.658	2.4371
288692.472	3497463.538	2.4370
288692.569	3497463.417	2.4368
288692.668	3497463.295	2.4367
288692.768	3497463.169	2.4365
288692.869	3497463.041	2.4361
288692.972	3497462.910	2.4360
288693.078	3497462.781	2.4366
288693.186	3497462.649	2.4371
288693.295	3497462.514	2.4377
288693.405	3497462.377	2.4383
288693.517	3497462.238	2.4390
288693.629	3497462.098	2.4400
288693.743	3497461.957	2.4410
288693.858	3497461.815	2.4425
288693.973	3497461.674	2.4444
288694.088	3497461.532	2.4468
288694.202	3497461.398	2.4494
288694.314	3497461.265	2.4521
288694.425	3497461.132	2.4550
288694.535	3497461.002	2.4582
288694.645	3497460.872	2.4609
288694.754	3497460.743	2.4643
288694.861	3497460.614	2.4679
288694.967	3497460.486	2.4715
288695.071	3497460.359	2.4761
288695.174	3497460.234	2.4811
288695.272	3497460.108	2.4861
288695.370	3497459.984	2.4910
288695.465	3497459.860	2.4956
288695.558	3497459.737	2.5002
288695.648	3497459.615	2.5045
288695.737	3497459.494	2.5089
288695.825	3497459.375	2.5134
288695.912	3497459.257	2.5171
288695.997	3497459.139	2.5206
288696.082	3497459.022	2.5240
288696.164	3497458.914	2.5271
288696.244	3497458.808	2.5304
288696.323	3497458.702	2.5336
288696.401	3497458.597	2.5367
288696.478	3497458.494	2.5401
288696.554	3497458.392	2.5436
288696.628	3497458.291	2.5470
288696.700	3497458.193	2.5503
288696.771	3497458.095	2.5538
288696.841	3497457.999	2.5571
288696.906	3497457.909	2.5605
288696.969	3497457.821	2.5641
288697.031	3497457.733	2.5675
288697.093	3497457.648	2.5709
288697.153	3497457.562	2.5742
288697.213	3497457.477	2.5775
288697.274	3497457.390	2.5810
288697.336	3497457.300	2.5842
288697.398	3497457.208	2.5872
288697.461	3497457.116	2.5897
288697.519	3497457.029	2.5916
288697.576	3497456.944	2.5930
288697.632	3497456.858	2.5941
288697.712	3497456.735	2.5957
288697.792	3497456.616	2.5966
288697.869	3497456.496	2.5972
288697.951	3497456.372	2.5973
288698.009	3497456.287	2.5978
288698.066	3497456.197	2.5978
288698.124	3497456.105	2.5981
288698.185	3497456.009	2.5985
288698.247	3497455.913	2.5986
288698.310	3497455.811	2.5989
288698.374	3497455.709	2.5993
288698.440	3497455.604	2.5994
288698.505	3497455.500	2.5995
288698.569	3497455.395	2.5996
288698.631	3497455.293	2.5997
288698.701	3497455.166	2.5999
288698.772	3497455.038	2.5997
288698.841	3497454.912	2.5997
288698.909	3497454.787	2.6000
288698.976	3497454.664	2.5998
288699.044	3497454.544	2.6003
288699.111	3497454.426	2.6005
288699.176	3497454.309	2.6006
288699.240	3497454.195	2.6011
288699.302	3497454.082	2.6013
288699.359	3497453.984	2.6013
288699.415	3497453.888	2.6020
288699.469	3497453.795	2.6026
288699.522	3497453.703	2.6031
288699.575	3497453.614	2.6042
288699.625	3497453.527	2.6053
288699.699	3497453.398	2.6067
288699.770	3497453.275	2.6082
288699.839	3497453.156	2.6090
288699.904	3497453.041	2.6093
288699.967	3497452.930	2.6095
288700.028	3497452.823	2.6098
288700.088	3497452.719	2.6102
288700.145	3497452.620	2.6104
288700.200	3497452.525	2.6107
288700.252	3497452.433	2.6108
288700.301	3497452.345	2.6113
288700.363	3497452.235	2.6122
288700.420	3497452.134	2.6129
288700.474	3497452.036	2.6137
288700.534	3497451.928	2.6148
288700.585	3497451.834	2.6156
288700.642	3497451.729	2.6167
288700.704	3497451.614	2.6178
288700.772	3497451.489	2.6194
288700.820	3497451.400	2.6207
288700.869	3497451.309	2.6221
288700.918	3497451.218	2.6236
288700.966	3497451.129	2.6251
288701.035	3497451.000	2.6263
288701.101	3497450.876	2.6267
288701.165	3497450.756	2.6268
288701.226	3497450.640	2.6270
288701.287	3497450.527	2.6275
288701.345	3497450.418	2.6280
288701.402	3497450.310	2.6292
288701.462	3497450.198	2.6304
288701.525	3497450.079	2.6320
288701.592	3497449.952	2.6335
288701.639	3497449.864	2.6344
288701.688	3497449.774	2.6353
288701.735	3497449.685	2.6365
288701.803	3497449.554	2.6381
288701.868	3497449.431	2.6398
288701.927	3497449.316	2.6409
288701.983	3497449.206	2.6421
288702.037	3497449.101	2.6435
288702.087	3497449.001	2.6448
288702.134	3497448.908	2.6463
288702.193	3497448.792	2.6482
288702.252	3497448.674	2.6497
288702.301	3497448.577	2.6511
288702.354	3497448.473	2.6520
288702.405	3497448.370	2.6525
288702.455	3497448.274	2.6526
288702.501	3497448.183	2.6525
288702.562	3497448.069	2.6515
288702.619	3497447.966	2.6499
288702.671	3497447.873	2.6484
288702.728	3497447.772	2.6463
288702.782	3497447.672	2.6441
288702.830	3497447.580	2.6419
288702.880	3497447.485	2.6364
