275453.679	3479648.223	3.5339
275453.639	3479648.124	3.5340
275453.587	3479648.007	3.5338
275453.546	3479647.916	3.5336
275453.498	3479647.809	3.5334
275453.443	3479647.689	3.5334
275453.383	3479647.555	3.5334
275453.340	3479647.459	3.5336
275453.295	3479647.358	3.5338
275453.246	3479647.251	3.5339
275453.195	3479647.139	3.5340
275453.142	3479647.021	3.5342
275453.088	3479646.897	3.5344
275453.031	3479646.769	3.5344
275452.972	3479646.637	3.5343
275452.911	3479646.500	3.5343
275452.848	3479646.359	3.5345
275452.783	3479646.213	3.5343
275452.718	3479646.065	3.5341
275452.651	3479645.913	3.5339
275452.583	3479645.759	3.5338
275452.512	3479645.602	3.5337
275452.441	3479645.441	3.5337
275452.369	3479645.278	3.5336
275452.294	3479645.112	3.5334
275452.218	3479644.943	3.5332
275452.141	3479644.770	3.5330
275452.063	3479644.594	3.5330
275451.983	3479644.414	3.5327
275451.901	3479644.232	3.5324
275451.860	3479644.140	3.5324
275451.819	3479644.047	3.5322
275451.778	3479643.954	3.5322
275451.737	3479643.860	3.5323
275451.695	3479643.765	3.5322
275451.653	3479643.670	3.5321
275451.611	3479643.574	3.5321
275451.568	3479643.477	3.5321
275451.526	3479643.380	3.5321
275451.483	3479643.283	3.5320
275451.440	3479643.185	3.5320
275451.396	3479643.087	3.5321
275451.353	3479642.988	3.5322
275451.310	3479642.889	3.5321
275451.266	3479642.789	3.5321
275451.222	3479642.689	3.5320
275451.177	3479642.588	3.5320
275451.132	3479642.487	3.5321
275451.087	3479642.385	3.5321
275451.042	3479642.283	3.5324
275450.997	3479642.179	3.5327
275450.951	3479642.075	3.5329
275450.905	3479641.971	3.5332
275450.859	3479641.866	3.5334
275450.813	3479641.760	3.5336
275450.765	3479641.654	3.5337
275450.719	3479641.547	3.5339
275450.671	3479641.440	3.5342
275450.624	3479641.332	3.5344
275450.576	3479641.224	3.5346
275450.528	3479641.116	3.5348
275450.480	3479641.006	3.5351
275450.431	3479640.896	3.5353
275450.382	3479640.786	3.5355
275450.333	3479640.675	3.5357
275450.285	3479640.564	3.5361
275450.235	3479640.452	3.5364
275450.186	3479640.340	3.5367
275450.137	3479640.228	3.5371
275450.087	3479640.116	3.5373
275450.037	3479640.003	3.5375
275449.986	3479639.889	3.5376
275449.935	3479639.776	3.5379
275449.884	3479639.663	3.5382
275449.832	3479639.548	3.5386
275449.781	3479639.434	3.5389
275449.729	3479639.319	3.5390
275449.678	3479639.205	3.5391
275449.625	3479639.090	3.5394
275449.573	3479638.974	3.5397
275449.520	3479638.858	3.5401
275449.468	3479638.741	3.5404
275449.415	3479638.624	3.5408
275449.363	3479638.507	3.5411
275449.310	3479638.389	3.5413
275449.257	3479638.270	3.5413
275449.203	3479638.152	3.5414
275449.149	3479638.033	3.5416
275449.095	3479637.914	3.5417
275449.041	3479637.795	3.5418
275448.986	3479637.675	3.5418
275448.932	3479637.556	3.5419
275448.877	3479637.436	3.5420
275448.823	3479637.315	3.5420
275448.769	3479637.194	3.5421
275448.715	3479637.073	3.5421
275448.660	3479636.951	3.5423
275448.606	3479636.830	3.5424
275448.551	3479636.707	3.5423
275448.496	3479636.585	3.5423
275448.441	3479636.462	3.5424
275448.386	3479636.340	3.5425
275448.331	3479636.217	3.5426
275448.276	3479636.094	3.5425
275448.221	3479635.971	3.5426
275448.166	3479635.849	3.5426
275448.111	3479635.727	3.5427
275448.056	3479635.605	3.5428
275448.001	3479635.483	3.5429
275447.946	3479635.362	3.5430
275447.892	3479635.241	3.5432
275447.837	3479635.121	3.5432
275447.782	3479635.000	3.5432
275447.727	3479634.880	3.5432
275447.673	3479634.760	3.5433
275447.618	3479634.640	3.5434
275447.563	3479634.521	3.5435
275447.508	3479634.402	3.5436
275447.453	3479634.283	3.5436
275447.398	3479634.163	3.5437
275447.343	3479634.043	3.5439
275447.288	3479633.921	3.5440
275447.233	3479633.799	3.5442
275447.177	3479633.677	3.5443
275447.120	3479633.554	3.5444
275447.063	3479633.430	3.5445
275447.006	3479633.306	3.5445
275446.948	3479633.182	3.5446
275446.891	3479633.056	3.5448
275446.833	3479632.930	3.5450
275446.775	3479632.803	3.5452
275446.717	3479632.676	3.5451
275446.659	3479632.548	3.5452
275446.600	3479632.420	3.5454
275446.541	3479632.291	3.5454
275446.482	3479632.160	3.5457
275446.423	3479632.029	3.5459
275446.364	3479631.897	3.5459
275446.304	3479631.765	3.5460
275446.244	3479631.632	3.5461
275446.183	3479631.499	3.5462
275446.122	3479631.365	3.5462
275446.060	3479631.231	3.5463
275445.998	3479631.096	3.5464
275445.936	3479630.960	3.5464
275445.874	3479630.823	3.5464
275445.811	3479630.686	3.5466
275445.748	3479630.548	3.5469
275445.685	3479630.409	3.5471
275445.622	3479630.270	3.5473
275445.558	3479630.130	3.5476
275445.494	3479629.990	3.5476
275445.430	3479629.849	3.5477
275445.366	3479629.707	3.5479
275445.301	3479629.565	3.5481
275445.235	3479629.423	3.5482
275445.169	3479629.280	3.5482
275445.102	3479629.136	3.5483
275445.035	3479628.992	3.5485
275444.968	3479628.848	3.5487
275444.902	3479628.702	3.5490
275444.834	3479628.556	3.5494
275444.767	3479628.410	3.5495
275444.699	3479628.263	3.5496
275444.631	3479628.115	3.5498
275444.563	3479627.967	3.5499
275444.494	3479627.819	3.5500
275444.425	3479627.670	3.5502
275444.356	3479627.521	3.5505
275444.286	3479627.372	3.5507
275444.217	3479627.223	3.5508
275444.146	3479627.073	3.5510
275444.076	3479626.923	3.5510
275444.006	3479626.773	3.5510
275443.936	3479626.624	3.5511
275443.867	3479626.475	3.5513
275443.797	3479626.326	3.5513
275443.727	3479626.177	3.5512
275443.658	3479626.029	3.5513
275443.589	3479625.882	3.5515
275443.520	3479625.735	3.5516
275443.451	3479625.589	3.5515
275443.382	3479625.443	3.5514
275443.313	3479625.297	3.5514
275443.246	3479625.151	3.5516
275443.178	3479625.006	3.5518
275443.110	3479624.861	3.5518
275443.042	3479624.717	3.5518
275442.974	3479624.573	3.5518
275442.907	3479624.429	3.5519
275442.839	3479624.287	3.5520
275442.772	3479624.144	3.5520
275442.706	3479624.000	3.5521
275442.641	3479623.857	3.5522
275442.576	3479623.714	3.5525
275442.511	3479623.571	3.5528
275442.446	3479623.429	3.5530
275442.381	3479623.287	3.5533
275442.316	3479623.145	3.5538
275442.251	3479623.004	3.5547
275442.187	3479622.863	3.5558
275442.121	3479622.722	3.5570
275442.056	3479622.582	3.5583
275441.991	3479622.442	3.5597
275441.926	3479622.302	3.5615
275441.862	3479622.163	3.5633
275441.797	3479622.024	3.5654
275441.732	3479621.886	3.5674
275441.666	3479621.748	3.5695
275441.599	3479621.610	3.5716
275441.533	3479621.474	3.5740
275441.466	3479621.338	3.5766
275441.398	3479621.204	3.5794
275441.331	3479621.069	3.5822
275441.263	3479620.936	3.5852
275441.195	3479620.803	3.5884
275441.127	3479620.670	3.5919
275441.059	3479620.538	3.5957
275440.990	3479620.406	3.5997
275440.921	3479620.274	3.6037
275440.852	3479620.143	3.6077
275440.782	3479620.014	3.6119
275440.712	3479619.886	3.6164
275440.641	3479619.758	3.6213
275440.570	3479619.630	3.6264
275440.498	3479619.504	3.6317
275440.427	3479619.378	3.6373
275440.355	3479619.254	3.6430
275440.282	3479619.130	3.6491
275440.209	3479619.006	3.6557
275440.135	3479618.884	3.6625
275440.062	3479618.763	3.6695
275439.988	3479618.642	3.6767
275439.914	3479618.521	3.6841
275439.838	3479618.402	3.6919
275439.762	3479618.284	3.6996
275439.684	3479618.167	3.7076
275439.606	3479618.051	3.7157
275439.527	3479617.935	3.7237
275439.448	3479617.821	3.7317
275439.369	3479617.707	3.7399
275439.288	3479617.594	3.7483
275439.208	3479617.481	3.7568
275439.126	3479617.370	3.7652
275439.044	3479617.261	3.7735
275438.960	3479617.152	3.7818
275438.876	3479617.044	3.7902
275438.791	3479616.938	3.7986
275438.705	3479616.832	3.8071
275438.619	3479616.728	3.8157
275438.531	3479616.624	3.8244
275438.443	3479616.521	3.8331
275438.354	3479616.419	3.8417
275438.264	3479616.318	3.8505
275438.174	3479616.217	3.8592
275438.083	3479616.118	3.8678
275437.992	3479616.019	3.8763
275437.900	3479615.921	3.8848
275437.807	3479615.826	3.8933
275437.713	3479615.731	3.9019
275437.619	3479615.638	3.9107
275437.523	3479615.547	3.9195
275437.428	3479615.455	3.9285
275437.332	3479615.365	3.9376
275437.235	3479615.275	3.9469
275437.138	3479615.186	3.9563
275437.040	3479615.098	3.9656
275436.942	3479615.012	3.9751
275436.843	3479614.927	3.9852
275436.743	3479614.843	3.9959
275436.642	3479614.760	4.0068
275436.541	3479614.677	4.0174
275436.438	3479614.595	4.0284
275436.334	3479614.515	4.0395
275436.230	3479614.437	4.0509
275436.125	3479614.360	4.0621
275436.020	3479614.285	4.0732
275435.914	3479614.210	4.0846
275435.809	3479614.135	4.0963
275435.702	3479614.061	4.1078
275435.595	3479613.988	4.1191
275435.487	3479613.918	4.1301
275435.377	3479613.850	4.1407
275435.267	3479613.784	4.1515
275435.156	3479613.720	4.1626
275435.045	3479613.656	4.1741
275434.934	3479613.593	4.1853
275434.823	3479613.530	4.1961
275434.711	3479613.469	4.2067
275434.598	3479613.410	4.2174
275434.485	3479613.352	4.2282
275434.372	3479613.296	4.2393
275434.259	3479613.241	4.2502
275434.145	3479613.188	4.2609
275434.032	3479613.135	4.2715
275433.918	3479613.083	4.2819
275433.804	3479613.033	4.2924
275433.690	3479612.983	4.3030
275433.576	3479612.936	4.3134
275433.461	3479612.890	4.3238
275433.346	3479612.846	4.3340
275433.230	3479612.803	4.3443
275433.115	3479612.760	4.3546
275432.999	3479612.719	4.3649
275432.884	3479612.679	4.3753
275432.768	3479612.640	4.3856
275432.652	3479612.602	4.3958
275432.536	3479612.566	4.4061
275432.419	3479612.532	4.4163
275432.303	3479612.499	4.4265
275432.186	3479612.467	4.4366
275432.069	3479612.437	4.4465
275431.952	3479612.409	4.4565
275431.835	3479612.382	4.4665
275431.718	3479612.356	4.4765
275431.601	3479612.331	4.4865
275431.483	3479612.307	4.4965
275431.367	3479612.284	4.5064
275431.250	3479612.262	4.5163
275431.133	3479612.242	4.5263
275431.017	3479612.223	4.5363
275430.900	3479612.205	4.5461
275430.784	3479612.188	4.5560
275430.668	3479612.172	4.5659
275430.552	3479612.158	4.5758
275430.436	3479612.144	4.5855
275430.320	3479612.132	4.5951
275430.204	3479612.121	4.6047
275430.089	3479612.111	4.6143
275429.974	3479612.103	4.6239
275429.859	3479612.096	4.6333
275429.744	3479612.090	4.6426
275429.628	3479612.084	4.6520
275429.512	3479612.079	4.6616
275429.397	3479612.075	4.6710
275429.282	3479612.073	4.6803
275429.167	3479612.071	4.6896
275429.052	3479612.071	4.6987
275428.938	3479612.072	4.7077
275428.824	3479612.074	4.7167
275428.710	3479612.077	4.7258
275428.597	3479612.081	4.7350
275428.484	3479612.086	4.7441
275428.371	3479612.092	4.7531
275428.258	3479612.098	4.7619
275428.145	3479612.106	4.7706
275428.032	3479612.115	4.7790
275427.920	3479612.125	4.7874
275427.808	3479612.135	4.7955
275427.696	3479612.146	4.8035
275427.584	3479612.158	4.8111
275427.473	3479612.171	4.8185
275427.362	3479612.185	4.8259
275427.252	3479612.200	4.8331
275427.141	3479612.215	4.8401
275427.031	3479612.232	4.8471
275426.921	3479612.250	4.8541
275426.811	3479612.268	4.8610
275426.701	3479612.288	4.8678
275426.592	3479612.308	4.8745
275426.482	3479612.329	4.8810
275426.372	3479612.350	4.8872
275426.262	3479612.371	4.8933
275426.152	3479612.393	4.8991
275426.042	3479612.416	4.9046
275425.932	3479612.440	4.9097
275425.823	3479612.465	4.9145
275425.713	3479612.490	4.9189
275425.603	3479612.516	4.9231
275425.493	3479612.541	4.9268
275425.383	3479612.568	4.9303
275425.273	3479612.594	4.9335
275425.164	3479612.622	4.9365
275425.055	3479612.649	4.9393
275424.945	3479612.678	4.9419
275424.836	3479612.706	4.9443
275424.727	3479612.735	4.9463
275424.618	3479612.765	4.9482
275424.509	3479612.794	4.9500
275424.399	3479612.824	4.9517
275424.289	3479612.854	4.9535
275424.179	3479612.884	4.9551
275424.069	3479612.914	4.9567
275423.958	3479612.945	4.9582
275423.847	3479612.976	4.9597
275423.737	3479613.007	4.9613
275423.626	3479613.038	4.9629
275423.515	3479613.069	4.9643
275423.403	3479613.101	4.9657
275423.292	3479613.133	4.9670
275423.180	3479613.165	4.9685
275423.069	3479613.198	4.9700
275422.956	3479613.231	4.9715
275422.843	3479613.265	4.9729
275422.730	3479613.298	4.9742
275422.617	3479613.332	4.9756
275422.504	3479613.366	4.9769
275422.391	3479613.400	4.9784
275422.278	3479613.435	4.9798
275422.164	3479613.470	4.9812
275422.051	3479613.506	4.9824
275421.937	3479613.542	4.9835
275421.823	3479613.578	4.9846
275421.709	3479613.615	4.9858
275421.595	3479613.651	4.9869
275421.481	3479613.687	4.9881
275421.367	3479613.724	4.9890
275421.252	3479613.761	4.9900
275421.137	3479613.798	4.9909
275421.020	3479613.835	4.9921
275420.903	3479613.872	4.9933
275420.784	3479613.909	4.9945
275420.666	3479613.946	4.9956
275420.546	3479613.984	4.9968
275420.425	3479614.022	4.9981
275420.302	3479614.061	4.9994
275420.178	3479614.101	5.0005
275420.053	3479614.141	5.0014
275419.927	3479614.182	5.0024
275419.801	3479614.225	5.0034
275419.672	3479614.267	5.0045
275419.543	3479614.310	5.0057
275419.412	3479614.354	5.0069
275419.280	3479614.398	5.0081
275419.146	3479614.442	5.0094
275419.012	3479614.487	5.0107
275418.876	3479614.532	5.0121
275418.739	3479614.578	5.0135
275418.601	3479614.625	5.0149
275418.462	3479614.673	5.0163
275418.323	3479614.721	5.0176
275418.182	3479614.770	5.0191
275418.039	3479614.819	5.0207
275417.895	3479614.868	5.0225
275417.750	3479614.917	5.0243
275417.604	3479614.967	5.0262
275417.458	3479615.019	5.0283
275417.310	3479615.072	5.0306
275417.161	3479615.125	5.0330
275417.011	3479615.179	5.0356
275416.860	3479615.233	5.0383
275416.708	3479615.288	5.0411
275416.555	3479615.345	5.0438
275416.401	3479615.403	5.0467
275416.247	3479615.462	5.0496
275416.091	3479615.521	5.0525
275415.935	3479615.581	5.0553
275415.779	3479615.642	5.0583
275415.621	3479615.704	5.0613
275415.462	3479615.767	5.0643
275415.302	3479615.830	5.0673
275415.141	3479615.893	5.0702
275414.979	3479615.957	5.0734
275414.817	3479616.021	5.0766
275414.654	3479616.087	5.0800
275414.490	3479616.153	5.0835
275414.325	3479616.221	5.0871
275414.160	3479616.290	5.0908
275413.994	3479616.360	5.0945
275413.828	3479616.432	5.0986
275413.661	3479616.504	5.1028
275413.493	3479616.577	5.1072
275413.325	3479616.650	5.1115
275413.156	3479616.725	5.1157
275412.987	3479616.802	5.1201
275412.818	3479616.880	5.1244
275412.648	3479616.959	5.1286
275412.478	3479617.040	5.1327
275412.308	3479617.121	5.1368
275412.138	3479617.203	5.1409
275411.967	3479617.286	5.1449
275411.795	3479617.369	5.1487
275411.623	3479617.453	5.1524
275411.450	3479617.538	5.1561
275411.278	3479617.624	5.1597
275411.106	3479617.711	5.1631
275410.935	3479617.799	5.1665
275410.765	3479617.888	5.1699
275410.595	3479617.977	5.1732
275410.425	3479618.066	5.1763
275410.256	3479618.155	5.1793
275410.088	3479618.245	5.1822
275409.919	3479618.334	5.1851
275409.751	3479618.424	5.1879
275409.584	3479618.513	5.1906
275409.418	3479618.603	5.1933
275409.254	3479618.692	5.1961
275409.090	3479618.782	5.1988
275408.928	3479618.872	5.2014
275408.766	3479618.961	5.2040
275408.606	3479619.051	5.2065
275408.448	3479619.142	5.2090
275408.293	3479619.232	5.2113
275408.139	3479619.323	5.2135
275407.985	3479619.413	5.2156
275407.832	3479619.503	5.2175
275407.680	3479619.592	5.2193
275407.529	3479619.682	5.2210
275407.380	3479619.771	5.2224
275407.232	3479619.860	5.2235
275407.086	3479619.948	5.2242
275406.942	3479620.034	5.2247
275406.799	3479620.119	5.2250
275406.658	3479620.204	5.2253
275406.519	3479620.287	5.2256
275406.382	3479620.369	5.2260
275406.247	3479620.450	5.2267
275406.114	3479620.530	5.2274
275405.982	3479620.609	5.2279
275405.853	3479620.688	5.2281
275405.726	3479620.765	5.2283
275405.600	3479620.842	5.2288
275405.475	3479620.917	5.2296
275405.351	3479620.990	5.2306
275405.230	3479621.063	5.2318
275405.111	3479621.134	5.2329
275404.993	3479621.204	5.2343
275404.878	3479621.273	5.2360
275404.764	3479621.341	5.2380
275404.653	3479621.408	5.2399
275404.544	3479621.475	5.2415
275404.437	3479621.541	5.2428
275404.332	3479621.606	5.2440
275404.228	3479621.669	5.2453
275404.125	3479621.732	5.2467
275404.024	3479621.794	5.2482
275403.925	3479621.855	5.2495
275403.827	3479621.916	5.2506
275403.730	3479621.976	5.2517
275403.635	3479622.036	5.2528
275403.542	3479622.095	5.2539
275403.450	3479622.153	5.2548
275403.360	3479622.210	5.2559
275403.270	3479622.266	5.2571
275403.182	3479622.322	5.2581
275403.095	3479622.376	5.2590
275403.010	3479622.430	5.2597
275402.845	3479622.536	5.2608
275402.685	3479622.639	5.2617
275402.532	3479622.737	5.2621
275402.387	3479622.830	5.2624
275402.248	3479622.918	5.2629
275402.117	3479623.002	5.2630
275401.993	3479623.081	5.2630
275401.881	3479623.154	5.2631
275401.776	3479623.223	5.2635
275401.679	3479623.288	5.2639
275401.589	3479623.347	5.2644
275401.469	3479623.428	5.2655
275401.365	3479623.498	5.2666
275401.275	3479623.557	5.2679
275401.180	3479623.623	5.2691
275401.095	3479623.677	5.2704
275401.007	3479623.731	5.2705
275400.921	3479623.789	5.2713
275400.824	3479623.856	5.2723
275400.740	3479623.912	5.2736
275400.625	3479623.987	5.2752
275400.520	3479624.057	5.2770
275400.400	3479624.136	5.2792
275400.311	3479624.195	5.2808
275400.217	3479624.259	5.2825
275400.117	3479624.327	5.2843
275400.012	3479624.398	5.2863
275399.900	3479624.474	5.2884
275399.783	3479624.554	5.2905
275399.661	3479624.639	5.2927
275399.535	3479624.728	5.2950
275399.404	3479624.819	5.2974
275399.268	3479624.914	5.2998
275399.129	3479625.013	5.3024
275398.987	3479625.115	5.3049
275398.840	3479625.220	5.3076
275398.690	3479625.328	5.3105
275398.539	3479625.436	5.3131
275398.385	3479625.546	5.3161
275398.229	3479625.660	5.3191
275398.069	3479625.775	5.3220
275397.907	3479625.894	5.3251
275397.826	3479625.954	5.3265
275397.743	3479626.015	5.3279
275397.660	3479626.077	5.3292
275397.577	3479626.139	5.3304
275397.493	3479626.202	5.3314
275397.408	3479626.265	5.3325
275397.322	3479626.328	5.3335
275397.237	3479626.393	5.3346
275397.151	3479626.457	5.3356
275397.065	3479626.522	5.3365
275396.978	3479626.588	5.3374
275396.890	3479626.655	5.3383
275396.802	3479626.722	5.3390
275396.714	3479626.789	5.3398
275396.626	3479626.856	5.3405
275396.537	3479626.924	5.3413
275396.449	3479626.991	5.3419
275396.360	3479627.059	5.3424
275396.271	3479627.127	5.3429
275396.182	3479627.195	5.3432
275396.093	3479627.263	5.3436
275396.004	3479627.332	5.3439
275395.914	3479627.401	5.3443
275395.824	3479627.470	5.3447
275395.734	3479627.538	5.3451
275395.644	3479627.607	5.3454
275395.553	3479627.677	5.3457
275395.462	3479627.747	5.3460
275395.372	3479627.817	5.3462
275395.281	3479627.887	5.3465
275395.189	3479627.958	5.3468
275395.098	3479628.029	5.3471
275395.007	3479628.100	5.3473
275394.915	3479628.171	5.3473
275394.824	3479628.243	5.3474
275394.731	3479628.314	5.3475
275394.638	3479628.386	5.3476
275394.545	3479628.457	5.3478
275394.452	3479628.529	5.3481
275394.359	3479628.601	5.3483
275394.265	3479628.674	5.3485
275394.171	3479628.747	5.3485
275394.077	3479628.821	5.3487
275393.982	3479628.895	5.3487
275393.887	3479628.968	5.3488
275393.791	3479629.042	5.3489
275393.695	3479629.116	5.3490
275393.599	3479629.191	5.3491
275393.502	3479629.266	5.3492
275393.405	3479629.342	5.3493
275393.308	3479629.418	5.3492
275393.209	3479629.495	5.3491
275393.110	3479629.571	5.3491
275393.011	3479629.648	5.3493
275392.911	3479629.725	5.3495
275392.811	3479629.802	5.3496
275392.711	3479629.880	5.3496
275392.610	3479629.958	5.3496
275392.509	3479630.037	5.3495
275392.408	3479630.116	5.3495
275392.306	3479630.195	5.3496
275392.204	3479630.274	5.3497
275392.102	3479630.354	5.3497
275391.999	3479630.433	5.3497
275391.896	3479630.513	5.3496
275391.793	3479630.593	5.3495
275391.689	3479630.673	5.3494
275391.585	3479630.754	5.3495
275391.481	3479630.835	5.3495
275391.376	3479630.916	5.3495
275391.271	3479630.996	5.3495
275391.165	3479631.078	5.3494
275391.060	3479631.159	5.3493
275390.954	3479631.241	5.3492
275390.848	3479631.323	5.3493
275390.741	3479631.405	5.3494
275390.635	3479631.487	5.3493
275390.528	3479631.569	5.3492
275390.422	3479631.651	5.3491
275390.315	3479631.733	5.3490
275390.209	3479631.815	5.3489
275390.103	3479631.896	5.3489
275389.997	3479631.977	5.3489
275389.891	3479632.058	5.3490
275389.786	3479632.138	5.3490
275389.682	3479632.219	5.3489
275389.578	3479632.299	5.3488
275389.474	3479632.379	5.3486
275389.371	3479632.459	5.3486
275389.268	3479632.539	5.3486
275389.166	3479632.618	5.3484
275389.065	3479632.698	5.3483
275388.965	3479632.777	5.3481
275388.865	3479632.856	5.3480
275388.765	3479632.935	5.3479
275388.665	3479633.013	5.3480
275388.566	3479633.092	5.3480
275388.467	3479633.170	5.3481
275388.368	3479633.248	5.3480
275388.269	3479633.326	5.3480
275388.169	3479633.404	5.3478
275388.070	3479633.483	5.3477
275387.970	3479633.562	5.3476
275387.870	3479633.642	5.3476
275387.769	3479633.722	5.3475
275387.668	3479633.802	5.3474
275387.566	3479633.882	5.3472
275387.464	3479633.963	5.3470
275387.361	3479634.043	5.3469
275387.258	3479634.125	5.3469
275387.154	3479634.206	5.3469
275387.049	3479634.287	5.3468
275386.943	3479634.369	5.3467
275386.837	3479634.452	5.3465
275386.731	3479634.534	5.3462
275386.624	3479634.617	5.3459
275386.517	3479634.701	5.3457
275386.409	3479634.784	5.3454
275386.301	3479634.868	5.3450
275386.193	3479634.951	5.3447
275386.084	3479635.036	5.3443
275385.974	3479635.120	5.3440
275385.865	3479635.205	5.3439
275385.755	3479635.290	5.3437
275385.644	3479635.376	5.3434
275385.533	3479635.461	5.3432
275385.421	3479635.547	5.3429
275385.309	3479635.633	5.3426
275385.197	3479635.720	5.3423
275385.084	3479635.807	5.3421
275384.971	3479635.894	5.3419
275384.857	3479635.981	5.3416
275384.742	3479636.068	5.3413
275384.627	3479636.155	5.3410
275384.511	3479636.243	5.3407
275384.395	3479636.330	5.3405
275384.278	3479636.418	5.3404
275384.161	3479636.507	5.3402
275384.044	3479636.595	5.3399
275383.927	3479636.684	5.3395
275383.808	3479636.774	5.3392
275383.690	3479636.863	5.3390
275383.571	3479636.953	5.3386
275383.452	3479637.043	5.3383
275383.332	3479637.134	5.3380
275383.212	3479637.224	5.3375
275383.092	3479637.315	5.3369
275382.971	3479637.406	5.3364
275382.850	3479637.497	5.3360
275382.728	3479637.588	5.3354
275382.606	3479637.680	5.3347
275382.484	3479637.772	5.3342
275382.362	3479637.864	5.3335
275382.239	3479637.957	5.3327
275382.117	3479638.049	5.3319
275381.993	3479638.142	5.3312
275381.870	3479638.235	5.3303
275381.746	3479638.328	5.3292
275381.621	3479638.422	5.3281
275381.496	3479638.515	5.3271
275381.371	3479638.608	5.3259
275381.244	3479638.702	5.3249
275381.118	3479638.795	5.3239
275380.991	3479638.889	5.3228
275380.864	3479638.983	5.3216
275380.736	3479639.077	5.3204
275380.608	3479639.171	5.3193
275380.480	3479639.265	5.3182
275380.351	3479639.359	5.3171
275380.222	3479639.453	5.3159
275380.092	3479639.548	5.3147
275379.962	3479639.642	5.3136
275379.831	3479639.736	5.3125
275379.700	3479639.830	5.3115
275379.568	3479639.924	5.3104
275379.436	3479640.019	5.3091
275379.304	3479640.114	5.3079
275379.171	3479640.209	5.3067
275379.038	3479640.304	5.3056
275378.904	3479640.399	5.3045
275378.770	3479640.494	5.3033
275378.635	3479640.589	5.3021
275378.499	3479640.684	5.3010
275378.363	3479640.779	5.2999
275378.227	3479640.874	5.2989
275378.091	3479640.969	5.2980
275377.954	3479641.065	5.2970
275377.817	3479641.161	5.2959
275377.679	3479641.258	5.2948
275377.541	3479641.354	5.2938
275377.402	3479641.450	5.2929
275377.263	3479641.547	5.2919
275377.122	3479641.644	5.2910
275376.982	3479641.741	5.2902
275376.841	3479641.838	5.2894
275376.700	3479641.936	5.2887
275376.558	3479642.033	5.2880
275376.416	3479642.131	5.2872
275376.274	3479642.229	5.2864
275376.131	3479642.327	5.2857
275375.988	3479642.426	5.2850
275375.845	3479642.524	5.2844
275375.701	3479642.622	5.2839
275375.557	3479642.720	5.2834
275375.412	3479642.819	5.2829
275375.267	3479642.917	5.2825
275375.122	3479643.016	5.2820
275374.977	3479643.115	5.2815
275374.831	3479643.215	5.2809
275374.685	3479643.314	5.2803
275374.538	3479643.414	5.2799
275374.391	3479643.513	5.2794
275374.244	3479643.613	5.2788
275374.096	3479643.712	5.2784
275373.948	3479643.812	5.2780
275373.800	3479643.912	5.2777
275373.651	3479644.012	5.2773
275373.502	3479644.112	5.2768
275373.353	3479644.213	5.2763
275373.204	3479644.314	5.2758
275373.054	3479644.414	5.2754
275372.904	3479644.515	5.2750
275372.753	3479644.616	5.2746
275372.602	3479644.717	5.2743
275372.451	3479644.818	5.2741
275372.299	3479644.920	5.2738
275372.147	3479645.021	5.2735
275371.995	3479645.123	5.2732
275371.843	3479645.226	5.2730
275371.690	3479645.328	5.2726
275371.537	3479645.430	5.2723
275371.382	3479645.533	5.2720
275371.228	3479645.634	5.2718
275371.072	3479645.736	5.2716
275370.916	3479645.838	5.2714
275370.760	3479645.940	5.2713
275370.604	3479646.042	5.2711
275370.448	3479646.145	5.2708
275370.292	3479646.248	5.2704
275370.136	3479646.351	5.2699
275369.981	3479646.454	5.2696
275369.825	3479646.556	5.2693
275369.669	3479646.658	5.2692
275369.513	3479646.760	5.2692
275369.358	3479646.861	5.2691
275369.204	3479646.962	5.2690
275369.050	3479647.062	5.2688
275368.897	3479647.163	5.2685
275368.744	3479647.263	5.2683
275368.593	3479647.362	5.2681
275368.443	3479647.460	5.2679
275368.294	3479647.557	5.2677
275368.146	3479647.654	5.2674
275367.999	3479647.749	5.2671
275367.853	3479647.845	5.2668
275367.709	3479647.939	5.2666
275367.565	3479648.033	5.2665
275367.423	3479648.126	5.2663
275367.283	3479648.219	5.2659
275367.143	3479648.310	5.2656
275367.004	3479648.401	5.2654
275366.867	3479648.490	5.2653
275366.730	3479648.579	5.2650
275366.595	3479648.666	5.2647
275366.461	3479648.753	5.2646
275366.329	3479648.839	5.2645
275366.198	3479648.924	5.2645
275366.068	3479649.008	5.2644
275365.940	3479649.092	5.2643
275365.814	3479649.175	5.2641
275365.688	3479649.256	5.2641
275365.564	3479649.337	5.2643
275365.441	3479649.416	5.2645
275365.320	3479649.494	5.2645
275365.200	3479649.572	5.2644
275365.081	3479649.648	5.2643
275364.964	3479649.724	5.2644
275364.848	3479649.799	5.2646
275364.733	3479649.873	5.2648
275364.619	3479649.947	5.2647
275364.507	3479650.020	5.2645
275364.395	3479650.093	5.2644
275364.284	3479650.165	5.2645
275364.173	3479650.237	5.2647
275364.062	3479650.308	5.2648
275363.952	3479650.380	5.2648
275363.843	3479650.450	5.2648
275363.734	3479650.521	5.2648
275363.625	3479650.591	5.2649
275363.517	3479650.661	5.2650
275363.409	3479650.730	5.2652
275363.301	3479650.800	5.2652
275363.194	3479650.870	5.2653
275363.087	3479650.940	5.2653
275362.980	3479651.009	5.2652
275362.874	3479651.078	5.2652
275362.768	3479651.147	5.2653
275362.663	3479651.216	5.2655
275362.558	3479651.285	5.2656
275362.453	3479651.353	5.2657
275362.349	3479651.421	5.2658
275362.245	3479651.489	5.2658
275362.141	3479651.556	5.2659
275362.038	3479651.623	5.2661
275361.935	3479651.689	5.2662
275361.832	3479651.756	5.2664
275361.730	3479651.823	5.2666
275361.629	3479651.890	5.2667
275361.528	3479651.956	5.2668
275361.427	3479652.022	5.2668
275361.326	3479652.087	5.2668
275361.227	3479652.152	5.2671
275361.129	3479652.216	5.2674
275361.030	3479652.281	5.2676
275360.933	3479652.345	5.2677
275360.835	3479652.409	5.2679
275360.738	3479652.473	5.2680
275360.641	3479652.536	5.2682
275360.545	3479652.600	5.2685
275360.449	3479652.662	5.2689
275360.353	3479652.725	5.2692
275360.257	3479652.787	5.2696
275360.162	3479652.849	5.2699
275360.068	3479652.912	5.2702
275359.974	3479652.974	5.2708
275359.881	3479653.037	5.2712
275359.787	3479653.099	5.2715
275359.694	3479653.161	5.2718
275359.601	3479653.222	5.2722
275359.509	3479653.283	5.2726
275359.416	3479653.344	5.2731
275359.323	3479653.406	5.2735
275359.231	3479653.467	5.2737
275359.138	3479653.528	5.2738
275359.047	3479653.590	5.2740
275358.955	3479653.650	5.2744
275358.863	3479653.710	5.2747
275358.772	3479653.771	5.2751
275358.682	3479653.831	5.2754
275358.592	3479653.891	5.2756
275358.501	3479653.951	5.2759
275358.411	3479654.011	5.2761
275358.322	3479654.071	5.2763
275358.232	3479654.131	5.2766
275358.142	3479654.191	5.2770
275358.053	3479654.250	5.2772
275357.964	3479654.309	5.2774
275357.875	3479654.369	5.2776
275357.786	3479654.428	5.2778
275357.697	3479654.488	5.2779
275357.609	3479654.546	5.2782
275357.521	3479654.605	5.2784
275357.434	3479654.662	5.2787
275357.346	3479654.720	5.2790
275357.258	3479654.777	5.2793
275357.171	3479654.835	5.2795
275357.085	3479654.893	5.2797
275356.998	3479654.950	5.2800
275356.912	3479655.008	5.2801
275356.826	3479655.066	5.2803
275356.740	3479655.123	5.2805
275356.654	3479655.180	5.2808
275356.568	3479655.237	5.2812
275356.483	3479655.294	5.2814
275356.398	3479655.350	5.2815
275356.313	3479655.406	5.2816
275356.229	3479655.463	5.2818
275356.144	3479655.519	5.2821
275356.060	3479655.575	5.2823
275355.976	3479655.631	5.2824
275355.892	3479655.688	5.2826
275355.809	3479655.746	5.2827
275355.726	3479655.803	5.2829
275355.644	3479655.861	5.2831
275355.562	3479655.918	5.2833
275355.479	3479655.976	5.2833
275355.397	3479656.033	5.2833
275355.234	3479656.148	5.2835
275355.071	3479656.262	5.2837
275354.909	3479656.376	5.2836
275354.747	3479656.490	5.2836
275354.586	3479656.603	5.2839
275354.424	3479656.716	5.2835
275354.263	3479656.828	5.2832
275354.102	3479656.938	5.2829
275353.941	3479657.048	5.2822
275353.779	3479657.158	5.2818
275353.617	3479657.268	5.2808
275353.455	3479657.378	5.2795
275353.292	3479657.488	5.2783
275353.129	3479657.597	5.2770
275352.965	3479657.707	5.2756
275352.801	3479657.817	5.2742
275352.636	3479657.927	5.2731
275352.469	3479658.036	5.2719
275352.302	3479658.146	5.2707
275352.218	3479658.200	5.2703
275352.134	3479658.255	5.2699
275352.050	3479658.310	5.2695
275351.966	3479658.364	5.2691
275351.882	3479658.419	5.2686
275351.798	3479658.474	5.2681
275351.714	3479658.529	5.2676
275351.630	3479658.584	5.2671
275351.546	3479658.638	5.2667
275351.461	3479658.693	5.2664
275351.376	3479658.747	5.2661
275351.291	3479658.801	5.2657
275351.206	3479658.856	5.2652
275351.122	3479658.911	5.2649
275351.037	3479658.966	5.2645
275350.953	3479659.022	5.2643
275350.869	3479659.078	5.2639
275350.785	3479659.134	5.2634
275350.701	3479659.190	5.2630
275350.617	3479659.246	5.2625
275350.533	3479659.301	5.2621
275350.449	3479659.357	5.2616
275350.365	3479659.413	5.2611
275350.282	3479659.468	5.2606
275350.198	3479659.524	5.2600
275350.114	3479659.580	5.2595
275350.030	3479659.635	5.2590
275349.947	3479659.690	5.2585
275349.863	3479659.745	5.2580
275349.779	3479659.800	5.2575
275349.695	3479659.856	5.2570
275349.612	3479659.911	5.2565
275349.528	3479659.966	5.2560
275349.444	3479660.021	5.2553
275349.361	3479660.076	5.2547
275349.192	3479660.183	5.2535
275349.023	3479660.288	5.2522
275348.854	3479660.393	5.2511
275348.685	3479660.497	5.2500
275348.516	3479660.602	5.2491
275348.346	3479660.706	5.2488
275348.177	3479660.810	5.2486
275348.008	3479660.915	5.2484
275347.838	3479661.020	5.2481
275347.669	3479661.124	5.2480
275347.499	3479661.230	5.2479
275347.331	3479661.335	5.2478
275347.162	3479661.440	5.2477
275346.993	3479661.545	5.2476
275346.825	3479661.650	5.2476
275346.657	3479661.756	5.2475
275346.489	3479661.861	5.2477
275346.322	3479661.965	5.2476
275346.154	3479662.069	5.2476
275345.987	3479662.174	5.2476
275345.824	3479662.278	5.2475
275345.665	3479662.380	5.2476
275345.509	3479662.480	5.2475
275345.357	3479662.577	5.2476
275345.209	3479662.671	5.2477
275345.068	3479662.762	5.2476
275344.933	3479662.849	5.2473
275344.808	3479662.929	5.2471
275344.695	3479663.003	5.2473
275344.593	3479663.069	5.2471
275344.499	3479663.127	5.2470
275344.380	3479663.198	5.2469
275344.288	3479663.252	5.2470
275344.194	3479663.305	5.2469
275344.099	3479663.360	5.2484
275343.993	3479663.428	5.2484
275343.880	3479663.501	5.2485
275343.784	3479663.562	5.2484
275343.679	3479663.629	5.2484
275343.565	3479663.701	5.2485
275343.442	3479663.778	5.2484
275343.355	3479663.833	5.2484
275343.265	3479663.891	5.2483
275343.171	3479663.949	5.2485
275343.074	3479664.010	5.2485
275342.974	3479664.073	5.2482
275342.871	3479664.139	5.2483
275342.766	3479664.206	5.2482
275342.656	3479664.274	5.2482
275342.544	3479664.345	5.2481
275342.429	3479664.417	5.2481
275342.312	3479664.491	5.2481
275342.192	3479664.567	5.2481
275342.069	3479664.644	5.2482
275341.944	3479664.723	5.2481
275341.817	3479664.804	5.2480
275341.688	3479664.886	5.2480
275341.556	3479664.969	5.2482
275341.423	3479665.053	5.2481
275341.287	3479665.139	5.2481
275341.148	3479665.226	5.2482
275341.008	3479665.315	5.2481
275340.866	3479665.405	5.2481
275340.722	3479665.496	5.2481
275340.575	3479665.589	5.2480
275340.427	3479665.683	5.2480
275340.274	3479665.779	5.2479
275340.119	3479665.876	5.2479
275339.963	3479665.974	5.2479
275339.804	3479666.074	5.2477
275339.645	3479666.174	5.2476
275339.483	3479666.276	5.2476
275339.320	3479666.379	5.2474
275339.155	3479666.482	5.2473
275338.989	3479666.586	5.2475
275338.821	3479666.691	5.2474
275338.651	3479666.795	5.2472
275338.566	3479666.848	5.2472
275338.480	3479666.901	5.2472
275338.394	3479666.954	5.2471
275338.308	3479667.008	5.2470
275338.221	3479667.061	5.2470
275338.134	3479667.115	5.2471
275338.047	3479667.168	5.2473
275337.959	3479667.222	5.2473
275337.871	3479667.276	5.2471
275337.783	3479667.330	5.2470
275337.695	3479667.385	5.2470
275337.606	3479667.439	5.2471
275337.518	3479667.494	5.2471
275337.429	3479667.548	5.2470
275337.340	3479667.603	5.2469
275337.252	3479667.658	5.2469
275337.163	3479667.713	5.2469
275337.074	3479667.767	5.2470
275336.985	3479667.821	5.2470
275336.896	3479667.875	5.2469
275336.808	3479667.930	5.2468
275336.719	3479667.984	5.2468
275336.631	3479668.039	5.2468
275336.542	3479668.093	5.2467
275336.454	3479668.147	5.2466
275336.365	3479668.201	5.2466
275336.278	3479668.254	5.2466
275336.191	3479668.307	5.2467
275336.106	3479668.358	5.2467
275335.938	3479668.460	5.2466
275335.775	3479668.560	5.2468
275335.616	3479668.656	5.2467
275335.461	3479668.750	5.2466
275335.315	3479668.842	5.2466
275335.175	3479668.932	5.2464
275335.042	3479669.019	5.2464
275334.915	3479669.102	5.2463
275334.795	3479669.180	5.2463
275334.683	3479669.252	5.2464
275334.578	3479669.320	5.2466
275334.481	3479669.383	5.2464
275334.392	3479669.441	5.2466
275334.276	3479669.517	5.2467
275334.173	3479669.579	5.2466
275334.072	3479669.640	5.2465
275333.987	3479669.704	5.2458
275333.884	3479669.770	5.2460
275333.794	3479669.827	5.2460
275333.685	3479669.895	5.2457
275333.590	3479669.953	5.2453
275333.487	3479670.017	5.2437
275333.373	3479670.087	5.2413
275333.250	3479670.162	5.2381
275333.162	3479670.215	5.2354
275333.071	3479670.270	5.2324
275332.975	3479670.327	5.2285
275332.877	3479670.385	5.2248
275332.778	3479670.444	5.2216
275332.681	3479670.500	5.2183
275332.591	3479670.552	5.2155
275332.468	3479670.622	5.2119
275332.364	3479670.680	5.2087
275332.256	3479670.740	5.2053
275332.161	3479670.792	5.2026
275332.072	3479670.849	5.2003
275331.970	3479670.908	5.1983
275331.856	3479670.973	5.1961
275331.752	3479671.032	5.1938
275331.633	3479671.098	5.1912
275331.545	3479671.147	5.1890
275331.449	3479671.199	5.1868
275331.348	3479671.253	5.1843
275331.241	3479671.310	5.1813
275331.129	3479671.370	5.1782
275331.012	3479671.432	5.1750
275330.890	3479671.496	5.1715
275330.763	3479671.563	5.1679
275330.631	3479671.630	5.1643
275330.496	3479671.700	5.1605
275330.358	3479671.771	5.1566
275330.217	3479671.843	5.1525
275330.071	3479671.917	5.1483
275329.922	3479671.991	5.1442
275329.769	3479672.066	5.1399
275329.612	3479672.143	5.1355
275329.453	3479672.221	5.1310
275329.289	3479672.299	5.1264
275329.123	3479672.378	5.1217
275328.953	3479672.457	5.1170
275328.778	3479672.536	5.1120
275328.601	3479672.615	5.1069
275328.420	3479672.694	5.1020
275328.237	3479672.774	5.0970
275328.144	3479672.813	5.0946
275328.051	3479672.853	5.0921
275327.957	3479672.892	5.0895
275327.863	3479672.931	5.0868
275327.767	3479672.971	5.0841
275327.672	3479673.011	5.0816
275327.576	3479673.050	5.0791
275327.479	3479673.090	5.0764
275327.382	3479673.130	5.0737
275327.284	3479673.169	5.0709
275327.186	3479673.208	5.0683
275327.088	3479673.247	5.0657
275326.990	3479673.285	5.0630
275326.892	3479673.325	5.0604
275326.794	3479673.363	5.0576
275326.696	3479673.402	5.0548
275326.598	3479673.440	5.0521
275326.500	3479673.478	5.0494
275326.401	3479673.516	5.0467
275326.303	3479673.554	5.0440
275326.204	3479673.592	5.0412
275326.106	3479673.628	5.0385
275326.007	3479673.665	5.0358
275325.908	3479673.701	5.0331
275325.809	3479673.737	5.0304
275325.710	3479673.772	5.0277
275325.611	3479673.808	5.0251
275325.512	3479673.844	5.0225
275325.413	3479673.880	5.0197
275325.314	3479673.915	5.0168
275325.215	3479673.949	5.0140
275325.115	3479673.983	5.0114
275325.016	3479674.017	5.0089
275324.916	3479674.050	5.0062
275324.816	3479674.083	5.0035
275324.716	3479674.116	5.0009
275324.616	3479674.148	4.9983
275324.516	3479674.181	4.9956
275324.416	3479674.213	4.9930
275324.316	3479674.245	4.9904
275324.217	3479674.276	4.9878
275324.116	3479674.307	4.9852
275324.016	3479674.337	4.9827
275323.916	3479674.367	4.9801
275323.816	3479674.397	4.9774
275323.716	3479674.427	4.9747
275323.615	3479674.457	4.9720
275323.515	3479674.487	4.9693
275323.415	3479674.516	4.9666
275323.315	3479674.545	4.9640
275323.214	3479674.573	4.9614
275323.114	3479674.601	4.9587
275323.013	3479674.628	4.9562
275322.911	3479674.655	4.9537
275322.810	3479674.682	4.9510
275322.709	3479674.708	4.9482
275322.607	3479674.735	4.9455
275322.506	3479674.761	4.9429
275322.405	3479674.787	4.9403
275322.303	3479674.812	4.9377
275322.202	3479674.837	4.9351
275322.101	3479674.861	4.9325
275321.999	3479674.885	4.9299
275321.898	3479674.909	4.9273
275321.797	3479674.933	4.9246
275321.696	3479674.957	4.9219
275321.594	3479674.981	4.9192
275321.493	3479675.004	4.9166
275321.392	3479675.026	4.9141
275321.290	3479675.048	4.9116
275321.189	3479675.069	4.9092
275321.087	3479675.090	4.9067
275320.987	3479675.112	4.9040
275320.887	3479675.134	4.9017
275320.787	3479675.156	4.8994
275320.687	3479675.178	4.8971
275320.587	3479675.200	4.8948
275320.487	3479675.221	4.8925
275320.387	3479675.242	4.8903
275320.287	3479675.262	4.8882
275320.186	3479675.283	4.8862
275320.086	3479675.303	4.8844
275319.986	3479675.324	4.8825
275319.886	3479675.344	4.8809
275319.785	3479675.364	4.8796
275319.685	3479675.383	4.8784
275319.584	3479675.403	4.8774
275319.483	3479675.423	4.8765
275319.382	3479675.443	4.8759
275319.282	3479675.462	4.8753
275319.181	3479675.482	4.8748
275319.080	3479675.501	4.8741
275318.979	3479675.521	4.8736
275318.877	3479675.540	4.8730
275318.776	3479675.558	4.8724
275318.674	3479675.577	4.8718
275318.573	3479675.596	4.8711
275318.472	3479675.615	4.8702
275318.370	3479675.633	4.8692
275318.269	3479675.652	4.8682
275318.168	3479675.670	4.8671
275318.067	3479675.689	4.8659
275317.965	3479675.707	4.8649
275317.864	3479675.725	4.8638
275317.763	3479675.743	4.8627
275317.662	3479675.760	4.8615
275317.561	3479675.778	4.8603
275317.460	3479675.795	4.8592
275317.358	3479675.812	4.8581
275317.257	3479675.829	4.8570
275317.156	3479675.846	4.8558
275317.055	3479675.864	4.8544
275316.954	3479675.881	4.8531
275316.852	3479675.898	4.8519
275316.751	3479675.914	4.8507
275316.650	3479675.931	4.8493
275316.548	3479675.947	4.8479
275316.447	3479675.964	4.8465
275316.346	3479675.980	4.8452
275316.245	3479675.996	4.8439
275316.144	3479676.012	4.8426
275316.043	3479676.027	4.8412
275315.942	3479676.043	4.8399
275315.841	3479676.058	4.8385
275315.739	3479676.073	4.8372
275315.638	3479676.088	4.8358
275315.536	3479676.103	4.8344
275315.435	3479676.118	4.8331
275315.333	3479676.132	4.8318
275315.232	3479676.147	4.8306
275315.130	3479676.161	4.8292
275315.029	3479676.176	4.8278
275314.927	3479676.191	4.8263
275314.825	3479676.206	4.8250
275314.723	3479676.221	4.8237
275314.621	3479676.236	4.8224
275314.519	3479676.250	4.8209
275314.417	3479676.265	4.8194
275314.315	3479676.280	4.8181
275314.213	3479676.294	4.8168
275314.110	3479676.308	4.8155
275314.008	3479676.322	4.8141
275313.906	3479676.336	4.8128
275313.803	3479676.350	4.8115
275313.701	3479676.364	4.8101
275313.599	3479676.377	4.8088
275313.496	3479676.390	4.8075
275313.394	3479676.403	4.8061
275313.291	3479676.416	4.8049
275313.189	3479676.429	4.8036
275313.086	3479676.441	4.8022
275312.984	3479676.454	4.8008
275312.882	3479676.466	4.7994
275312.780	3479676.477	4.7979
275312.677	3479676.488	4.7966
275312.575	3479676.498	4.7954
275312.473	3479676.508	4.7941
275312.371	3479676.518	4.7928
275312.269	3479676.528	4.7914
275312.166	3479676.538	4.7899
275312.064	3479676.548	4.7885
275311.962	3479676.559	4.7872
275311.859	3479676.569	4.7858
275311.757	3479676.579	4.7845
275311.655	3479676.588	4.7832
275311.552	3479676.598	4.7820
275311.450	3479676.607	4.7807
275311.348	3479676.616	4.7794
275311.246	3479676.625	4.7781
275311.143	3479676.633	4.7768
275311.041	3479676.642	4.7755
275310.939	3479676.651	4.7741
275310.837	3479676.660	4.7727
275310.734	3479676.669	4.7714
275310.631	3479676.678	4.7704
275310.527	3479676.687	4.7695
275310.424	3479676.695	4.7684
275310.320	3479676.704	4.7670
275310.217	3479676.712	4.7657
275310.113	3479676.720	4.7646
275310.009	3479676.728	4.7635
275309.906	3479676.735	4.7625
275309.802	3479676.743	4.7614
275309.698	3479676.751	4.7600
275309.594	3479676.759	4.7586
275309.490	3479676.767	4.7573
275309.386	3479676.775	4.7561
275309.281	3479676.782	4.7549
275309.177	3479676.789	4.7537
275309.073	3479676.796	4.7524
275308.969	3479676.802	4.7512
275308.864	3479676.809	4.7499
275308.761	3479676.815	4.7488
275308.657	3479676.822	4.7477
275308.554	3479676.828	4.7467
275308.450	3479676.834	4.7457
275308.347	3479676.839	4.7446
275308.243	3479676.845	4.7436
275308.139	3479676.851	4.7428
275308.036	3479676.856	4.7420
275307.932	3479676.862	4.7412
275307.829	3479676.867	4.7404
275307.725	3479676.873	4.7394
275307.622	3479676.879	4.7386
275307.518	3479676.884	4.7379
275307.415	3479676.889	4.7372
275307.311	3479676.895	4.7365
275307.207	3479676.900	4.7359
275307.104	3479676.905	4.7356
275307.000	3479676.911	4.7353
275306.896	3479676.916	4.7353
275306.792	3479676.920	4.7354
275306.689	3479676.925	4.7355
275306.585	3479676.930	4.7358
275306.482	3479676.934	4.7360
275306.379	3479676.940	4.7361
275306.276	3479676.945	4.7362
275306.172	3479676.950	4.7366
275306.068	3479676.956	4.7370
275305.965	3479676.961	4.7374
275305.861	3479676.967	4.7378
275305.757	3479676.972	4.7384
275305.653	3479676.978	4.7393
275305.549	3479676.983	4.7405
275305.445	3479676.989	4.7420
275305.341	3479676.996	4.7438
275305.237	3479677.002	4.7458
275305.134	3479677.009	4.7480
275305.030	3479677.016	4.7504
275304.925	3479677.023	4.7529
275304.821	3479677.031	4.7554
275304.717	3479677.039	4.7579
275304.612	3479677.046	4.7605
275304.506	3479677.053	4.7631
275304.400	3479677.060	4.7657
275304.293	3479677.068	4.7683
275304.187	3479677.077	4.7711
275304.081	3479677.086	4.7744
275303.975	3479677.095	4.7778
275303.869	3479677.104	4.7812
275303.762	3479677.114	4.7848
275303.656	3479677.124	4.7885
275303.550	3479677.135	4.7925
275303.444	3479677.145	4.7965
275303.337	3479677.157	4.8005
275303.231	3479677.169	4.8046
275303.125	3479677.181	4.8087
275303.019	3479677.194	4.8130
275302.913	3479677.207	4.8177
275302.807	3479677.220	4.8228
275302.701	3479677.234	4.8282
275302.595	3479677.249	4.8339
275302.491	3479677.264	4.8397
275302.386	3479677.279	4.8457
275302.282	3479677.296	4.8519
275302.179	3479677.313	4.8582
275302.075	3479677.330	4.8648
275301.972	3479677.348	4.8714
275301.869	3479677.367	4.8781
275301.766	3479677.386	4.8848
275301.663	3479677.406	4.8917
275301.560	3479677.427	4.8988
275301.458	3479677.448	4.9061
275301.356	3479677.471	4.9137
275301.254	3479677.494	4.9214
275301.153	3479677.518	4.9292
275301.052	3479677.543	4.9372
275300.951	3479677.569	4.9451
275300.850	3479677.595	4.9529
275300.749	3479677.622	4.9608
275300.648	3479677.649	4.9686
275300.548	3479677.677	4.9765
275300.447	3479677.707	4.9843
275300.346	3479677.738	4.9921
275300.246	3479677.770	4.9998
275300.145	3479677.803	5.0075
275300.045	3479677.837	5.0152
275299.945	3479677.872	5.0230
275299.846	3479677.908	5.0307
275299.746	3479677.943	5.0382
275299.647	3479677.980	5.0454
275299.547	3479678.017	5.0525
275299.448	3479678.055	5.0594
275299.349	3479678.094	5.0661
275299.251	3479678.134	5.0728
275299.152	3479678.174	5.0794
275299.054	3479678.216	5.0860
275298.956	3479678.258	5.0928
275298.858	3479678.300	5.0995
275298.760	3479678.343	5.1059
275298.663	3479678.386	5.1120
275298.565	3479678.431	5.1179
275298.468	3479678.476	5.1236
275298.371	3479678.521	5.1290
275298.274	3479678.567	5.1341
275298.177	3479678.614	5.1387
275298.080	3479678.660	5.1430
275297.984	3479678.707	5.1473
275297.887	3479678.755	5.1517
275297.791	3479678.803	5.1563
275297.694	3479678.852	5.1608
275297.598	3479678.902	5.1651
275297.502	3479678.952	5.1693
275297.406	3479679.002	5.1737
275297.310	3479679.052	5.1779
275297.214	3479679.103	5.1820
275297.119	3479679.155	5.1859
275297.023	3479679.207	5.1893
275296.927	3479679.260	5.1924
275296.832	3479679.313	5.1953
275296.736	3479679.366	5.1982
275296.640	3479679.419	5.2010
275296.545	3479679.472	5.2039
275296.450	3479679.526	5.2067
275296.355	3479679.580	5.2094
275296.260	3479679.634	5.2120
275296.166	3479679.689	5.2146
275296.071	3479679.744	5.2173
275295.976	3479679.800	5.2197
275295.881	3479679.855	5.2219
275295.786	3479679.911	5.2240
275295.691	3479679.967	5.2258
275295.597	3479680.023	5.2273
275295.502	3479680.080	5.2285
275295.407	3479680.136	5.2296
275295.313	3479680.194	5.2306
275295.218	3479680.251	5.2318
275295.123	3479680.308	5.2330
275295.028	3479680.365	5.2342
275294.933	3479680.422	5.2352
275294.838	3479680.480	5.2362
275294.743	3479680.538	5.2373
275294.647	3479680.597	5.2385
275294.552	3479680.656	5.2396
275294.456	3479680.715	5.2406
275294.359	3479680.775	5.2415
275294.263	3479680.835	5.2424
275294.166	3479680.894	5.2433
275294.069	3479680.955	5.2443
275293.971	3479681.015	5.2452
275293.873	3479681.076	5.2461
275293.774	3479681.138	5.2470
275293.676	3479681.201	5.2478
275293.576	3479681.263	5.2488
275293.477	3479681.326	5.2497
275293.377	3479681.389	5.2506
275293.276	3479681.452	5.2514
275293.175	3479681.516	5.2521
275293.074	3479681.580	5.2528
275292.972	3479681.645	5.2535
275292.870	3479681.710	5.2543
275292.769	3479681.776	5.2550
275292.667	3479681.842	5.2556
275292.565	3479681.908	5.2560
275292.462	3479681.973	5.2564
275292.359	3479682.039	5.2567
275292.256	3479682.105	5.2569
275292.153	3479682.172	5.2571
275292.050	3479682.239	5.2573
275291.946	3479682.306	5.2574
275291.842	3479682.373	5.2576
275291.738	3479682.441	5.2579
275291.634	3479682.508	5.2581
275291.529	3479682.576	5.2581
275291.424	3479682.644	5.2580
275291.318	3479682.711	5.2580
275291.212	3479682.780	5.2581
275291.106	3479682.848	5.2583
275291.000	3479682.917	5.2583
275290.893	3479682.986	5.2581
275290.786	3479683.056	5.2580
275290.678	3479683.126	5.2579
275290.569	3479683.196	5.2579
275290.459	3479683.266	5.2578
275290.348	3479683.336	5.2577
275290.237	3479683.407	5.2577
275290.125	3479683.478	5.2576
275290.013	3479683.550	5.2575
275289.901	3479683.622	5.2574
275289.788	3479683.695	5.2573
275289.674	3479683.768	5.2573
275289.560	3479683.840	5.2573
275289.445	3479683.914	5.2571
275289.330	3479683.987	5.2569
275289.214	3479684.061	5.2568
275289.098	3479684.135	5.2567
275288.981	3479684.209	5.2567
275288.863	3479684.284	5.2567
275288.745	3479684.359	5.2566
275288.627	3479684.434	5.2566
275288.508	3479684.510	5.2566
275288.388	3479684.587	5.2566
275288.268	3479684.664	5.2565
275288.148	3479684.740	5.2565
275288.027	3479684.818	5.2564
275287.906	3479684.895	5.2564
275287.785	3479684.973	5.2564
275287.663	3479685.050	5.2565
275287.540	3479685.128	5.2565
275287.416	3479685.206	5.2565
275287.293	3479685.285	5.2566
275287.169	3479685.364	5.2567
275287.044	3479685.443	5.2568
275286.919	3479685.523	5.2570
275286.794	3479685.603	5.2572
275286.668	3479685.683	5.2574
275286.541	3479685.764	5.2575
275286.414	3479685.845	5.2576
275286.287	3479685.927	5.2577
275286.159	3479686.008	5.2578
275286.031	3479686.091	5.2579
275285.902	3479686.173	5.2581
275285.774	3479686.256	5.2582
275285.644	3479686.338	5.2584
275285.515	3479686.421	5.2587
275285.384	3479686.505	5.2589
275285.254	3479686.589	5.2590
275285.123	3479686.674	5.2592
275284.992	3479686.759	5.2594
275284.861	3479686.843	5.2596
275284.728	3479686.928	5.2598
275284.596	3479687.013	5.2600
275284.462	3479687.098	5.2603
275284.328	3479687.184	5.2606
275284.194	3479687.270	5.2609
275284.060	3479687.356	5.2612
275283.925	3479687.443	5.2615
275283.790	3479687.531	5.2616
275283.654	3479687.619	5.2617
275283.518	3479687.708	5.2618
275283.382	3479687.798	5.2619
275283.245	3479687.887	5.2621
275283.108	3479687.977	5.2624
275282.969	3479688.067	5.2627
275282.830	3479688.157	5.2629
275282.690	3479688.248	5.2631
275282.549	3479688.339	5.2633
275282.409	3479688.430	5.2636
275282.268	3479688.522	5.2638
275282.126	3479688.614	5.2640
275281.984	3479688.706	5.2641
275281.841	3479688.799	5.2643
275281.699	3479688.892	5.2645
275281.556	3479688.986	5.2646
275281.412	3479689.080	5.2648
275281.268	3479689.175	5.2649
275281.123	3479689.270	5.2650
275280.978	3479689.364	5.2653
275280.832	3479689.460	5.2656
275280.686	3479689.555	5.2658
275280.539	3479689.651	5.2660
275280.392	3479689.747	5.2662
275280.244	3479689.844	5.2664
275280.096	3479689.941	5.2667
275279.947	3479690.038	5.2670
275279.798	3479690.136	5.2672
275279.649	3479690.234	5.2674
275279.499	3479690.332	5.2677
275279.348	3479690.430	5.2680
275279.198	3479690.529	5.2683
275279.046	3479690.629	5.2685
275278.895	3479690.728	5.2688
275278.743	3479690.829	5.2689
275278.591	3479690.929	5.2690
275278.438	3479691.030	5.2693
275278.285	3479691.131	5.2695
275278.132	3479691.232	5.2697
275277.978	3479691.333	5.2699
275277.823	3479691.434	5.2700
275277.669	3479691.536	5.2702
275277.513	3479691.639	5.2702
275277.358	3479691.742	5.2701
275277.203	3479691.845	5.2700
275277.048	3479691.947	5.2699
275276.892	3479692.050	5.2697
275276.735	3479692.152	5.2695
275276.578	3479692.255	5.2695
275276.421	3479692.358	5.2695
275276.264	3479692.462	5.2695
275276.106	3479692.566	5.2692
275275.948	3479692.670	5.2689
275275.789	3479692.774	5.2686
275275.630	3479692.878	5.2685
275275.471	3479692.983	5.2682
275275.310	3479693.087	5.2679
275275.150	3479693.192	5.2676
275274.989	3479693.296	5.2673
275274.828	3479693.401	5.2671
275274.667	3479693.507	5.2668
275274.505	3479693.612	5.2665
275274.343	3479693.719	5.2662
275274.180	3479693.825	5.2659
275274.017	3479693.931	5.2656
275273.853	3479694.037	5.2654
275273.689	3479694.143	5.2650
275273.524	3479694.249	5.2647
275273.359	3479694.356	5.2645
275273.195	3479694.462	5.2643
275273.030	3479694.570	5.2641
275272.866	3479694.677	5.2638
275272.701	3479694.784	5.2634
275272.537	3479694.890	5.2631
275272.373	3479694.996	5.2630
275272.208	3479695.101	5.2629
275272.044	3479695.205	5.2629
275271.881	3479695.309	5.2629
275271.719	3479695.413	5.2628
275271.557	3479695.517	5.2626
275271.397	3479695.622	5.2623
275271.237	3479695.726	5.2620
275271.078	3479695.829	5.2617
275270.920	3479695.931	5.2615
275270.763	3479696.033	5.2616
275270.606	3479696.133	5.2616
275270.451	3479696.234	5.2616
275270.296	3479696.334	5.2616
275270.142	3479696.433	5.2615
275269.990	3479696.533	5.2614
275269.839	3479696.632	5.2614
275269.687	3479696.730	5.2613
275269.537	3479696.828	5.2612
275269.388	3479696.925	5.2612
275269.238	3479697.021	5.2612
275269.090	3479697.117	5.2613
275268.941	3479697.213	5.2612
275268.792	3479697.310	5.2611
275268.643	3479697.406	5.2611
275268.495	3479697.503	5.2611
275268.346	3479697.601	5.2610
275268.197	3479697.698	5.2609
275268.047	3479697.795	5.2607
275267.898	3479697.892	5.2606
275267.747	3479697.989	5.2606
275267.596	3479698.086	5.2606
275267.444	3479698.184	5.2606
275267.293	3479698.281	5.2606
275267.141	3479698.379	5.2606
275266.989	3479698.477	5.2605
275266.837	3479698.576	5.2605
275266.685	3479698.675	5.2604
275266.532	3479698.774	5.2604
275266.379	3479698.873	5.2603
275266.226	3479698.972	5.2603
275266.072	3479699.070	5.2604
275265.917	3479699.169	5.2605
275265.763	3479699.267	5.2607
275265.608	3479699.366	5.2608
275265.453	3479699.466	5.2608
275265.298	3479699.566	5.2608
275265.143	3479699.667	5.2606
275264.988	3479699.767	5.2605
275264.833	3479699.868	5.2605
275264.677	3479699.969	5.2606
275264.521	3479700.069	5.2607
275264.365	3479700.169	5.2608
275264.209	3479700.268	5.2608
275264.053	3479700.368	5.2608
275263.897	3479700.468	5.2609
275263.741	3479700.567	5.2610
275263.586	3479700.667	5.2610
275263.431	3479700.766	5.2609
275263.277	3479700.866	5.2607
275263.123	3479700.964	5.2608
275262.970	3479701.062	5.2607
275262.817	3479701.160	5.2603
275262.665	3479701.257	5.2601
275262.514	3479701.355	5.2601
275262.364	3479701.451	5.2598
275262.214	3479701.548	5.2594
275262.065	3479701.644	5.2589
275261.917	3479701.739	5.2586
275261.770	3479701.833	5.2583
275261.623	3479701.927	5.2580
275261.477	3479702.021	5.2576
275261.331	3479702.115	5.2572
275261.187	3479702.207	5.2571
275261.043	3479702.298	5.2570
275260.900	3479702.390	5.2567
275260.758	3479702.482	5.2563
275260.616	3479702.573	5.2558
275260.476	3479702.663	5.2552
275260.336	3479702.753	5.2547
275260.197	3479702.842	5.2543
275260.058	3479702.931	5.2537
275259.920	3479703.019	5.2530
275259.783	3479703.106	5.2524
275259.646	3479703.192	5.2518
275259.510	3479703.278	5.2510
275259.375	3479703.364	5.2502
275259.241	3479703.449	5.2493
275259.108	3479703.534	5.2483
275258.975	3479703.618	5.2472
275258.844	3479703.701	5.2460
275258.713	3479703.782	5.2449
275258.584	3479703.863	5.2436
275258.455	3479703.943	5.2422
275258.326	3479704.022	5.2407
275258.198	3479704.101	5.2393
275258.071	3479704.180	5.2377
275257.944	3479704.258	5.2361
275257.819	3479704.335	5.2345
275257.693	3479704.411	5.2327
275257.569	3479704.487	5.2308
275257.444	3479704.562	5.2288
275257.320	3479704.636	5.2269
275257.197	3479704.709	5.2251
275257.074	3479704.782	5.2233
275256.952	3479704.854	5.2215
275256.830	3479704.925	5.2196
275256.710	3479704.996	5.2178
275256.589	3479705.067	5.2159
275256.470	3479705.137	5.2140
275256.349	3479705.208	5.2121
275256.227	3479705.278	5.2101
275256.105	3479705.348	5.2080
275255.982	3479705.417	5.2058
275255.859	3479705.486	5.2036
275255.736	3479705.556	5.2015
275255.612	3479705.625	5.1994
275255.487	3479705.694	5.1972
275255.362	3479705.763	5.1950
275255.237	3479705.832	5.1930
275255.111	3479705.901	5.1909
275254.984	3479705.969	5.1887
275254.857	3479706.039	5.1864
275254.730	3479706.107	5.1843
275254.603	3479706.176	5.1821
275254.474	3479706.244	5.1798
275254.346	3479706.313	5.1776
275254.217	3479706.381	5.1753
275254.087	3479706.449	5.1729
275253.957	3479706.516	5.1703
275253.826	3479706.584	5.1677
275253.696	3479706.651	5.1650
275253.565	3479706.719	5.1623
275253.433	3479706.786	5.1597
275253.301	3479706.854	5.1570
275253.169	3479706.922	5.1541
275253.036	3479706.990	5.1510
275252.903	3479707.057	5.1481
275252.769	3479707.124	5.1451
275252.634	3479707.190	5.1419
275252.499	3479707.255	5.1386
275252.364	3479707.321	5.1354
275252.228	3479707.386	5.1322
275252.091	3479707.451	5.1292
275251.955	3479707.515	5.1261
275251.818	3479707.579	5.1229
275251.679	3479707.643	5.1197
275251.541	3479707.706	5.1164
275251.402	3479707.769	5.1132
275251.263	3479707.833	5.1098
275251.123	3479707.895	5.1064
275250.983	3479707.958	5.1029
275250.842	3479708.019	5.0995
275250.700	3479708.081	5.0959
275250.558	3479708.141	5.0923
275250.415	3479708.202	5.0885
275250.272	3479708.261	5.0848
275250.128	3479708.321	5.0812
275249.983	3479708.379	5.0773
275249.839	3479708.437	5.0731
275249.694	3479708.496	5.0687
275249.548	3479708.554	5.0643
275249.402	3479708.611	5.0600
275249.255	3479708.667	5.0556
275249.109	3479708.723	5.0510
275248.961	3479708.778	5.0463
275248.813	3479708.833	5.0417
275248.665	3479708.887	5.0372
275248.516	3479708.941	5.0327
275248.366	3479708.994	5.0283
275248.216	3479709.048	5.0237
275248.067	3479709.100	5.0191
275247.917	3479709.152	5.0144
275247.767	3479709.203	5.0096
275247.616	3479709.253	5.0049
275247.464	3479709.302	5.0001
275247.312	3479709.352	4.9951
275247.160	3479709.400	4.9900
275247.007	3479709.448	4.9850
275246.853	3479709.495	4.9802
275246.699	3479709.542	4.9753
275246.545	3479709.588	4.9704
275246.390	3479709.634	4.9653
275246.234	3479709.679	4.9599
275246.078	3479709.723	4.9545
275245.922	3479709.766	4.9492
275245.765	3479709.809	4.9440
275245.606	3479709.850	4.9386
275245.448	3479709.891	4.9331
275245.289	3479709.932	4.9278
275245.129	3479709.971	4.9226
275244.968	3479710.009	4.9174
275244.806	3479710.046	4.9119
275244.643	3479710.083	4.9063
275244.480	3479710.119	4.9006
275244.317	3479710.154	4.8950
275244.153	3479710.187	4.8894
275243.988	3479710.219	4.8837
275243.823	3479710.251	4.8779
275243.657	3479710.282	4.8719
275243.491	3479710.312	4.8661
275243.324	3479710.342	4.8604
275243.157	3479710.370	4.8547
275242.988	3479710.398	4.8488
275242.820	3479710.425	4.8429
275242.651	3479710.450	4.8368
275242.481	3479710.475	4.8308
275242.311	3479710.499	4.8249
275242.140	3479710.522	4.8190
275241.969	3479710.544	4.8130
275241.798	3479710.565	4.8068
275241.627	3479710.585	4.8008
275241.456	3479710.603	4.7948
275241.283	3479710.620	4.7888
275241.111	3479710.636	4.7828
275240.937	3479710.651	4.7768
275240.764	3479710.665	4.7707
275240.590	3479710.678	4.7647
275240.415	3479710.690	4.7586
275240.240	3479710.702	4.7522
275240.064	3479710.712	4.7456
275239.888	3479710.722	4.7390
275239.712	3479710.730	4.7324
275239.535	3479710.737	4.7258
275239.358	3479710.743	4.7189
275239.180	3479710.748	4.7118
275239.002	3479710.751	4.7046
275238.823	3479710.753	4.6974
275238.644	3479710.753	4.6904
275238.464	3479710.752	4.6834
275238.284	3479710.751	4.6765
275238.104	3479710.749	4.6696
275237.923	3479710.745	4.6627
275237.741	3479710.740	4.6557
275237.560	3479710.734	4.6486
275237.378	3479710.726	4.6415
275237.195	3479710.718	4.6343
275237.013	3479710.709	4.6271
275236.830	3479710.699	4.6197
275236.646	3479710.687	4.6122
275236.462	3479710.674	4.6045
275236.279	3479710.660	4.5969
275236.095	3479710.644	4.5894
275235.911	3479710.625	4.5821
275235.727	3479710.605	4.5748
275235.542	3479710.583	4.5676
275235.357	3479710.560	4.5603
275235.173	3479710.536	4.5530
275234.988	3479710.510	4.5456
275234.802	3479710.484	4.5382
275234.617	3479710.456	4.5306
275234.433	3479710.427	4.5231
275234.248	3479710.396	4.5157
275234.063	3479710.364	4.5083
275233.877	3479710.330	4.5009
275233.692	3479710.294	4.4934
275233.507	3479710.258	4.4858
275233.323	3479710.220	4.4783
275233.138	3479710.181	4.4708
275232.954	3479710.140	4.4633
275232.771	3479710.097	4.4557
275232.588	3479710.054	4.4482
275232.406	3479710.009	4.4408
275232.225	3479709.963	4.4334
275232.045	3479709.915	4.4258
275231.866	3479709.866	4.4182
275231.688	3479709.817	4.4107
275231.510	3479709.766	4.4031
275231.334	3479709.714	4.3955
275231.159	3479709.662	4.3882
275230.984	3479709.608	4.3811
275230.810	3479709.553	4.3737
275230.637	3479709.496	4.3662
275230.466	3479709.439	4.3587
275230.295	3479709.379	4.3514
275230.127	3479709.319	4.3442
275229.959	3479709.259	4.3369
275229.792	3479709.197	4.3295
275229.627	3479709.135	4.3221
275229.462	3479709.072	4.3148
275229.299	3479709.008	4.3074
275229.137	3479708.944	4.3001
275228.975	3479708.878	4.2928
275228.814	3479708.810	4.2855
275228.655	3479708.741	4.2783
275228.495	3479708.671	4.2713
275228.335	3479708.599	4.2642
275228.175	3479708.527	4.2569
275228.015	3479708.453	4.2496
275227.854	3479708.379	4.2424
275227.695	3479708.303	4.2350
275227.536	3479708.227	4.2278
275227.377	3479708.149	4.2205
275227.219	3479708.069	4.2133
275227.061	3479707.987	4.2065
275226.903	3479707.904	4.1999
275226.745	3479707.820	4.1933
275226.587	3479707.735	4.1866
275226.428	3479707.649	4.1797
275226.269	3479707.562	4.1728
275226.110	3479707.474	4.1659
275225.951	3479707.385	4.1591
275225.793	3479707.293	4.1520
275225.634	3479707.200	4.1448
275225.477	3479707.105	4.1375
275225.319	3479707.007	4.1304
275225.162	3479706.909	4.1233
275225.005	3479706.810	4.1160
275224.847	3479706.709	4.1087
275224.690	3479706.607	4.1013
275224.532	3479706.504	4.0940
275224.374	3479706.398	4.0865
275224.216	3479706.291	4.0790
275224.060	3479706.182	4.0713
275223.903	3479706.071	4.0638
275223.747	3479705.958	4.0564
275223.590	3479705.845	4.0489
275223.435	3479705.729	4.0414
275223.279	3479705.612	4.0337
275223.124	3479705.494	4.0260
275222.969	3479705.374	4.0184
275222.814	3479705.252	4.0107
275222.660	3479705.129	4.0030
275222.506	3479705.003	3.9952
275222.353	3479704.876	3.9875
275222.200	3479704.747	3.9798
275222.047	3479704.617	3.9721
275221.895	3479704.486	3.9644
275221.743	3479704.353	3.9568
275221.591	3479704.218	3.9490
275221.441	3479704.083	3.9411
275221.291	3479703.946	3.9333
275221.143	3479703.807	3.9256
275220.995	3479703.668	3.9181
275220.849	3479703.526	3.9105
275220.703	3479703.384	3.9029
275220.558	3479703.240	3.8952
275220.413	3479703.095	3.8874
275220.269	3479702.949	3.8796
275220.127	3479702.803	3.8721
275219.985	3479702.654	3.8646
275219.845	3479702.505	3.8570
275219.705	3479702.354	3.8492
275219.567	3479702.202	3.8416
275219.430	3479702.048	3.8341
275219.294	3479701.893	3.8267
275219.159	3479701.737	3.8193
275219.025	3479701.580	3.8120
275218.892	3479701.422	3.8046
275218.759	3479701.263	3.7971
275218.628	3479701.103	3.7895
275218.499	3479700.941	3.7821
275218.372	3479700.778	3.7750
275218.246	3479700.614	3.7680
275218.120	3479700.449	3.7609
275217.996	3479700.283	3.7538
275217.872	3479700.116	3.7467
275217.750	3479699.948	3.7396
275217.629	3479699.779	3.7326
275217.508	3479699.609	3.7256
275217.389	3479699.438	3.7188
275217.271	3479699.266	3.7121
275217.154	3479699.093	3.7054
275217.037	3479698.919	3.6986
275216.922	3479698.745	3.6917
275216.809	3479698.569	3.6851
275216.696	3479698.392	3.6786
275216.585	3479698.215	3.6721
275216.474	3479698.037	3.6657
275216.365	3479697.858	3.6594
275216.256	3479697.678	3.6533
275216.147	3479697.497	3.6473
275216.040	3479697.316	3.6412
275215.933	3479697.134	3.6352
275215.828	3479696.951	3.6293
275215.723	3479696.767	3.6235
275215.620	3479696.582	3.6178
275215.517	3479696.397	3.6123
275215.416	3479696.211	3.6071
275215.315	3479696.024	3.6021
275215.215	3479695.836	3.5973
275215.116	3479695.648	3.5928
275215.018	3479695.460	3.5887
275214.921	3479695.271	3.5849
275214.824	3479695.081	3.5813
275214.728	3479694.891	3.5780
275214.632	3479694.701	3.5751
275214.537	3479694.510	3.5725
275214.442	3479694.318	3.5700
275214.348	3479694.127	3.5677
275214.255	3479693.935	3.5654
275214.161	3479693.742	3.5631
275214.068	3479693.549	3.5608
275213.975	3479693.356	3.5584
275213.883	3479693.162	3.5562
275213.792	3479692.968	3.5542
275213.700	3479692.774	3.5525
275213.609	3479692.579	3.5508
275213.518	3479692.384	3.5492
275213.428	3479692.189	3.5479
275213.337	3479691.994	3.5468
275213.247	3479691.798	3.5458
275213.157	3479691.603	3.5452
275213.067	3479691.407	3.5450
275212.978	3479691.211	3.5453
275212.888	3479691.015	3.5457
275212.797	3479690.819	3.5461
275212.707	3479690.623	3.5464
275212.616	3479690.427	3.5466
275212.524	3479690.231	3.5468
275212.434	3479690.035	3.5469
275212.344	3479689.839	3.5470
275212.254	3479689.643	3.5473
275212.165	3479689.446	3.5479
275212.075	3479689.250	3.5484
275211.985	3479689.053	3.5488
275211.895	3479688.857	3.5492
275211.805	3479688.660	3.5495
275211.714	3479688.464	3.5498
275211.623	3479688.266	3.5502
275211.532	3479688.069	3.5508
275211.441	3479687.872	3.5517
275211.350	3479687.674	3.5527
275211.258	3479687.475	3.5537
275211.166	3479687.277	3.5548
275211.074	3479687.079	3.5561
275210.981	3479686.880	3.5574
275210.887	3479686.681	3.5586
275210.793	3479686.482	3.5600
275210.699	3479686.282	3.5614
275210.604	3479686.082	3.5627
275210.509	3479685.881	3.5640
275210.413	3479685.680	3.5653
275210.316	3479685.479	3.5664
275210.219	3479685.278	3.5675
275210.121	3479685.077	3.5685
275210.024	3479684.875	3.5696
275209.926	3479684.673	3.5707
275209.827	3479684.470	3.5719
275209.728	3479684.268	3.5729
275209.629	3479684.065	3.5736
275209.529	3479683.862	3.5742
275209.430	3479683.658	3.5746
275209.330	3479683.454	3.5749
275209.230	3479683.250	3.5752
275209.129	3479683.046	3.5756
275209.029	3479682.842	3.5758
275208.927	3479682.637	3.5759
275208.825	3479682.433	3.5757
275208.723	3479682.227	3.5756
275208.621	3479682.021	3.5752
275208.519	3479681.815	3.5749
275208.417	3479681.608	3.5746
275208.315	3479681.400	3.5744
275208.212	3479681.193	3.5741
275208.108	3479680.984	3.5738
275208.004	3479680.775	3.5733
275207.900	3479680.566	3.5728
275207.795	3479680.356	3.5723
275207.691	3479680.146	3.5719
275207.587	3479679.936	3.5714
275207.483	3479679.724	3.5711
275207.380	3479679.511	3.5708
275207.276	3479679.298	3.5704
275207.172	3479679.084	3.5701
275207.068	3479678.870	3.5696
275206.963	3479678.656	3.5690
275206.857	3479678.442	3.5684
275206.751	3479678.226	3.5681
275206.646	3479678.010	3.5680
275206.541	3479677.794	3.5679
275206.436	3479677.577	3.5677
275206.331	3479677.360	3.5674
275206.226	3479677.142	3.5669
275206.119	3479676.925	3.5663
275206.013	3479676.706	3.5660
275205.906	3479676.488	3.5657
275205.800	3479676.269	3.5655
275205.693	3479676.049	3.5651
275205.586	3479675.829	3.5645
275205.480	3479675.609	3.5639
275205.374	3479675.388	3.5631
275205.267	3479675.166	3.5624
275205.161	3479674.944	3.5619
275205.054	3479674.721	3.5614
275204.947	3479674.498	3.5608
275204.840	3479674.275	3.5601
275204.732	3479674.051	3.5593
275204.625	3479673.827	3.5585
275204.518	3479673.603	3.5577
275204.412	3479673.377	3.5572
275204.306	3479673.151	3.5567
275204.199	3479672.924	3.5562
275204.093	3479672.697	3.5556
275203.986	3479672.470	3.5548
275203.880	3479672.242	3.5541
275203.773	3479672.014	3.5534
275203.666	3479671.785	3.5527
275203.559	3479671.556	3.5521
275203.453	3479671.326	3.5516
275203.346	3479671.097	3.5511
275203.239	3479670.866	3.5505
275203.132	3479670.636	3.5499
275203.025	3479670.405	3.5494
275202.918	3479670.174	3.5489
275202.811	3479669.942	3.5485
275202.704	3479669.710	3.5482
275202.597	3479669.477	3.5480
275202.490	3479669.245	3.5477
275202.383	3479669.012	3.5476
275202.276	3479668.778	3.5473
275202.169	3479668.545	3.5473
275202.061	3479668.311	3.5475
275201.953	3479668.077	3.5480
275201.845	3479667.843	3.5483
275201.736	3479667.608	3.5486
275201.627	3479667.373	3.5488
275201.518	3479667.138	3.5490
275201.409	3479666.902	3.5494
275201.300	3479666.667	3.5500
275201.191	3479666.430	3.5507
275201.081	3479666.194	3.5512
275200.971	3479665.957	3.5515
275200.861	3479665.720	3.5518
275200.751	3479665.483	3.5521
275200.640	3479665.246	3.5525
275200.529	3479665.008	3.5530
275200.418	3479664.770	3.5535
275200.306	3479664.532	3.5539
275200.194	3479664.293	3.5542
275200.083	3479664.055	3.5545
275199.971	3479663.816	3.5549
275199.859	3479663.577	3.5553
275199.747	3479663.338	3.5559
275199.635	3479663.099	3.5563
275199.522	3479662.859	3.5565
275199.409	3479662.619	3.5566
275199.296	3479662.380	3.5567
275199.183	3479662.140	3.5568
275199.069	3479661.899	3.5570
275198.956	3479661.659	3.5572
275198.842	3479661.418	3.5575
275198.728	3479661.177	3.5576
275198.614	3479660.936	3.5577
275198.500	3479660.695	3.5578
275198.386	3479660.454	3.5579
275198.271	3479660.212	3.5581
275198.157	3479659.970	3.5584
275198.043	3479659.728	3.5586
275197.928	3479659.486	3.5588
275197.813	3479659.244	3.5590
275197.697	3479659.002	3.5591
275197.581	3479658.759	3.5591
275197.466	3479658.517	3.5593
275197.350	3479658.274	3.5596
275197.234	3479658.031	3.5598
275197.118	3479657.788	3.5599
275197.002	3479657.544	3.5600
275196.885	3479657.301	3.5600
275196.769	3479657.058	3.5601
275196.652	3479656.814	3.5603
275196.536	3479656.570	3.5604
275196.420	3479656.326	3.5603
275196.303	3479656.082	3.5600
275196.186	3479655.838	3.5595
275196.070	3479655.593	3.5589
275195.953	3479655.349	3.5585
275195.837	3479655.104	3.5583
275195.720	3479654.860	3.5582
275195.604	3479654.615	3.5579
275195.488	3479654.370	3.5576
275195.371	3479654.125	3.5571
275195.255	3479653.880	3.5567
275195.139	3479653.635	3.5565
275195.023	3479653.390	3.5564
275194.908	3479653.145	3.5562
275194.792	3479652.901	3.5559
275194.676	3479652.656	3.5555
275194.560	3479652.412	3.5551
275194.445	3479652.168	3.5548
275194.330	3479651.924	3.5547
275194.215	3479651.679	3.5548
275194.100	3479651.435	3.5547
275193.985	3479651.191	3.5545
275193.871	3479650.948	3.5544
275193.755	3479650.704	3.5543
275193.640	3479650.460	3.5541
275193.525	3479650.216	3.5541
275193.411	3479649.972	3.5542
275193.296	3479649.728	3.5542
275193.181	3479649.484	3.5543
275193.067	3479649.240	3.5542
275192.953	3479648.996	3.5541
275192.838	3479648.752	3.5541
275192.724	3479648.507	3.5541
275192.610	3479648.263	3.5542
275192.495	3479648.018	3.5541
275192.381	3479647.774	3.5539
275192.266	3479647.530	3.5538
275192.151	3479647.286	3.5537
275192.037	3479647.041	3.5539
275191.923	3479646.796	3.5541
275191.809	3479646.552	3.5543
275191.695	3479646.308	3.5542
275191.580	3479646.064	3.5541
275191.466	3479645.821	3.5541
275191.352	3479645.579	3.5540
275191.239	3479645.337	3.5541
275191.126	3479645.096	3.5542
275191.013	3479644.855	3.5542
275190.902	3479644.616	3.5539
275190.790	3479644.377	3.5538
275190.680	3479644.139	3.5536
275190.570	3479643.902	3.5535
275190.461	3479643.667	3.5534
275190.353	3479643.434	3.5533
275190.245	3479643.202	3.5531
275190.138	3479642.972	3.5529
275190.032	3479642.744	3.5527
275189.928	3479642.517	3.5524
275189.824	3479642.293	3.5521
275189.721	3479642.070	3.5521
275189.620	3479641.849	3.5520
275189.519	3479641.630	3.5519
275189.418	3479641.413	3.5517
275189.319	3479641.198	3.5515
275189.221	3479640.985	3.5513
275189.124	3479640.774	3.5510
275189.029	3479640.566	3.5509
275188.934	3479640.360	3.5510
275188.840	3479640.156	3.5507
275188.746	3479639.956	3.5505
275188.653	3479639.758	3.5501
275188.561	3479639.563	3.5499
275188.470	3479639.370	3.5497
275188.381	3479639.179	3.5495
275188.293	3479638.991	3.5495
275188.207	3479638.806	3.5495
275188.122	3479638.624	3.5496
275188.038	3479638.444	3.5495
275187.955	3479638.267	3.5492
275187.874	3479638.093	3.5490
275187.794	3479637.922	3.5489
275187.715	3479637.754	3.5489
275187.638	3479637.589	3.5486
275187.562	3479637.427	3.5485
275187.488	3479637.268	3.5486
275187.416	3479637.112	3.5488
275187.345	3479636.959	3.5487
275187.274	3479636.810	3.5485
275187.206	3479636.663	3.5481
275187.139	3479636.519	3.5479
275187.073	3479636.377	3.5480
275187.009	3479636.238	3.5480
275186.946	3479636.102	3.5477
275186.884	3479635.969	3.5474
275186.823	3479635.838	3.5473
275186.764	3479635.709	3.5473
275186.705	3479635.582	3.5474
275186.647	3479635.457	3.5473
275186.589	3479635.333	3.5471
275186.533	3479635.210	3.5469
275186.476	3479635.089	3.5467
275186.421	3479634.969	3.5466
275186.366	3479634.850	3.5466
275186.312	3479634.732	3.5466
275186.258	3479634.615	3.5464
275186.204	3479634.500	3.5461
275186.151	3479634.385	3.5459
275186.099	3479634.271	3.5458
275186.047	3479634.158	3.5460
275185.995	3479634.045	3.5459
275185.944	3479633.933	3.5458
275185.892	3479633.821	3.5457
275185.842	3479633.710	3.5456
275185.791	3479633.600	3.5455
275185.742	3479633.490	3.5454
275185.692	3479633.382	3.5453
275185.643	3479633.274	3.5453
275185.594	3479633.168	3.5453
275185.546	3479633.063	3.5453
275185.499	3479632.959	3.5452
275185.452	3479632.857	3.5451
275185.407	3479632.757	3.5449
275185.362	3479632.658	3.5447
275185.318	3479632.562	3.5447
275185.276	3479632.467	3.5450
275185.233	3479632.374	3.5452
275185.192	3479632.283	3.5451
275185.110	3479632.107	3.5446
275185.032	3479631.940	3.5446
275184.959	3479631.781	3.5444
275184.889	3479631.631	3.5442
275184.823	3479631.492	3.5442
275184.762	3479631.363	3.5441
275184.707	3479631.245	3.5437
275184.656	3479631.137	3.5437
275184.611	3479631.041	3.5436
275184.551	3479630.916	3.5437
275184.505	3479630.815	3.5437
275184.460	3479630.717	3.5436
275184.434	3479630.619	3.5447
275184.392	3479630.525	3.5447
275184.345	3479630.421	3.5447
275184.303	3479630.329	3.5446
275184.251	3479630.215	3.5445
275184.191	3479630.079	3.5443
275184.145	3479629.978	3.5443
275184.096	3479629.869	3.5443
275184.043	3479629.752	3.5442
275183.987	3479629.628	3.5440
275183.928	3479629.497	3.5439
275183.866	3479629.359	3.5439
275183.801	3479629.214	3.5438
275183.731	3479629.065	3.5441
275183.659	3479628.910	3.5440
275183.584	3479628.750	3.5440
275183.507	3479628.585	3.5439
275183.429	3479628.416	3.5439
275183.349	3479628.246	3.5439
275183.270	3479628.075	3.5437
275183.190	3479627.904	3.5436
275183.109	3479627.731	3.5435
275183.029	3479627.559	3.5437
275182.950	3479627.384	3.5435
275182.871	3479627.208	3.5437
275182.792	3479627.032	3.5441
275182.713	3479626.856	3.5447
275182.633	3479626.679	3.5451
275182.553	3479626.501	3.5450
275182.473	3479626.322	3.5452
275182.393	3479626.143	3.5460
275182.312	3479625.964	3.5463
275182.230	3479625.784	3.5456
275182.148	3479625.604	3.5456
275182.065	3479625.424	3.5465
275181.981	3479625.244	3.5469
275181.897	3479625.064	3.5471
275181.812	3479624.883	3.5472
275181.729	3479624.701	3.5473
275181.687	3479624.610	3.5473
275181.645	3479624.519	3.5473
275181.602	3479624.428	3.5473
275181.560	3479624.337	3.5474
275181.517	3479624.246	3.5475
275181.475	3479624.155	3.5477
275181.433	3479624.063	3.5478
275181.391	3479623.972	3.5478
275181.348	3479623.879	3.5478
275181.305	3479623.787	3.5479
275181.262	3479623.694	3.5480
275181.219	3479623.601	3.5481
275181.176	3479623.508	3.5481
275181.133	3479623.415	3.5480
275181.091	3479623.322	3.5481
275181.048	3479623.229	3.5482
275181.005	3479623.137	3.5482
275180.962	3479623.044	3.5482
275180.919	3479622.952	3.5481
275180.876	3479622.860	3.5481
275180.834	3479622.768	3.5481
275180.792	3479622.676	3.5483
275180.750	3479622.585	3.5485
275180.667	3479622.405	3.5486
275180.584	3479622.227	3.5487
275180.504	3479622.053	3.5488
275180.426	3479621.885	3.5489
275180.349	3479621.720	3.5489
275180.273	3479621.558	3.5491
275180.200	3479621.401	3.5491
275180.129	3479621.248	3.5492
275180.061	3479621.101	3.5494
275179.994	3479620.958	3.5496
275179.930	3479620.820	3.5497
275179.869	3479620.688	3.5498
275179.810	3479620.562	3.5499
275179.754	3479620.443	3.5499
275179.703	3479620.332	3.5499
275179.657	3479620.232	3.5499
275179.598	3479620.106	3.5499
275179.553	3479620.010	3.5500
275179.511	3479619.918	3.5501
275179.469	3479619.812	3.5497
275179.424	3479619.716	3.5497
275179.379	3479619.620	3.5497
275179.325	3479619.503	3.5496
275179.262	3479619.367	3.5497
275179.217	3479619.266	3.5496
275179.168	3479619.158	3.5496
275179.116	3479619.042	3.5496
275179.060	3479618.920	3.5496
275179.002	3479618.791	3.5498
275178.942	3479618.656	3.5498
275178.878	3479618.516	3.5499
275178.811	3479618.369	3.5501
275178.742	3479618.217	3.5504
275178.672	3479618.060	3.5507
275178.599	3479617.899	3.5511
275178.524	3479617.733	3.5516
275178.447	3479617.562	3.5522
275178.368	3479617.387	3.5528
275178.286	3479617.208	3.5532
275178.203	3479617.025	3.5537
275178.161	3479616.933	3.5539
275178.118	3479616.840	3.5542
275178.076	3479616.747	3.5545
275178.034	3479616.654	3.5549
275177.991	3479616.560	3.5551
275177.948	3479616.467	3.5552
275177.906	3479616.374	3.5554
275177.862	3479616.281	3.5558
275177.819	3479616.188	3.5561
275177.776	3479616.095	3.5565
275177.732	3479616.002	3.5567
275177.688	3479615.909	3.5569
275177.645	3479615.816	3.5572
275177.601	3479615.724	3.5575
275177.557	3479615.631	3.5577
275177.513	3479615.538	3.5578
275177.469	3479615.445	3.5578
275177.425	3479615.352	3.5579
275177.382	3479615.259	3.5580
275177.338	3479615.167	3.5581
275177.294	3479615.074	3.5583
275177.250	3479614.981	3.5583
275177.206	3479614.888	3.5583
275177.162	3479614.796	3.5582
275177.119	3479614.703	3.5583
275177.075	3479614.610	3.5583
275177.031	3479614.517	3.5582
275176.987	3479614.425	3.5582
275176.941	3479614.332	3.5579
275176.896	3479614.240	3.5576
275176.850	3479614.148	3.5573
275176.805	3479614.055	3.5571
275176.759	3479613.963	3.5569
275176.714	3479613.871	3.5566
275176.669	3479613.780	3.5562
275176.625	3479613.689	3.5559
275176.538	3479613.512	3.5558
275176.454	3479613.342	3.5557
275176.373	3479613.178	3.5553
275176.295	3479613.022	3.5552
275176.222	3479612.872	3.5554
275176.154	3479612.733	3.5554
275176.091	3479612.603	3.5554
275176.033	3479612.487	3.5555
275175.982	3479612.383	3.5554
275175.937	3479612.291	3.5553
275175.882	3479612.181	3.5553
275175.830	3479612.080	3.5552
275175.791	3479611.976	3.5554
275175.739	3479611.868	3.5554
275175.690	3479611.765	3.5558
275175.628	3479611.633	3.5561
275175.579	3479611.531	3.5565
275175.526	3479611.418	3.5566
275175.467	3479611.295	3.5570
275175.403	3479611.161	3.5572
275175.335	3479611.019	3.5573
275175.264	3479610.867	3.5576
275175.189	3479610.706	3.5577
275175.110	3479610.538	3.5579
275175.027	3479610.362	3.5582
275174.985	3479610.271	3.5582
275174.941	3479610.178	3.5582
275174.896	3479610.084	3.5582
275174.851	3479609.988	3.5582
275174.805	3479609.890	3.5582
275174.758	3479609.791	3.5581
275174.710	3479609.690	3.5581
275174.662	3479609.587	3.5582
275174.613	3479609.483	3.5582
275174.564	3479609.378	3.5583
275174.514	3479609.272	3.5583
275174.463	3479609.164	3.5584
275174.411	3479609.055	3.5587
275174.359	3479608.946	3.5586
275174.306	3479608.836	3.5586
275174.252	3479608.724	3.5587
275174.198	3479608.611	3.5588
275174.143	3479608.497	3.5588
275174.088	3479608.383	3.5588
275174.032	3479608.267	3.5588
275173.976	3479608.150	3.5586
275173.919	3479608.032	3.5585
275173.862	3479607.913	3.5586
275173.805	3479607.793	3.5587
275173.747	3479607.672	3.5588
275173.688	3479607.549	3.5588
275173.628	3479607.426	3.5587
275173.568	3479607.302	3.5586
275173.508	3479607.177	3.5584
275173.448	3479607.051	3.5582
275173.386	3479606.923	3.5580
275173.325	3479606.794	3.5577
275173.263	3479606.664	3.5573
275173.201	3479606.532	3.5570
275173.139	3479606.400	3.5567
275173.076	3479606.266	3.5565
275173.013	3479606.131	3.5564
275172.949	3479605.995	3.5563
275172.884	3479605.857	3.5562
275172.820	3479605.719	3.5560
275172.754	3479605.580	3.5557
275172.688	3479605.440	3.5554
275172.622	3479605.299	3.5552
275172.555	3479605.156	3.5551
275172.488	3479605.013	3.5549
275172.421	3479604.868	3.5546
275172.352	3479604.723	3.5543
275172.284	3479604.576	3.5541
275172.215	3479604.428	3.5540
275172.146	3479604.280	3.5539
275172.076	3479604.130	3.5539
275172.006	3479603.979	3.5536
275171.935	3479603.828	3.5531
275171.864	3479603.676	3.5528
275171.793	3479603.523	3.5526
275171.722	3479603.369	3.5525
275171.650	3479603.214	3.5522
275171.578	3479603.058	3.5519
275171.506	3479602.900	3.5517
275171.433	3479602.742	3.5516
275171.360	3479602.583	3.5516
275171.286	3479602.422	3.5514
275171.211	3479602.261	3.5511
275171.136	3479602.099	3.5508
275171.061	3479601.936	3.5505
275170.985	3479601.772	3.5503
275170.909	3479601.607	3.5501
275170.833	3479601.441	3.5497
275170.756	3479601.274	3.5495
275170.679	3479601.106	3.5493
275170.601	3479600.937	3.5492
275170.523	3479600.766	3.5490
275170.444	3479600.596	3.5489
275170.364	3479600.424	3.5486
275170.284	3479600.251	3.5483
275170.203	3479600.078	3.5480
275170.122	3479599.903	3.5478
275170.041	3479599.727	3.5475
275169.960	3479599.551	3.5473
275169.878	3479599.373	3.5472
275169.795	3479599.194	3.5471
275169.712	3479599.014	3.5470
275169.629	3479598.834	3.5467
275169.545	3479598.653	3.5463
275169.461	3479598.471	3.5460
275169.377	3479598.287	3.5457
275169.292	3479598.103	3.5453
275169.207	3479597.918	3.5450
275169.122	3479597.732	3.5448
275169.036	3479597.545	3.5447
275168.950	3479597.358	3.5444
275168.863	3479597.169	3.5440
275168.776	3479596.980	3.5436
275168.690	3479596.789	3.5433
275168.603	3479596.597	3.5431
275168.517	3479596.405	3.5428
275168.431	3479596.211	3.5427
275168.345	3479596.017	3.5426
275168.257	3479595.821	3.5425
275168.169	3479595.626	3.5422
275168.081	3479595.429	3.5419
275167.992	3479595.232	3.5415
275167.903	3479595.034	3.5412
275167.814	3479594.835	3.5408
275167.725	3479594.636	3.5406
275167.636	3479594.435	3.5405
275167.546	3479594.234	3.5404
275167.456	3479594.032	3.5402
275167.365	3479593.829	3.5398
275167.274	3479593.626	3.5394
275167.183	3479593.422	3.5391
275167.091	3479593.217	3.5388
275167.000	3479593.011	3.5387
275166.907	3479592.805	3.5386
275166.815	3479592.598	3.5387
275166.722	3479592.391	3.5386
275166.629	3479592.182	3.5384
275166.534	3479591.974	3.5382
275166.440	3479591.764	3.5380
275166.346	3479591.554	3.5378
275166.251	3479591.342	3.5377
275166.157	3479591.130	3.5377
275166.062	3479590.918	3.5377
275165.967	3479590.704	3.5377
275165.871	3479590.490	3.5375
275165.774	3479590.276	3.5374
275165.678	3479590.060	3.5372
275165.581	3479589.844	3.5371
275165.484	3479589.627	3.5371
275165.387	3479589.410	3.5371
275165.290	3479589.191	3.5374
275165.192	3479588.972	3.5374
275165.094	3479588.753	3.5373
275164.995	3479588.533	3.5372
275164.896	3479588.312	3.5372
275164.797	3479588.091	3.5373
275164.698	3479587.869	3.5375
275164.599	3479587.646	3.5379
275164.499	3479587.423	3.5382
275164.399	3479587.199	3.5384
275164.297	3479586.974	3.5386
275164.196	3479586.749	3.5387
275164.094	3479586.523	3.5390
275163.993	3479586.297	3.5395
275163.891	3479586.070	3.5401
275163.789	3479585.842	3.5406
275163.686	3479585.614	3.5412
275163.582	3479585.385	3.5417
275163.478	3479585.156	3.5422
275163.374	3479584.926	3.5428
275163.270	3479584.695	3.5434
275163.165	3479584.464	3.5442
275163.060	3479584.232	3.5449
275162.955	3479583.999	3.5456
275162.849	3479583.766	3.5462
275162.743	3479583.532	3.5466
275162.636	3479583.298	3.5470
275162.529	3479583.064	3.5475
275162.421	3479582.829	3.5481
275162.314	3479582.593	3.5488
275162.206	3479582.357	3.5493
275162.097	3479582.120	3.5496
275161.988	3479581.883	3.5498
275161.879	3479581.646	3.5500
275161.769	3479581.408	3.5504
275161.659	3479581.169	3.5508
275161.549	3479580.930	3.5512
275161.438	3479580.690	3.5515
275161.327	3479580.450	3.5516
275161.216	3479580.210	3.5516
275161.105	3479579.968	3.5517
275160.994	3479579.727	3.5518
275160.881	3479579.485	3.5520
275160.769	3479579.243	3.5522
275160.656	3479579.000	3.5523
275160.542	3479578.757	3.5522
275160.429	3479578.513	3.5521
275160.315	3479578.269	3.5520
275160.202	3479578.024	3.5520
275160.088	3479577.779	3.5521
275159.974	3479577.534	3.5523
275159.860	3479577.288	3.5522
275159.745	3479577.041	3.5520
275159.630	3479576.795	3.5518
275159.515	3479576.548	3.5516
275159.400	3479576.300	3.5516
275159.285	3479576.051	3.5517
275159.170	3479575.803	3.5518
275159.055	3479575.554	3.5517
275158.939	3479575.305	3.5515
275158.823	3479575.055	3.5513
275158.707	3479574.805	3.5512
275158.591	3479574.555	3.5512
275158.475	3479574.305	3.5513
275158.359	3479574.054	3.5513
275158.242	3479573.803	3.5511
275158.125	3479573.552	3.5509
275158.008	3479573.300	3.5507
275157.891	3479573.048	3.5506
275157.774	3479572.795	3.5507
275157.657	3479572.542	3.5507
275157.540	3479572.289	3.5506
275157.422	3479572.035	3.5505
275157.305	3479571.781	3.5503
275157.187	3479571.527	3.5502
275157.069	3479571.272	3.5503
275156.951	3479571.017	3.5504
275156.834	3479570.762	3.5504
275156.716	3479570.508	3.5502
275156.598	3479570.254	3.5501
275156.480	3479570.000	3.5499
275156.363	3479569.746	3.5499
275156.246	3479569.493	3.5500
275156.129	3479569.239	3.5501
275156.013	3479568.987	3.5500
275155.897	3479568.735	3.5499
275155.781	3479568.484	3.5498
275155.666	3479568.234	3.5498
275155.552	3479567.984	3.5499
275155.437	3479567.736	3.5501
275155.323	3479567.488	3.5500
275155.209	3479567.242	3.5499
275155.096	3479566.997	3.5496
275154.984	3479566.753	3.5495
275154.872	3479566.510	3.5496
275154.761	3479566.269	3.5497
275154.651	3479566.029	3.5496
275154.540	3479565.790	3.5494
275154.430	3479565.553	3.5494
275154.322	3479565.316	3.5493
275154.213	3479565.081	3.5493
275154.106	3479564.847	3.5492
275153.999	3479564.614	3.5493
275153.892	3479564.383	3.5494
275153.785	3479564.153	3.5493
275153.679	3479563.924	3.5492
275153.574	3479563.697	3.5490
275153.469	3479563.471	3.5490
275153.365	3479563.245	3.5490
275153.262	3479563.021	3.5491
275153.159	3479562.798	3.5492
275153.056	3479562.577	3.5493
275152.954	3479562.356	3.5491
275152.853	3479562.137	3.5489
275152.752	3479561.919	3.5488
275152.652	3479561.701	3.5488
275152.553	3479561.485	3.5488
275152.454	3479561.271	3.5488
275152.355	3479561.057	3.5489
275152.256	3479560.844	3.5487
275152.159	3479560.633	3.5486
275152.062	3479560.423	3.5485
275151.965	3479560.213	3.5484
275151.870	3479560.005	3.5484
275151.775	3479559.798	3.5485
275151.681	3479559.592	3.5486
275151.587	3479559.388	3.5486
275151.493	3479559.184	3.5484
275151.399	3479558.982	3.5483
275151.306	3479558.781	3.5482
275151.214	3479558.581	3.5481
275151.122	3479558.382	3.5481
275151.031	3479558.183	3.5483
275150.941	3479557.986	3.5484
275150.851	3479557.790	3.5484
275150.761	3479557.594	3.5483
275150.671	3479557.400	3.5481
275150.582	3479557.207	3.5480
275150.493	3479557.015	3.5478
275150.405	3479556.824	3.5477
275150.318	3479556.633	3.5478
275150.231	3479556.444	3.5480
275150.144	3479556.256	3.5479
275150.058	3479556.068	3.5479
275149.971	3479555.881	3.5478
275149.886	3479555.695	3.5476
275149.800	3479555.510	3.5475
275149.715	3479555.326	3.5474
275149.631	3479555.143	3.5474
275149.548	3479554.961	3.5474
275149.464	3479554.780	3.5475
275149.381	3479554.600	3.5476
275149.298	3479554.420	3.5474
275149.215	3479554.242	3.5473
275149.133	3479554.064	3.5471
275149.051	3479553.888	3.5471
275148.970	3479553.712	3.5471
275148.890	3479553.537	3.5471
275148.810	3479553.362	3.5471
275148.731	3479553.189	3.5472
275148.651	3479553.017	3.5472
275148.572	3479552.845	3.5472
275148.493	3479552.676	3.5472
275148.415	3479552.507	3.5472
275148.338	3479552.339	3.5473
275148.261	3479552.172	3.5474
275148.186	3479552.006	3.5477
275148.110	3479551.840	3.5483
275148.036	3479551.676	3.5491
275147.961	3479551.512	3.5502
275147.886	3479551.350	3.5514
275147.811	3479551.188	3.5525
275147.737	3479551.028	3.5535
275147.662	3479550.870	3.5546
275147.588	3479550.712	3.5559
275147.514	3479550.556	3.5573
275147.442	3479550.400	3.5589
275147.370	3479550.247	3.5604
275147.298	3479550.095	3.5616
275147.227	3479549.944	3.5628
275147.156	3479549.795	3.5638
275147.085	3479549.648	3.5647
275147.015	3479549.503	3.5653
275146.945	3479549.358	3.5660
275146.875	3479549.215	3.5665
275146.807	3479549.074	3.5669
275146.740	3479548.935	3.5671
275146.674	3479548.797	3.5671
275146.609	3479548.662	3.5669
275146.545	3479548.529	3.5666
275146.482	3479548.397	3.5665
275146.420	3479548.269	3.5667
275146.359	3479548.143	3.5670
275146.299	3479548.019	3.5673
275146.240	3479547.897	3.5675
275146.182	3479547.778	3.5675
275146.126	3479547.662	3.5674
275146.070	3479547.548	3.5673
275146.017	3479547.437	3.5671
275145.965	3479547.328	3.5669
275145.914	3479547.222	3.5670
275145.865	3479547.118	3.5674
275145.817	3479547.018	3.5677
275145.770	3479546.920	3.5677
275145.724	3479546.824	3.5675
275145.678	3479546.731	3.5675
275145.635	3479546.641	3.5676
275145.551	3479546.468	3.5677
275145.473	3479546.306	3.5677
275145.400	3479546.153	3.5675
275145.332	3479546.011	3.5676
275145.269	3479545.880	3.5675
275145.211	3479545.760	3.5674
275145.160	3479545.650	3.5675
275145.113	3479545.552	3.5675
275145.051	3479545.425	3.5674
275145.000	3479545.320	3.5677
275144.949	3479545.216	3.5676
275144.904	3479545.127	3.5678
