275779.944	3480473.492	3.6366
275779.854	3480473.339	3.6372
275779.764	3480473.183	3.6377
275779.671	3480473.024	3.6378
275779.577	3480472.863	3.6379
275779.481	3480472.698	3.6379
275779.384	3480472.531	3.6380
275779.286	3480472.361	3.6382
275779.185	3480472.189	3.6381
275779.135	3480472.102	3.6381
275779.085	3480472.015	3.6382
275779.034	3480471.926	3.6381
275778.982	3480471.837	3.6381
275778.931	3480471.747	3.6381
275778.878	3480471.657	3.6381
275778.826	3480471.566	3.6382
275778.773	3480471.474	3.6381
275778.719	3480471.381	3.6380
275778.666	3480471.288	3.6378
275778.612	3480471.195	3.6377
275778.558	3480471.101	3.6377
275778.503	3480471.006	3.6378
275778.448	3480470.911	3.6377
275778.393	3480470.816	3.6376
275778.338	3480470.720	3.6375
275778.283	3480470.624	3.6373
275778.227	3480470.527	3.6372
275778.172	3480470.430	3.6370
275778.116	3480470.332	3.6368
275778.059	3480470.234	3.6365
275778.003	3480470.136	3.6363
275777.946	3480470.037	3.6361
275777.889	3480469.938	3.6358
275777.832	3480469.838	3.6355
275777.774	3480469.737	3.6352
275777.716	3480469.636	3.6349
275777.659	3480469.534	3.6348
275777.601	3480469.431	3.6346
275777.542	3480469.328	3.6344
275777.483	3480469.223	3.6342
275777.424	3480469.118	3.6338
275777.364	3480469.013	3.6335
275777.303	3480468.906	3.6333
275777.242	3480468.799	3.6330
275777.181	3480468.691	3.6326
275777.119	3480468.583	3.6324
275777.057	3480468.474	3.6322
275776.995	3480468.364	3.6320
275776.933	3480468.254	3.6317
275776.870	3480468.143	3.6313
275776.807	3480468.033	3.6310
275776.743	3480467.921	3.6308
275776.679	3480467.809	3.6307
275776.615	3480467.697	3.6306
275776.551	3480467.584	3.6305
275776.486	3480467.470	3.6303
275776.421	3480467.355	3.6302
275776.356	3480467.240	3.6301
275776.290	3480467.125	3.6299
275776.224	3480467.009	3.6298
275776.158	3480466.893	3.6296
275776.091	3480466.776	3.6294
275776.024	3480466.658	3.6292
275775.957	3480466.540	3.6290
275775.889	3480466.421	3.6289
275775.821	3480466.302	3.6287
275775.754	3480466.182	3.6287
275775.686	3480466.061	3.6287
275775.617	3480465.940	3.6286
275775.548	3480465.817	3.6284
275775.479	3480465.694	3.6283
275775.410	3480465.571	3.6281
275775.340	3480465.447	3.6280
275775.270	3480465.323	3.6278
275775.200	3480465.198	3.6275
275775.129	3480465.072	3.6272
275775.058	3480464.946	3.6268
275774.986	3480464.820	3.6265
275774.915	3480464.693	3.6264
275774.844	3480464.565	3.6263
275774.772	3480464.436	3.6262
275774.700	3480464.307	3.6260
275774.628	3480464.178	3.6258
275774.555	3480464.047	3.6255
275774.482	3480463.917	3.6252
275774.409	3480463.786	3.6250
275774.336	3480463.654	3.6248
275774.262	3480463.522	3.6246
275774.188	3480463.389	3.6242
275774.113	3480463.256	3.6240
275774.038	3480463.124	3.6237
275773.963	3480462.990	3.6236
275773.888	3480462.856	3.6236
275773.813	3480462.722	3.6235
275773.737	3480462.587	3.6234
275773.661	3480462.452	3.6231
275773.585	3480462.316	3.6228
275773.508	3480462.180	3.6227
275773.431	3480462.043	3.6226
275773.354	3480461.905	3.6224
275773.276	3480461.767	3.6221
275773.199	3480461.628	3.6218
275773.121	3480461.489	3.6217
275773.043	3480461.349	3.6216
275772.964	3480461.208	3.6215
275772.886	3480461.067	3.6214
275772.807	3480460.926	3.6212
275772.728	3480460.784	3.6208
275772.648	3480460.642	3.6206
275772.568	3480460.499	3.6206
275772.488	3480460.356	3.6204
275772.408	3480460.212	3.6202
275772.328	3480460.067	3.6199
275772.248	3480459.922	3.6198
275772.169	3480459.776	3.6197
275772.088	3480459.629	3.6197
275772.008	3480459.482	3.6196
275771.927	3480459.334	3.6194
275771.846	3480459.186	3.6191
275771.764	3480459.038	3.6189
275771.682	3480458.889	3.6187
275771.599	3480458.739	3.6185
275771.517	3480458.589	3.6183
275771.434	3480458.439	3.6179
275771.352	3480458.289	3.6176
275771.269	3480458.138	3.6175
275771.187	3480457.987	3.6175
275771.104	3480457.836	3.6173
275771.022	3480457.685	3.6171
275770.940	3480457.535	3.6168
275770.858	3480457.384	3.6166
275770.775	3480457.235	3.6164
275770.693	3480457.085	3.6162
275770.612	3480456.936	3.6160
275770.530	3480456.787	3.6158
275770.449	3480456.638	3.6157
275770.369	3480456.490	3.6157
275770.289	3480456.342	3.6156
275770.209	3480456.195	3.6155
275770.129	3480456.048	3.6153
275770.050	3480455.902	3.6151
275769.970	3480455.757	3.6149
275769.891	3480455.611	3.6147
275769.812	3480455.467	3.6146
275769.734	3480455.323	3.6144
275769.656	3480455.179	3.6142
275769.578	3480455.036	3.6141
275769.501	3480454.893	3.6140
275769.424	3480454.750	3.6139
275769.347	3480454.609	3.6137
275769.270	3480454.468	3.6136
275769.193	3480454.327	3.6133
275769.116	3480454.187	3.6131
275769.040	3480454.048	3.6130
275768.964	3480453.908	3.6128
275768.888	3480453.770	3.6126
275768.813	3480453.632	3.6123
275768.738	3480453.494	3.6120
275768.663	3480453.356	3.6117
275768.589	3480453.219	3.6115
275768.514	3480453.081	3.6114
275768.439	3480452.943	3.6111
275768.364	3480452.805	3.6108
275768.289	3480452.665	3.6105
275768.213	3480452.526	3.6103
275768.136	3480452.386	3.6100
275768.060	3480452.245	3.6096
275767.983	3480452.104	3.6093
275767.906	3480451.962	3.6091
275767.829	3480451.819	3.6088
275767.753	3480451.676	3.6086
275767.675	3480451.533	3.6083
275767.597	3480451.389	3.6079
275767.519	3480451.245	3.6074
275767.441	3480451.100	3.6070
275767.362	3480450.954	3.6066
275767.283	3480450.808	3.6063
275767.204	3480450.661	3.6059
275767.125	3480450.514	3.6053
275767.046	3480450.366	3.6048
275766.966	3480450.218	3.6044
275766.886	3480450.069	3.6040
275766.806	3480449.920	3.6035
275766.726	3480449.769	3.6028
275766.646	3480449.619	3.6020
275766.565	3480449.468	3.6013
275766.484	3480449.316	3.6007
275766.403	3480449.163	3.6001
275766.321	3480449.010	3.5994
275766.240	3480448.857	3.5988
275766.160	3480448.703	3.5981
275766.079	3480448.548	3.5976
275765.999	3480448.392	3.5972
275765.918	3480448.236	3.5967
275765.836	3480448.080	3.5960
275765.754	3480447.923	3.5954
275765.671	3480447.766	3.5947
275765.589	3480447.609	3.5942
275765.506	3480447.450	3.5937
275765.424	3480447.292	3.5933
275765.341	3480447.132	3.5929
275765.259	3480446.972	3.5926
275765.177	3480446.811	3.5924
275765.094	3480446.650	3.5921
275765.011	3480446.489	3.5917
275764.928	3480446.327	3.5913
275764.844	3480446.165	3.5909
275764.760	3480446.003	3.5904
275764.675	3480445.840	3.5899
275764.591	3480445.677	3.5896
275764.507	3480445.512	3.5892
275764.423	3480445.348	3.5888
275764.338	3480445.182	3.5886
275764.254	3480445.016	3.5884
275764.169	3480444.850	3.5880
275764.084	3480444.684	3.5875
275763.998	3480444.517	3.5870
275763.913	3480444.349	3.5866
275763.827	3480444.181	3.5862
275763.741	3480444.013	3.5859
275763.655	3480443.844	3.5855
275763.569	3480443.674	3.5852
275763.483	3480443.504	3.5849
275763.397	3480443.334	3.5847
275763.311	3480443.164	3.5843
275763.224	3480442.993	3.5838
275763.138	3480442.822	3.5834
275763.051	3480442.652	3.5830
275762.964	3480442.481	3.5826
275762.878	3480442.311	3.5822
275762.792	3480442.142	3.5819
275762.708	3480441.973	3.5817
275762.623	3480441.804	3.5814
275762.538	3480441.635	3.5810
275762.453	3480441.468	3.5806
275762.368	3480441.300	3.5803
275762.284	3480441.134	3.5799
275762.200	3480440.968	3.5795
275762.116	3480440.802	3.5790
275762.034	3480440.638	3.5784
275761.951	3480440.473	3.5778
275761.870	3480440.309	3.5772
275761.788	3480440.146	3.5765
275761.707	3480439.983	3.5756
275761.626	3480439.821	3.5747
275761.546	3480439.660	3.5738
275761.466	3480439.499	3.5730
275761.386	3480439.338	3.5721
275761.307	3480439.179	3.5711
275761.228	3480439.019	3.5700
275761.150	3480438.859	3.5687
275761.073	3480438.700	3.5675
275760.996	3480438.541	3.5660
275760.920	3480438.383	3.5644
275760.844	3480438.226	3.5626
275760.768	3480438.069	3.5608
275760.693	3480437.912	3.5591
275760.618	3480437.756	3.5575
275760.544	3480437.600	3.5558
275760.471	3480437.445	3.5540
275760.398	3480437.290	3.5524
275760.327	3480437.136	3.5507
275760.255	3480436.982	3.5490
275760.184	3480436.829	3.5471
275760.114	3480436.676	3.5452
275760.044	3480436.524	3.5432
275759.975	3480436.372	3.5414
275759.906	3480436.221	3.5395
275759.837	3480436.070	3.5377
275759.769	3480435.920	3.5358
275759.702	3480435.769	3.5340
275759.635	3480435.619	3.5323
275759.569	3480435.470	3.5306
275759.504	3480435.321	3.5289
275759.438	3480435.172	3.5271
275759.373	3480435.023	3.5252
275759.307	3480434.873	3.5234
275759.242	3480434.724	3.5216
275759.177	3480434.573	3.5199
275759.111	3480434.421	3.5181
275759.046	3480434.270	3.5163
275758.981	3480434.117	3.5146
275758.917	3480433.964	3.5130
275758.852	3480433.810	3.5114
275758.788	3480433.656	3.5097
275758.723	3480433.501	3.5079
275758.658	3480433.346	3.5062
275758.593	3480433.190	3.5045
275758.529	3480433.034	3.5028
275758.464	3480432.877	3.5013
275758.400	3480432.720	3.4997
275758.336	3480432.562	3.4980
275758.272	3480432.404	3.4965
275758.208	3480432.245	3.4951
275758.144	3480432.085	3.4937
275758.080	3480431.925	3.4923
275758.017	3480431.764	3.4910
275757.953	3480431.603	3.4897
275757.889	3480431.441	3.4884
275757.825	3480431.279	3.4872
275757.761	3480431.117	3.4859
275757.697	3480430.953	3.4846
275757.633	3480430.790	3.4834
275757.569	3480430.625	3.4823
275757.506	3480430.461	3.4813
275757.443	3480430.296	3.4804
275757.379	3480430.130	3.4794
275757.316	3480429.964	3.4784
275757.252	3480429.797	3.4775
275757.188	3480429.631	3.4767
275757.125	3480429.463	3.4760
275757.061	3480429.295	3.4754
275756.997	3480429.127	3.4749
275756.934	3480428.959	3.4746
275756.870	3480428.790	3.4743
275756.806	3480428.621	3.4740
275756.742	3480428.451	3.4736
275756.678	3480428.282	3.4732
275756.614	3480428.111	3.4729
275756.549	3480427.941	3.4725
275756.484	3480427.770	3.4721
275756.420	3480427.599	3.4718
275756.356	3480427.427	3.4714
275756.291	3480427.255	3.4711
275756.227	3480427.082	3.4708
275756.162	3480426.909	3.4706
275756.097	3480426.736	3.4704
275756.032	3480426.562	3.4701
275755.967	3480426.389	3.4698
275755.902	3480426.214	3.4693
275755.838	3480426.039	3.4691
275755.773	3480425.864	3.4689
275755.709	3480425.688	3.4687
275755.645	3480425.511	3.4685
275755.580	3480425.334	3.4685
275755.516	3480425.157	3.4684
275755.451	3480424.980	3.4682
275755.386	3480424.802	3.4679
275755.321	3480424.624	3.4678
275755.256	3480424.446	3.4677
275755.190	3480424.267	3.4678
275755.125	3480424.089	3.4679
275755.059	3480423.910	3.4682
275754.993	3480423.730	3.4686
275754.928	3480423.550	3.4690
275754.862	3480423.369	3.4692
275754.796	3480423.189	3.4695
275754.730	3480423.008	3.4698
275754.663	3480422.827	3.4700
275754.596	3480422.645	3.4702
275754.528	3480422.464	3.4704
275754.461	3480422.282	3.4706
275754.393	3480422.100	3.4709
275754.325	3480421.918	3.4713
275754.257	3480421.735	3.4717
275754.189	3480421.553	3.4720
275754.121	3480421.370	3.4723
275754.052	3480421.187	3.4725
275753.983	3480421.003	3.4728
275753.914	3480420.819	3.4731
275753.845	3480420.635	3.4734
275753.776	3480420.451	3.4738
275753.708	3480420.266	3.4743
275753.639	3480420.081	3.4747
275753.570	3480419.897	3.4751
275753.500	3480419.712	3.4755
275753.430	3480419.528	3.4758
275753.360	3480419.344	3.4761
275753.290	3480419.160	3.4764
275753.220	3480418.976	3.4768
275753.151	3480418.791	3.4772
275753.081	3480418.607	3.4777
275753.012	3480418.423	3.4782
275752.942	3480418.239	3.4787
275752.872	3480418.055	3.4791
275752.802	3480417.871	3.4796
275752.732	3480417.687	3.4800
275752.661	3480417.503	3.4803
275752.590	3480417.320	3.4807
275752.520	3480417.136	3.4812
275752.449	3480416.952	3.4817
275752.379	3480416.768	3.4824
275752.309	3480416.584	3.4829
275752.239	3480416.400	3.4833
275752.168	3480416.217	3.4837
275752.096	3480416.033	3.4842
275752.024	3480415.850	3.4847
275751.953	3480415.666	3.4851
275751.882	3480415.483	3.4857
275751.811	3480415.299	3.4864
275751.739	3480415.115	3.4870
275751.668	3480414.931	3.4877
275751.596	3480414.748	3.4882
275751.523	3480414.564	3.4887
275751.451	3480414.381	3.4892
275751.378	3480414.198	3.4897
275751.305	3480414.014	3.4902
275751.232	3480413.831	3.4909
275751.160	3480413.648	3.4915
275751.087	3480413.464	3.4922
275751.015	3480413.281	3.4929
275750.942	3480413.098	3.4935
275750.869	3480412.915	3.4941
275750.795	3480412.732	3.4947
275750.721	3480412.549	3.4952
275750.647	3480412.366	3.4959
275750.574	3480412.183	3.4966
275750.500	3480412.000	3.4973
275750.426	3480411.818	3.4981
275750.353	3480411.635	3.4989
275750.279	3480411.453	3.4996
275750.206	3480411.271	3.5002
275750.132	3480411.089	3.5007
275750.057	3480410.907	3.5014
275749.983	3480410.726	3.5021
275749.909	3480410.545	3.5028
275749.834	3480410.363	3.5034
275749.760	3480410.182	3.5041
275749.686	3480410.000	3.5048
275749.611	3480409.819	3.5054
275749.537	3480409.638	3.5057
275749.462	3480409.457	3.5060
275749.387	3480409.276	3.5062
275749.311	3480409.095	3.5064
275749.236	3480408.914	3.5065
275749.162	3480408.733	3.5068
275749.087	3480408.552	3.5071
275749.013	3480408.371	3.5074
275748.938	3480408.191	3.5077
275748.863	3480408.011	3.5079
275748.788	3480407.830	3.5080
275748.713	3480407.651	3.5080
275748.638	3480407.471	3.5080
275748.563	3480407.291	3.5081
275748.488	3480407.111	3.5082
275748.413	3480406.931	3.5083
275748.339	3480406.751	3.5086
275748.264	3480406.571	3.5088
275748.189	3480406.392	3.5088
275748.114	3480406.212	3.5089
275748.039	3480406.033	3.5091
275747.964	3480405.854	3.5093
275747.889	3480405.674	3.5093
275747.814	3480405.495	3.5094
275747.739	3480405.316	3.5094
275747.665	3480405.137	3.5096
275747.591	3480404.957	3.5098
275747.516	3480404.778	3.5098
275747.441	3480404.599	3.5099
275747.366	3480404.420	3.5100
275747.291	3480404.240	3.5101
275747.215	3480404.060	3.5102
275747.140	3480403.880	3.5103
275747.065	3480403.701	3.5105
275746.991	3480403.521	3.5108
275746.917	3480403.342	3.5112
275746.843	3480403.163	3.5115
275746.769	3480402.984	3.5116
275746.695	3480402.807	3.5115
275746.621	3480402.630	3.5114
275746.547	3480402.454	3.5114
275746.473	3480402.278	3.5114
275746.399	3480402.104	3.5114
275746.326	3480401.930	3.5113
275746.255	3480401.756	3.5113
275746.183	3480401.584	3.5113
275746.112	3480401.412	3.5113
275746.041	3480401.241	3.5113
275745.971	3480401.071	3.5114
275745.901	3480400.903	3.5115
275745.831	3480400.737	3.5114
275745.761	3480400.571	3.5112
275745.691	3480400.407	3.5111
275745.622	3480400.243	3.5110
275745.553	3480400.080	3.5111
275745.485	3480399.917	3.5112
275745.418	3480399.756	3.5112
275745.351	3480399.595	3.5112
275745.284	3480399.436	3.5111
275745.216	3480399.277	3.5111
275745.150	3480399.119	3.5111
275745.083	3480398.962	3.5110
275745.018	3480398.805	3.5110
275744.953	3480398.650	3.5111
275744.888	3480398.495	3.5113
275744.824	3480398.341	3.5114
275744.760	3480398.188	3.5115
275744.696	3480398.036	3.5115
275744.632	3480397.885	3.5115
275744.568	3480397.734	3.5115
275744.505	3480397.585	3.5117
275744.442	3480397.437	3.5123
275744.379	3480397.290	3.5129
275744.317	3480397.143	3.5134
275744.255	3480396.997	3.5139
275744.193	3480396.851	3.5145
275744.133	3480396.706	3.5153
275744.072	3480396.562	3.5160
275744.011	3480396.419	3.5166
275743.950	3480396.277	3.5171
275743.889	3480396.136	3.5175
275743.828	3480395.996	3.5180
275743.768	3480395.857	3.5187
275743.708	3480395.718	3.5193
275743.649	3480395.580	3.5198
275743.589	3480395.443	3.5202
275743.530	3480395.306	3.5206
275743.471	3480395.171	3.5213
275743.413	3480395.036	3.5221
275743.355	3480394.901	3.5231
275743.298	3480394.767	3.5237
275743.240	3480394.634	3.5241
275743.182	3480394.501	3.5245
275743.125	3480394.370	3.5253
275743.068	3480394.239	3.5264
275743.011	3480394.108	3.5276
275742.954	3480393.979	3.5290
275742.897	3480393.850	3.5303
275742.841	3480393.722	3.5317
275742.785	3480393.595	3.5332
275742.729	3480393.468	3.5348
275742.673	3480393.342	3.5363
275742.617	3480393.217	3.5377
275742.561	3480393.093	3.5390
275742.505	3480392.970	3.5404
275742.449	3480392.847	3.5416
275742.393	3480392.725	3.5429
275742.338	3480392.603	3.5444
275742.282	3480392.483	3.5458
275742.227	3480392.362	3.5471
275742.172	3480392.243	3.5484
275742.116	3480392.124	3.5497
275742.061	3480392.006	3.5511
275742.006	3480391.888	3.5525
275741.951	3480391.772	3.5539
275741.897	3480391.656	3.5552
275741.842	3480391.540	3.5564
275741.788	3480391.425	3.5576
275741.733	3480391.311	3.5588
275741.679	3480391.197	3.5599
275741.624	3480391.085	3.5611
275741.569	3480390.972	3.5624
275741.515	3480390.860	3.5635
275741.461	3480390.749	3.5645
275741.407	3480390.638	3.5655
275741.353	3480390.527	3.5666
275741.300	3480390.417	3.5676
275741.245	3480390.306	3.5686
275741.191	3480390.195	3.5695
275741.136	3480390.082	3.5704
275741.081	3480389.969	3.5713
275741.026	3480389.856	3.5721
275740.970	3480389.742	3.5728
275740.915	3480389.627	3.5737
275740.859	3480389.512	3.5746
275740.803	3480389.397	3.5755
275740.746	3480389.281	3.5761
275740.689	3480389.165	3.5768
275740.631	3480389.049	3.5775
275740.573	3480388.932	3.5784
275740.515	3480388.815	3.5791
275740.456	3480388.696	3.5798
275740.398	3480388.578	3.5806
275740.339	3480388.459	3.5813
275740.280	3480388.339	3.5820
275740.220	3480388.219	3.5826
275740.160	3480388.099	3.5831
275740.098	3480387.978	3.5835
275740.037	3480387.857	3.5839
275739.976	3480387.736	3.5843
275739.914	3480387.614	3.5847
275739.851	3480387.492	3.5849
275739.789	3480387.370	3.5852
275739.726	3480387.247	3.5854
275739.663	3480387.123	3.5856
275739.599	3480387.000	3.5858
275739.535	3480386.876	3.5861
275739.470	3480386.751	3.5864
275739.406	3480386.626	3.5865
275739.341	3480386.500	3.5864
275739.276	3480386.374	3.5864
275739.211	3480386.248	3.5865
275739.146	3480386.121	3.5867
275739.080	3480385.993	3.5867
275739.013	3480385.865	3.5867
275738.947	3480385.737	3.5868
275738.881	3480385.607	3.5868
275738.814	3480385.478	3.5869
275738.747	3480385.347	3.5870
275738.681	3480385.216	3.5871
275738.614	3480385.086	3.5872
275738.547	3480384.954	3.5871
275738.479	3480384.823	3.5870
275738.412	3480384.691	3.5870
275738.344	3480384.558	3.5870
275738.276	3480384.426	3.5869
275738.208	3480384.292	3.5866
275738.140	3480384.158	3.5864
275738.072	3480384.024	3.5864
275738.003	3480383.890	3.5864
275737.935	3480383.755	3.5864
275737.866	3480383.619	3.5863
275737.797	3480383.483	3.5863
275737.728	3480383.347	3.5861
275737.659	3480383.210	3.5860
275737.589	3480383.073	3.5858
275737.519	3480382.936	3.5857
275737.449	3480382.798	3.5855
275737.379	3480382.660	3.5853
275737.308	3480382.521	3.5851
275737.236	3480382.382	3.5850
275737.165	3480382.243	3.5849
275737.094	3480382.103	3.5847
275737.023	3480381.962	3.5845
275736.951	3480381.821	3.5844
275736.879	3480381.681	3.5841
275736.806	3480381.539	3.5838
275736.734	3480381.398	3.5835
275736.661	3480381.256	3.5831
275736.589	3480381.113	3.5827
275736.516	3480380.970	3.5824
275736.444	3480380.826	3.5821
275736.371	3480380.683	3.5816
275736.298	3480380.538	3.5810
275736.225	3480380.393	3.5805
275736.151	3480380.248	3.5799
275736.078	3480380.103	3.5791
275736.004	3480379.957	3.5782
275735.931	3480379.810	3.5773
275735.857	3480379.663	3.5764
275735.783	3480379.516	3.5755
275735.709	3480379.368	3.5746
275735.636	3480379.219	3.5737
275735.562	3480379.071	3.5728
275735.488	3480378.921	3.5719
275735.415	3480378.771	3.5710
275735.341	3480378.621	3.5700
275735.267	3480378.470	3.5688
275735.193	3480378.319	3.5675
275735.119	3480378.168	3.5661
275735.045	3480378.017	3.5644
275734.971	3480377.864	3.5628
275734.898	3480377.711	3.5612
275734.824	3480377.558	3.5596
275734.751	3480377.404	3.5579
275734.678	3480377.250	3.5563
275734.605	3480377.095	3.5546
275734.532	3480376.940	3.5529
275734.459	3480376.784	3.5511
275734.386	3480376.628	3.5493
275734.313	3480376.472	3.5474
275734.240	3480376.315	3.5454
275734.167	3480376.157	3.5435
275734.094	3480375.999	3.5417
275734.022	3480375.841	3.5398
275733.950	3480375.681	3.5378
275733.878	3480375.522	3.5356
275733.807	3480375.362	3.5335
275733.736	3480375.201	3.5312
275733.664	3480375.041	3.5288
275733.593	3480374.879	3.5263
275733.522	3480374.718	3.5237
275733.451	3480374.556	3.5211
275733.380	3480374.393	3.5185
275733.310	3480374.229	3.5161
275733.241	3480374.065	3.5136
275733.172	3480373.901	3.5112
275733.103	3480373.736	3.5088
275733.034	3480373.571	3.5064
275732.966	3480373.406	3.5041
275732.897	3480373.241	3.5017
275732.829	3480373.076	3.4994
275732.761	3480372.910	3.4971
275732.693	3480372.745	3.4947
275732.626	3480372.579	3.4925
275732.560	3480372.413	3.4904
275732.494	3480372.246	3.4885
275732.428	3480372.080	3.4867
275732.363	3480371.913	3.4849
275732.298	3480371.746	3.4831
275732.232	3480371.579	3.4815
275732.167	3480371.412	3.4800
275732.102	3480371.244	3.4786
275732.037	3480371.076	3.4773
275731.973	3480370.909	3.4760
275731.909	3480370.741	3.4749
275731.845	3480370.573	3.4737
275731.781	3480370.404	3.4726
275731.718	3480370.236	3.4716
275731.654	3480370.067	3.4705
275731.591	3480369.898	3.4694
275731.528	3480369.728	3.4683
275731.465	3480369.559	3.4673
275731.403	3480369.389	3.4663
275731.340	3480369.219	3.4653
275731.278	3480369.049	3.4643
275731.216	3480368.878	3.4634
275731.155	3480368.708	3.4624
275731.093	3480368.538	3.4613
275731.031	3480368.368	3.4603
275730.970	3480368.198	3.4592
275730.909	3480368.028	3.4581
275730.848	3480367.859	3.4569
275730.788	3480367.690	3.4558
275730.728	3480367.522	3.4548
275730.669	3480367.354	3.4538
275730.610	3480367.187	3.4528
275730.552	3480367.021	3.4519
275730.494	3480366.856	3.4510
275730.437	3480366.691	3.4500
275730.379	3480366.528	3.4489
275730.322	3480366.366	3.4479
275730.265	3480366.204	3.4470
275730.209	3480366.044	3.4461
275730.154	3480365.885	3.4451
275730.099	3480365.726	3.4441
275730.045	3480365.569	3.4431
275729.991	3480365.412	3.4421
275729.938	3480365.256	3.4412
275729.885	3480365.102	3.4402
275729.833	3480364.948	3.4392
275729.781	3480364.796	3.4382
275729.729	3480364.644	3.4372
275729.678	3480364.494	3.4363
275729.628	3480364.345	3.4352
275729.578	3480364.197	3.4343
275729.529	3480364.049	3.4333
275729.480	3480363.903	3.4325
275729.432	3480363.758	3.4316
275729.385	3480363.614	3.4309
275729.339	3480363.472	3.4300
275729.293	3480363.330	3.4291
275729.247	3480363.190	3.4284
275729.202	3480363.051	3.4278
275729.158	3480362.913	3.4273
275729.114	3480362.777	3.4268
275729.071	3480362.642	3.4263
275729.028	3480362.509	3.4259
275728.986	3480362.379	3.4255
275728.945	3480362.250	3.4253
275728.905	3480362.123	3.4252
275728.865	3480361.998	3.4251
275728.826	3480361.876	3.4249
275728.788	3480361.755	3.4246
275728.750	3480361.636	3.4243
275728.712	3480361.519	3.4241
275728.676	3480361.404	3.4240
275728.639	3480361.290	3.4239
275728.604	3480361.178	3.4238
275728.568	3480361.067	3.4236
275728.533	3480360.958	3.4234
275728.498	3480360.850	3.4232
275728.464	3480360.744	3.4232
275728.430	3480360.640	3.4231
275728.397	3480360.537	3.4232
275728.364	3480360.436	3.4232
275728.332	3480360.336	3.4232
275728.300	3480360.238	3.4231
275728.269	3480360.141	3.4230
275728.208	3480359.953	3.4230
275728.149	3480359.772	3.4230
275728.092	3480359.596	3.4231
275728.037	3480359.427	3.4233
275727.984	3480359.264	3.4235
275727.934	3480359.107	3.4239
275727.886	3480358.956	3.4243
275727.842	3480358.811	3.4246
275727.799	3480358.673	3.4248
275727.758	3480358.541	3.4250
275727.718	3480358.415	3.4252
275727.681	3480358.296	3.4254
275727.646	3480358.183	3.4257
275727.613	3480358.077	3.4257
275727.581	3480357.977	3.4260
275727.538	3480357.841	3.4265
275727.499	3480357.719	3.4269
275727.465	3480357.611	3.4270
275727.426	3480357.491	3.4276
275727.390	3480357.377	3.4279
275727.355	3480357.281	3.4280
275727.317	3480357.181	3.4285
275727.287	3480357.086	3.4291
275727.245	3480356.957	3.4300
275727.207	3480356.841	3.4307
275727.166	3480356.713	3.4314
275727.121	3480356.576	3.4318
275727.090	3480356.480	3.4322
275727.058	3480356.381	3.4325
275727.024	3480356.278	3.4327
275726.990	3480356.171	3.4330
275726.954	3480356.061	3.4329
275726.917	3480355.949	3.4329
275726.879	3480355.833	3.4329
275726.840	3480355.714	3.4328
275726.801	3480355.593	3.4329
275726.760	3480355.469	3.4331
275726.718	3480355.343	3.4330
275726.675	3480355.214	3.4331
275726.631	3480355.082	3.4331
275726.587	3480354.949	3.4330
275726.541	3480354.812	3.4329
275726.495	3480354.673	3.4328
275726.448	3480354.532	3.4327
275726.400	3480354.388	3.4327
275726.352	3480354.242	3.4325
275726.303	3480354.094	3.4324
275726.253	3480353.944	3.4322
275726.203	3480353.792	3.4321
275726.153	3480353.638	3.4322
275726.102	3480353.483	3.4320
275726.051	3480353.325	3.4318
275725.998	3480353.165	3.4317
275725.946	3480353.006	3.4314
275725.896	3480352.849	3.4311
275725.846	3480352.696	3.4309
275725.796	3480352.547	3.4309
275725.749	3480352.403	3.4305
275725.704	3480352.264	3.4302
275725.660	3480352.131	3.4302
275725.619	3480352.004	3.4301
275725.579	3480351.882	3.4301
275725.541	3480351.766	3.4300
275725.505	3480351.657	3.4298
275725.470	3480351.553	3.4297
275725.439	3480351.456	3.4297
275725.396	3480351.322	3.4296
275725.356	3480351.202	3.4296
275725.322	3480351.096	3.4294
