275567.768	3479881.436	0.3968
275567.816	3479881.543	0.3959
275567.862	3479881.646	0.3949
275567.910	3479881.753	0.3947
275567.953	3479881.848	0.3950
275568.001	3479881.954	0.3952
275568.054	3479882.072	0.3956
275568.112	3479882.201	0.3961
275568.153	3479882.292	0.3963
275568.196	3479882.388	0.3967
275568.241	3479882.489	0.3970
275568.288	3479882.593	0.3972
275568.338	3479882.702	0.3977
275568.389	3479882.814	0.3982
275568.441	3479882.931	0.3985
275568.496	3479883.052	0.3989
275568.553	3479883.176	0.3994
275568.610	3479883.305	0.3998
275568.669	3479883.436	0.4002
275568.731	3479883.570	0.4009
275568.794	3479883.708	0.4015
275568.859	3479883.848	0.4021
275568.924	3479883.992	0.4029
275568.992	3479884.138	0.4037
275569.061	3479884.287	0.4046
275569.131	3479884.438	0.4057
275569.203	3479884.592	0.4066
275569.276	3479884.749	0.4073
275569.351	3479884.910	0.4082
275569.427	3479885.073	0.4092
275569.504	3479885.240	0.4102
275569.583	3479885.410	0.4112
275569.664	3479885.582	0.4121
275569.747	3479885.757	0.4128
275569.830	3479885.935	0.4137
275569.915	3479886.116	0.4147
275569.958	3479886.208	0.4151
275570.002	3479886.300	0.4153
275570.046	3479886.392	0.4155
275570.090	3479886.486	0.4158
275570.135	3479886.580	0.4160
275570.180	3479886.674	0.4164
275570.226	3479886.769	0.4167
275570.272	3479886.865	0.4170
275570.318	3479886.961	0.4173
275570.365	3479887.058	0.4177
275570.412	3479887.155	0.4180
275570.459	3479887.252	0.4182
275570.507	3479887.350	0.4185
275570.554	3479887.449	0.4187
275570.602	3479887.547	0.4189
275570.650	3479887.646	0.4192
275570.699	3479887.745	0.4195
275570.747	3479887.844	0.4199
275570.796	3479887.943	0.4201
275570.845	3479888.043	0.4202
275570.894	3479888.143	0.4203
275570.942	3479888.243	0.4205
275570.991	3479888.343	0.4208
275571.041	3479888.444	0.4211
275571.090	3479888.545	0.4213
275571.139	3479888.648	0.4216
275571.188	3479888.751	0.4218
275571.237	3479888.855	0.4220
275571.286	3479888.959	0.4221
275571.336	3479889.064	0.4222
275571.386	3479889.170	0.4223
275571.437	3479889.276	0.4224
275571.487	3479889.383	0.4226
275571.539	3479889.490	0.4227
275571.590	3479889.598	0.4228
275571.642	3479889.707	0.4229
275571.693	3479889.816	0.4229
275571.746	3479889.926	0.4230
275571.798	3479890.036	0.4232
275571.851	3479890.147	0.4234
275571.904	3479890.259	0.4235
275571.957	3479890.370	0.4237
275572.010	3479890.483	0.4238
275572.063	3479890.596	0.4239
275572.117	3479890.709	0.4239
275572.171	3479890.822	0.4239
275572.227	3479890.936	0.4239
275572.283	3479891.049	0.4239
275572.340	3479891.164	0.4240
275572.397	3479891.279	0.4239
275572.453	3479891.395	0.4239
275572.510	3479891.511	0.4239
275572.567	3479891.628	0.4240
275572.624	3479891.746	0.4241
275572.682	3479891.864	0.4241
275572.740	3479891.982	0.4241
275572.799	3479892.102	0.4241
275572.857	3479892.221	0.4240
275572.916	3479892.342	0.4239
275572.976	3479892.463	0.4238
275573.035	3479892.584	0.4239
275573.094	3479892.706	0.4240
275573.154	3479892.829	0.4240
275573.215	3479892.952	0.4239
275573.276	3479893.076	0.4238
275573.336	3479893.200	0.4239
275573.396	3479893.325	0.4240
275573.457	3479893.451	0.4241
275573.517	3479893.578	0.4241
275573.579	3479893.705	0.4241
275573.640	3479893.833	0.4240
275573.702	3479893.961	0.4238
275573.764	3479894.090	0.4237
275573.826	3479894.219	0.4237
275573.889	3479894.348	0.4238
275573.951	3479894.479	0.4239
275574.014	3479894.610	0.4238
275574.078	3479894.741	0.4237
275574.141	3479894.873	0.4236
275574.205	3479895.006	0.4237
275574.269	3479895.139	0.4238
275574.333	3479895.273	0.4238
275574.397	3479895.407	0.4237
275574.462	3479895.542	0.4235
275574.527	3479895.677	0.4233
275574.593	3479895.813	0.4231
275574.659	3479895.949	0.4231
275574.725	3479896.085	0.4231
275574.791	3479896.223	0.4231
275574.858	3479896.360	0.4229
275574.925	3479896.498	0.4227
275574.992	3479896.637	0.4226
275575.059	3479896.776	0.4226
275575.126	3479896.916	0.4226
275575.194	3479897.057	0.4224
275575.262	3479897.198	0.4221
275575.331	3479897.339	0.4219
275575.400	3479897.481	0.4217
275575.468	3479897.624	0.4216
275575.538	3479897.767	0.4216
275575.607	3479897.911	0.4215
275575.677	3479898.055	0.4213
275575.746	3479898.199	0.4211
275575.815	3479898.345	0.4211
275575.885	3479898.490	0.4211
275575.955	3479898.637	0.4209
275576.026	3479898.783	0.4206
275576.097	3479898.930	0.4203
275576.168	3479899.078	0.4201
275576.240	3479899.226	0.4200
275576.311	3479899.374	0.4200
275576.382	3479899.524	0.4199
275576.454	3479899.673	0.4196
275576.526	3479899.823	0.4192
275576.598	3479899.974	0.4190
275576.670	3479900.125	0.4189
275576.743	3479900.277	0.4186
275576.815	3479900.429	0.4182
275576.889	3479900.581	0.4177
275576.962	3479900.734	0.4173
275577.035	3479900.888	0.4170
275577.108	3479901.042	0.4166
275577.182	3479901.196	0.4161
275577.256	3479901.352	0.4156
275577.329	3479901.507	0.4153
275577.402	3479901.664	0.4151
275577.476	3479901.821	0.4151
275577.549	3479901.979	0.4149
275577.623	3479902.136	0.4145
275577.697	3479902.293	0.4140
275577.771	3479902.451	0.4137
275577.844	3479902.608	0.4136
275577.918	3479902.765	0.4134
275577.991	3479902.922	0.4131
275578.064	3479903.079	0.4126
275578.136	3479903.234	0.4124
275578.208	3479903.390	0.4124
275578.279	3479903.544	0.4123
275578.351	3479903.699	0.4121
275578.422	3479903.852	0.4117
275578.493	3479904.004	0.4115
275578.564	3479904.156	0.4114
275578.634	3479904.306	0.4114
275578.703	3479904.457	0.4112
275578.772	3479904.606	0.4110
275578.841	3479904.754	0.4107
275578.910	3479904.901	0.4106
275578.979	3479905.047	0.4106
275579.047	3479905.192	0.4106
275579.115	3479905.337	0.4104
275579.183	3479905.480	0.4101
275579.251	3479905.622	0.4098
275579.318	3479905.764	0.4098
275579.385	3479905.905	0.4098
275579.451	3479906.046	0.4096
275579.517	3479906.185	0.4092
275579.583	3479906.324	0.4090
275579.647	3479906.462	0.4088
275579.711	3479906.599	0.4088
275579.775	3479906.736	0.4087
275579.839	3479906.872	0.4085
275579.903	3479907.007	0.4081
275579.966	3479907.141	0.4078
275580.029	3479907.275	0.4075
275580.092	3479907.408	0.4074
275580.153	3479907.540	0.4075
275580.214	3479907.672	0.4074
275580.274	3479907.803	0.4070
275580.334	3479907.933	0.4066
275580.393	3479908.063	0.4062
275580.451	3479908.192	0.4060
275580.509	3479908.320	0.4056
275580.567	3479908.448	0.4052
275580.624	3479908.575	0.4047
275580.682	3479908.701	0.4042
275580.739	3479908.827	0.4037
275580.796	3479908.952	0.4034
275580.852	3479909.076	0.4032
275580.907	3479909.200	0.4029
275580.963	3479909.322	0.4024
275581.017	3479909.444	0.4019
275581.071	3479909.565	0.4015
275581.125	3479909.685	0.4010
275581.178	3479909.804	0.4008
275581.230	3479909.922	0.4006
275581.283	3479910.039	0.3999
275581.337	3479910.155	0.3995
275581.390	3479910.271	0.3990
275581.443	3479910.385	0.3985
275581.495	3479910.498	0.3981
275581.547	3479910.610	0.3979
275581.599	3479910.722	0.3975
275581.651	3479910.833	0.3971
275581.702	3479910.944	0.3966
275581.752	3479911.053	0.3963
275581.803	3479911.163	0.3962
275581.852	3479911.272	0.3962
275581.901	3479911.381	0.3963
275581.950	3479911.489	0.3962
275581.999	3479911.596	0.3959
275582.048	3479911.703	0.3957
275582.097	3479911.809	0.3955
275582.146	3479911.915	0.3953
275582.194	3479912.020	0.3952
275582.242	3479912.125	0.3950
275582.289	3479912.229	0.3950
275582.336	3479912.332	0.3949
275582.382	3479912.435	0.3948
275582.428	3479912.538	0.3946
275582.474	3479912.640	0.3943
275582.519	3479912.741	0.3942
275582.564	3479912.843	0.3943
275582.609	3479912.943	0.3944
275582.653	3479913.044	0.3942
275582.698	3479913.143	0.3939
275582.742	3479913.242	0.3937
275582.786	3479913.341	0.3937
275582.829	3479913.440	0.3936
275582.873	3479913.537	0.3935
275582.916	3479913.635	0.3933
275582.959	3479913.731	0.3931
275583.002	3479913.828	0.3929
275583.044	3479913.924	0.3929
275583.087	3479914.019	0.3929
275583.129	3479914.114	0.3929
275583.172	3479914.209	0.3926
275583.215	3479914.303	0.3924
275583.257	3479914.396	0.3923
275583.299	3479914.489	0.3923
275583.341	3479914.582	0.3923
275583.383	3479914.674	0.3921
275583.425	3479914.766	0.3920
275583.467	3479914.858	0.3918
275583.549	3479915.039	0.3917
275583.630	3479915.218	0.3915
275583.711	3479915.397	0.3912
275583.791	3479915.573	0.3911
275583.871	3479915.748	0.3908
275583.950	3479915.922	0.3906
275584.026	3479916.095	0.3907
275584.099	3479916.267	0.3904
275584.173	3479916.438	0.3901
275584.246	3479916.607	0.3900
275584.319	3479916.775	0.3898
275584.390	3479916.942	0.3896
275584.462	3479917.108	0.3895
275584.532	3479917.271	0.3895
275584.602	3479917.434	0.3897
275584.671	3479917.595	0.3899
275584.742	3479917.756	0.3902
275584.813	3479917.915	0.3904
275584.884	3479918.073	0.3907
275584.954	3479918.230	0.3911
275585.023	3479918.385	0.3913
275585.092	3479918.539	0.3915
275585.161	3479918.691	0.3917
275585.229	3479918.843	0.3920
275585.296	3479918.992	0.3923
275585.364	3479919.141	0.3925
275585.430	3479919.287	0.3927
275585.494	3479919.432	0.3930
275585.559	3479919.575	0.3933
275585.623	3479919.716	0.3935
275585.686	3479919.857	0.3939
275585.749	3479919.996	0.3941
275585.811	3479920.134	0.3942
275585.872	3479920.270	0.3943
275585.934	3479920.405	0.3945
275585.994	3479920.538	0.3947
275586.053	3479920.671	0.3949
275586.111	3479920.803	0.3949
275586.169	3479920.934	0.3950
275586.226	3479921.063	0.3952
275586.282	3479921.192	0.3951
275586.338	3479921.318	0.3951
275586.394	3479921.443	0.3951
275586.449	3479921.567	0.3950
275586.502	3479921.690	0.3950
275586.555	3479921.811	0.3948
275586.609	3479921.930	0.3945
275586.663	3479922.048	0.3946
275586.715	3479922.163	0.3945
275586.767	3479922.277	0.3944
275586.818	3479922.390	0.3943
275586.868	3479922.500	0.3941
275586.918	3479922.609	0.3940
275586.967	3479922.719	0.3939
275587.017	3479922.830	0.3937
275587.070	3479922.945	0.3936
275587.125	3479923.066	0.3936
275587.182	3479923.193	0.3934
275587.242	3479923.327	0.3933
275587.306	3479923.468	0.3930
275587.372	3479923.616	0.3928
275587.442	3479923.771	0.3928
275587.514	3479923.933	0.3929
275587.589	3479924.097	0.3928
275587.664	3479924.262	0.3928
275587.737	3479924.425	0.3929
275587.810	3479924.587	0.3930
275587.882	3479924.746	0.3930
275587.953	3479924.902	0.3930
275588.022	3479925.055	0.3931
275588.090	3479925.205	0.3930
275588.157	3479925.351	0.3930
275588.223	3479925.495	0.3932
275588.287	3479925.636	0.3931
275588.351	3479925.774	0.3932
275588.413	3479925.909	0.3933
275588.472	3479926.043	0.3930
275588.529	3479926.174	0.3932
275588.586	3479926.302	0.3932
275588.641	3479926.427	0.3933
275588.695	3479926.550	0.3933
275588.747	3479926.670	0.3934
275588.798	3479926.787	0.3934
275588.849	3479926.900	0.3933
275588.898	3479927.013	0.3935
275588.947	3479927.125	0.3937
275588.997	3479927.237	0.3939
275589.048	3479927.352	0.3942
275589.102	3479927.471	0.3943
275589.158	3479927.598	0.3944
275589.217	3479927.731	0.3947
275589.279	3479927.870	0.3948
275589.344	3479928.015	0.3951
275589.408	3479928.159	0.3955
275589.472	3479928.303	0.3956
275589.535	3479928.443	0.3957
275589.596	3479928.579	0.3958
275589.656	3479928.712	0.3959
275589.714	3479928.841	0.3959
275589.771	3479928.967	0.3959
275589.826	3479929.089	0.3958
275589.880	3479929.208	0.3956
275589.931	3479929.324	0.3953
275589.982	3479929.436	0.3947
275590.030	3479929.545	0.3942
275590.077	3479929.650	0.3935
275590.123	3479929.753	0.3926
275590.167	3479929.854	0.3918
275590.210	3479929.953	0.3908
275590.252	3479930.049	0.3898
275590.292	3479930.143	0.3887
275590.351	3479930.279	0.3875
275590.407	3479930.409	0.3861
275590.460	3479930.533	0.3851
275590.511	3479930.650	0.3840
275590.561	3479930.762	0.3835
275590.608	3479930.866	0.3832
275590.651	3479930.966	0.3831
275590.692	3479931.059	0.3828
275590.744	3479931.173	0.3826
275590.789	3479931.276	0.3824
275590.837	3479931.387	0.3822
275590.876	3479931.480	0.3819
275590.918	3479931.578	0.3818
275590.956	3479931.671	0.3826
275590.999	3479931.769	0.3917
275591.045	3479931.870	0.4014
275591.093	3479931.974	0.4129
275591.151	3479932.095	0.4294
275591.202	3479932.197	0.4442
275591.260	3479932.307	0.4614
275591.325	3479932.426	0.4799
275591.396	3479932.553	0.5004
275591.449	3479932.641	0.5145
275591.504	3479932.733	0.5295
275591.564	3479932.828	0.5449
275591.628	3479932.925	0.5604
275591.695	3479933.026	0.5762
275591.766	3479933.129	0.5912
275591.837	3479933.230	0.6056
275591.909	3479933.327	0.6202
275591.980	3479933.420	0.6341
275592.050	3479933.508	0.6470
275592.116	3479933.593	0.6595
275592.181	3479933.673	0.6709
275592.246	3479933.750	0.6813
275592.341	3479933.862	0.6961
275592.435	3479933.970	0.7092
275592.528	3479934.073	0.7213
275592.618	3479934.172	0.7322
275592.706	3479934.267	0.7425
275592.793	3479934.359	0.7517
275592.879	3479934.447	0.7598
275592.964	3479934.531	0.7665
275593.047	3479934.611	0.7720
275593.129	3479934.689	0.7766
275593.209	3479934.765	0.7802
275593.288	3479934.839	0.7832
275593.365	3479934.912	0.7854
275593.441	3479934.984	0.7871
275593.518	3479935.058	0.7877
275593.600	3479935.138	0.7879
275593.691	3479935.226	0.7875
275593.791	3479935.321	0.7870
275593.898	3479935.425	0.7868
275593.973	3479935.498	0.7867
275594.051	3479935.573	0.7865
275594.130	3479935.647	0.7861
275594.209	3479935.720	0.7857
275594.285	3479935.792	0.7850
275594.358	3479935.861	0.7837
275594.464	3479935.960	0.7806
275594.564	3479936.054	0.7769
275594.660	3479936.147	0.7725
275594.754	3479936.237	0.7675
275594.844	3479936.325	0.7618
275594.932	3479936.411	0.7561
275595.016	3479936.495	0.7503
275595.098	3479936.577	0.7448
275595.179	3479936.659	0.7394
275595.261	3479936.744	0.7340
275595.349	3479936.836	0.7287
275595.445	3479936.939	0.7228
275595.546	3479937.050	0.7162
275595.617	3479937.127	0.7113
275595.690	3479937.208	0.7055
275595.765	3479937.293	0.6993
275595.842	3479937.381	0.6923
275595.920	3479937.472	0.6846
275596.000	3479937.566	0.6763
275596.081	3479937.661	0.6674
275596.160	3479937.756	0.6585
275596.239	3479937.850	0.6497
275596.315	3479937.944	0.6412
275596.390	3479938.037	0.6333
275596.462	3479938.128	0.6255
275596.531	3479938.218	0.6181
275596.599	3479938.306	0.6112
275596.664	3479938.393	0.6042
275596.728	3479938.479	0.5972
275596.791	3479938.563	0.5907
275596.852	3479938.649	0.5848
275596.913	3479938.736	0.5791
275596.974	3479938.826	0.5739
275597.038	3479938.918	0.5692
275597.102	3479939.013	0.5650
275597.169	3479939.111	0.5612
275597.236	3479939.212	0.5575
275597.305	3479939.316	0.5538
275597.376	3479939.423	0.5500
275597.447	3479939.534	0.5458
275597.519	3479939.647	0.5412
275597.592	3479939.761	0.5360
275597.664	3479939.875	0.5304
275597.734	3479939.989	0.5244
275597.803	3479940.102	0.5181
275597.871	3479940.213	0.5117
275597.936	3479940.324	0.5052
275598.000	3479940.433	0.4988
275598.062	3479940.542	0.4925
275598.124	3479940.648	0.4864
275598.183	3479940.753	0.4804
275598.242	3479940.857	0.4746
275598.300	3479940.961	0.4690
275598.359	3479941.069	0.4629
275598.419	3479941.179	0.4569
275598.479	3479941.292	0.4512
275598.540	3479941.408	0.4457
275598.601	3479941.528	0.4407
275598.664	3479941.650	0.4361
275598.727	3479941.774	0.4321
275598.791	3479941.903	0.4288
275598.854	3479942.034	0.4254
275598.919	3479942.168	0.4218
275598.984	3479942.304	0.4183
275599.050	3479942.442	0.4149
275599.116	3479942.583	0.4114
275599.182	3479942.727	0.4080
275599.250	3479942.872	0.4045
275599.317	3479943.020	0.4010
275599.385	3479943.170	0.3975
275599.452	3479943.321	0.3939
275599.521	3479943.474	0.3904
275599.589	3479943.628	0.3871
275599.657	3479943.785	0.3840
275599.726	3479943.943	0.3811
275599.795	3479944.103	0.3789
275599.863	3479944.265	0.3775
275599.932	3479944.429	0.3767
275600.002	3479944.593	0.3762
275600.071	3479944.758	0.3758
275600.141	3479944.922	0.3752
275600.209	3479945.085	0.3744
275600.277	3479945.245	0.3741
275600.343	3479945.403	0.3738
275600.409	3479945.559	0.3732
275600.473	3479945.712	0.3727
275600.536	3479945.864	0.3723
275600.598	3479946.013	0.3719
275600.660	3479946.161	0.3714
275600.720	3479946.306	0.3711
275600.782	3479946.451	0.3708
275600.844	3479946.598	0.3703
275600.906	3479946.745	0.3698
275600.969	3479946.894	0.3694
275601.033	3479947.044	0.3690
275601.097	3479947.197	0.3687
275601.162	3479947.351	0.3682
275601.227	3479947.507	0.3678
275601.292	3479947.664	0.3677
275601.358	3479947.823	0.3678
275601.425	3479947.985	0.3677
275601.492	3479948.149	0.3677
275601.559	3479948.315	0.3675
275601.627	3479948.482	0.3673
275601.695	3479948.651	0.3674
275601.765	3479948.821	0.3674
275601.835	3479948.992	0.3671
275601.905	3479949.166	0.3672
275601.976	3479949.341	0.3671
275602.048	3479949.517	0.3672
275602.122	3479949.694	0.3673
275602.196	3479949.872	0.3672
275602.272	3479950.051	0.3670
275602.347	3479950.232	0.3669
275602.424	3479950.415	0.3670
275602.501	3479950.599	0.3670
275602.540	3479950.692	0.3668
275602.578	3479950.784	0.3668
275602.617	3479950.878	0.3667
275602.656	3479950.971	0.3668
275602.695	3479951.065	0.3669
275602.734	3479951.159	0.3669
275602.773	3479951.253	0.3669
275602.812	3479951.347	0.3670
275602.851	3479951.441	0.3670
275602.891	3479951.535	0.3670
275602.930	3479951.629	0.3670
275602.970	3479951.723	0.3669
275603.009	3479951.818	0.3667
275603.049	3479951.913	0.3668
275603.088	3479952.007	0.3668
275603.128	3479952.102	0.3668
275603.167	3479952.197	0.3667
275603.207	3479952.291	0.3666
275603.247	3479952.386	0.3665
275603.287	3479952.480	0.3665
275603.327	3479952.574	0.3665
275603.366	3479952.668	0.3666
275603.405	3479952.761	0.3665
275603.443	3479952.854	0.3666
275603.482	3479952.947	0.3666
275603.559	3479953.131	0.3666
275603.635	3479953.314	0.3665
275603.711	3479953.497	0.3663
275603.786	3479953.677	0.3665
275603.860	3479953.856	0.3666
275603.933	3479954.032	0.3668
275604.005	3479954.208	0.3672
275604.077	3479954.381	0.3672
275604.149	3479954.553	0.3676
275604.220	3479954.724	0.3678
275604.290	3479954.893	0.3679
275604.359	3479955.060	0.3683
275604.427	3479955.224	0.3686
275604.495	3479955.386	0.3693
275604.562	3479955.545	0.3701
275604.628	3479955.702	0.3705
275604.691	3479955.854	0.3710
275604.753	3479956.003	0.3717
275604.814	3479956.148	0.3721
275604.873	3479956.289	0.3723
275604.930	3479956.427	0.3729
275604.986	3479956.560	0.3733
275605.041	3479956.688	0.3735
275605.093	3479956.811	0.3737
275605.142	3479956.925	0.3741
275605.187	3479957.031	0.3744
275605.229	3479957.129	0.3746
275605.284	3479957.259	0.3749
275605.330	3479957.366	0.3750
275605.376	3479957.472	0.3750
