120.7763904	31.5937743
120.7763893	31.5937738
120.7763881	31.5937732
120.7763870	31.5937727
120.7763858	31.5937722
120.7763847	31.5937717
120.7763835	31.5937711
120.7763823	31.5937706
120.7763811	31.5937700
120.7763800	31.5937695
120.7763788	31.5937690
120.7763776	31.5937684
120.7763764	31.5937679
120.7763752	31.5937673
120.7763739	31.5937668
120.7763727	31.5937662
120.7763715	31.5937657
120.7763703	31.5937651
120.7763691	31.5937645
120.7763678	31.5937640
120.7763666	31.5937635
120.7763654	31.5937629
120.7763642	31.5937624
120.7763629	31.5937618
120.7763617	31.5937612
120.7763605	31.5937607
120.7763592	31.5937601
120.7763580	31.5937596
120.7763567	31.5937590
120.7763554	31.5937584
120.7763542	31.5937579
120.7763529	31.5937573
120.7763516	31.5937567
120.7763503	31.5937561
120.7763490	31.5937555
120.7763477	31.5937549
120.7763464	31.5937543
120.7763450	31.5937537
120.7763436	31.5937531
120.7763423	31.5937525
120.7763409	31.5937518
120.7763395	31.5937512
120.7763380	31.5937505
120.7763366	31.5937499
120.7763352	31.5937492
120.7763337	31.5937485
120.7763322	31.5937478
120.7763307	31.5937472
120.7763292	31.5937465
120.7763277	31.5937458
120.7763262	31.5937451
120.7763247	31.5937444
120.7763231	31.5937436
120.7763215	31.5937429
120.7763199	31.5937422
120.7763183	31.5937415
120.7763167	31.5937407
120.7763151	31.5937400
120.7763135	31.5937392
120.7763119	31.5937385
120.7763102	31.5937378
120.7763085	31.5937370
120.7763069	31.5937363
120.7763052	31.5937355
120.7763035	31.5937348
120.7763018	31.5937340
120.7763001	31.5937332
120.7762983	31.5937324
120.7762966	31.5937316
120.7762948	31.5937308
120.7762931	31.5937301
120.7762913	31.5937293
120.7762895	31.5937285
120.7762877	31.5937277
120.7762859	31.5937268
120.7762840	31.5937260
120.7762822	31.5937252
120.7762804	31.5937243
120.7762785	31.5937235
120.7762766	31.5937227
120.7762748	31.5937218
120.7762729	31.5937210
120.7762710	31.5937202
120.7762690	31.5937193
120.7762671	31.5937185
120.7762652	31.5937176
120.7762632	31.5937167
120.7762613	31.5937159
120.7762593	31.5937150
120.7762574	31.5937141
120.7762554	31.5937132
120.7762534	31.5937123
120.7762514	31.5937114
120.7762494	31.5937105
120.7762474	31.5937096
120.7762453	31.5937087
120.7762433	31.5937078
120.7762413	31.5937069
120.7762392	31.5937060
120.7762371	31.5937050
120.7762350	31.5937041
120.7762330	31.5937031
120.7762309	31.5937022
120.7762288	31.5937012
120.7762266	31.5937003
120.7762245	31.5936993
120.7762224	31.5936983
120.7762203	31.5936973
120.7762181	31.5936964
120.7762159	31.5936954
120.7762138	31.5936944
120.7762116	31.5936934
120.7762094	31.5936924
120.7762072	31.5936914
120.7762050	31.5936904
120.7762028	31.5936894
120.7762006	31.5936884
120.7761984	31.5936874
120.7761962	31.5936864
120.7761939	31.5936853
120.7761917	31.5936843
120.7761894	31.5936833
120.7761871	31.5936823
120.7761849	31.5936812
120.7761826	31.5936802
120.7761803	31.5936791
120.7761780	31.5936781
120.7761757	31.5936771
120.7761734	31.5936760
120.7761710	31.5936749
120.7761687	31.5936739
120.7761664	31.5936728
120.7761640	31.5936717
120.7761617	31.5936707
120.7761593	31.5936696
120.7761569	31.5936685
120.7761545	31.5936674
120.7761521	31.5936663
120.7761498	31.5936653
120.7761474	31.5936642
120.7761450	31.5936631
120.7761425	31.5936620
120.7761401	31.5936609
120.7761377	31.5936598
120.7761353	31.5936588
120.7761329	31.5936577
120.7761305	31.5936566
120.7761281	31.5936555
120.7761257	31.5936544
120.7761233	31.5936534
120.7761208	31.5936523
120.7761184	31.5936512
120.7761160	31.5936501
120.7761136	31.5936491
120.7761112	31.5936480
120.7761088	31.5936469
120.7761063	31.5936458
120.7761039	31.5936447
120.7761014	31.5936436
120.7760989	31.5936425
120.7760964	31.5936414
120.7760939	31.5936403
120.7760914	31.5936392
120.7760889	31.5936381
120.7760864	31.5936369
120.7760839	31.5936358
120.7760814	31.5936347
120.7760789	31.5936336
120.7760764	31.5936325
120.7760739	31.5936314
120.7760714	31.5936303
120.7760689	31.5936292
120.7760664	31.5936281
120.7760639	31.5936270
120.7760614	31.5936259
120.7760589	31.5936248
120.7760563	31.5936236
120.7760538	31.5936225
120.7760513	31.5936214
120.7760488	31.5936203
120.7760462	31.5936191
120.7760437	31.5936180
120.7760412	31.5936169
120.7760387	31.5936158
120.7760361	31.5936147
120.7760336	31.5936135
120.7760311	31.5936124
120.7760286	31.5936113
120.7760261	31.5936102
120.7760236	31.5936091
120.7760211	31.5936080
120.7760186	31.5936069
120.7760160	31.5936057
120.7760135	31.5936046
120.7760110	31.5936035
120.7760084	31.5936024
120.7760059	31.5936012
120.7760033	31.5936001
120.7760008	31.5935990
120.7759982	31.5935979
120.7759957	31.5935967
120.7759932	31.5935956
120.7759906	31.5935945
120.7759881	31.5935934
120.7759856	31.5935923
120.7759831	31.5935912
120.7759806	31.5935901
120.7759781	31.5935890
120.7759756	31.5935879
120.7759731	31.5935869
120.7759706	31.5935858
120.7759681	31.5935847
120.7759657	31.5935836
120.7759632	31.5935826
120.7759607	31.5935815
120.7759582	31.5935804
120.7759558	31.5935793
120.7759533	31.5935783
120.7759508	31.5935772
120.7759483	31.5935761
120.7759458	31.5935750
120.7759434	31.5935739
120.7759409	31.5935728
120.7759384	31.5935718
120.7759359	31.5935707
120.7759334	31.5935696
120.7759309	31.5935685
120.7759284	31.5935674
120.7759259	31.5935663
120.7759234	31.5935652
120.7759209	31.5935641
120.7759184	31.5935630
120.7759159	31.5935619
120.7759134	31.5935608
120.7759109	31.5935597
120.7759084	31.5935587
120.7759058	31.5935576
120.7759033	31.5935565
120.7759008	31.5935554
120.7758983	31.5935543
120.7758958	31.5935532
120.7758933	31.5935521
120.7758907	31.5935510
120.7758882	31.5935499
120.7758857	31.5935488
120.7758831	31.5935476
120.7758806	31.5935465
120.7758781	31.5935454
120.7758755	31.5935443
120.7758730	31.5935432
120.7758705	31.5935421
120.7758679	31.5935410
120.7758654	31.5935399
120.7758628	31.5935388
120.7758603	31.5935376
120.7758577	31.5935365
120.7758552	31.5935354
120.7758526	31.5935343
120.7758501	31.5935332
120.7758475	31.5935321
120.7758449	31.5935310
120.7758423	31.5935298
120.7758398	31.5935287
120.7758372	31.5935276
120.7758346	31.5935265
120.7758320	31.5935254
120.7758295	31.5935243
120.7758269	31.5935231
120.7758243	31.5935220
120.7758217	31.5935209
120.7758191	31.5935198
120.7758165	31.5935187
120.7758139	31.5935176
120.7758113	31.5935164
120.7758087	31.5935153
120.7758062	31.5935142
120.7758036	31.5935131
120.7758010	31.5935119
120.7757984	31.5935108
120.7757958	31.5935097
120.7757932	31.5935086
120.7757906	31.5935074
120.7757879	31.5935063
120.7757853	31.5935052
120.7757827	31.5935041
120.7757801	31.5935029
120.7757775	31.5935018
120.7757749	31.5935007
120.7757723	31.5934996
120.7757697	31.5934984
120.7757671	31.5934973
120.7757644	31.5934962
120.7757618	31.5934950
120.7757592	31.5934939
120.7757566	31.5934928
120.7757539	31.5934916
120.7757513	31.5934905
120.7757487	31.5934894
120.7757460	31.5934882
120.7757434	31.5934871
120.7757407	31.5934859
120.7757381	31.5934848
120.7757354	31.5934836
120.7757328	31.5934825
120.7757301	31.5934813
120.7757274	31.5934802
120.7757248	31.5934790
120.7757221	31.5934779
120.7757195	31.5934767
120.7757168	31.5934756
120.7757141	31.5934744
120.7757114	31.5934733
120.7757088	31.5934721
120.7757061	31.5934710
120.7757034	31.5934698
120.7757007	31.5934687
120.7756980	31.5934675
120.7756954	31.5934663
120.7756927	31.5934652
120.7756900	31.5934640
120.7756873	31.5934629
120.7756846	31.5934617
120.7756819	31.5934606
120.7756792	31.5934594
120.7756766	31.5934583
120.7756739	31.5934571
120.7756712	31.5934560
120.7756685	31.5934548
120.7756658	31.5934537
120.7756631	31.5934525
120.7756604	31.5934514
120.7756577	31.5934502
120.7756550	31.5934491
120.7756523	31.5934479
120.7756496	31.5934468
120.7756469	31.5934456
120.7756442	31.5934445
120.7756415	31.5934433
120.7756388	31.5934422
120.7756361	31.5934410
120.7756334	31.5934398
120.7756307	31.5934387
120.7756280	31.5934375
120.7756253	31.5934363
120.7756226	31.5934352
120.7756198	31.5934340
120.7756171	31.5934328
120.7756144	31.5934317
120.7756117	31.5934305
120.7756090	31.5934293
120.7756063	31.5934282
120.7756035	31.5934270
120.7756008	31.5934258
120.7755981	31.5934247
120.7755954	31.5934235
120.7755927	31.5934223
120.7755899	31.5934212
120.7755872	31.5934200
120.7755845	31.5934188
120.7755818	31.5934177
120.7755791	31.5934165
120.7755763	31.5934153
120.7755736	31.5934142
120.7755709	31.5934130
120.7755682	31.5934118
120.7755654	31.5934107
120.7755627	31.5934095
120.7755600	31.5934083
120.7755573	31.5934071
120.7755546	31.5934060
120.7755518	31.5934048
120.7755491	31.5934036
120.7755464	31.5934024
120.7755437	31.5934012
120.7755409	31.5934001
120.7755382	31.5933989
120.7755355	31.5933977
120.7755328	31.5933965
120.7755300	31.5933953
120.7755273	31.5933941
120.7755246	31.5933929
120.7755218	31.5933917
120.7755191	31.5933905
120.7755164	31.5933893
120.7755137	31.5933881
120.7755109	31.5933869
120.7755082	31.5933857
120.7755054	31.5933845
120.7755027	31.5933833
120.7755000	31.5933821
120.7754972	31.5933809
120.7754945	31.5933797
120.7754918	31.5933785
120.7754890	31.5933773
120.7754863	31.5933761
120.7754835	31.5933749
120.7754808	31.5933737
120.7754781	31.5933724
120.7754753	31.5933712
120.7754726	31.5933700
120.7754698	31.5933688
120.7754670	31.5933676
120.7754643	31.5933665
120.7754615	31.5933653
120.7754588	31.5933640
120.7754560	31.5933628
120.7754532	31.5933616
120.7754505	31.5933604
120.7754477	31.5933592
120.7754449	31.5933580
120.7754422	31.5933568
120.7754394	31.5933556
120.7754367	31.5933544
120.7754339	31.5933532
120.7754311	31.5933520
120.7754284	31.5933508
120.7754256	31.5933496
120.7754228	31.5933484
120.7754200	31.5933472
120.7754173	31.5933460
120.7754145	31.5933447
120.7754118	31.5933435
120.7754090	31.5933423
120.7754062	31.5933411
120.7754035	31.5933399
120.7754007	31.5933387
120.7753979	31.5933374
120.7753952	31.5933362
120.7753924	31.5933350
120.7753896	31.5933338
120.7753868	31.5933326
120.7753841	31.5933313
120.7753813	31.5933301
120.7753785	31.5933289
120.7753757	31.5933277
120.7753730	31.5933264
120.7753702	31.5933252
120.7753674	31.5933240
120.7753646	31.5933228
120.7753619	31.5933215
120.7753591	31.5933203
120.7753563	31.5933191
120.7753535	31.5933179
120.7753507	31.5933167
120.7753479	31.5933154
120.7753452	31.5933142
120.7753424	31.5933130
120.7753396	31.5933118
120.7753368	31.5933105
120.7753340	31.5933093
120.7753312	31.5933081
120.7753284	31.5933069
120.7753256	31.5933056
120.7753228	31.5933044
120.7753201	31.5933032
120.7753173	31.5933020
120.7753145	31.5933007
120.7753117	31.5932995
120.7753089	31.5932983
120.7753061	31.5932970
120.7753033	31.5932958
120.7753005	31.5932946
120.7752977	31.5932934
120.7752949	31.5932922
120.7752921	31.5932909
120.7752893	31.5932897
120.7752865	31.5932885
120.7752837	31.5932873
120.7752809	31.5932860
120.7752781	31.5932848
120.7752753	31.5932836
120.7752724	31.5932824
120.7752696	31.5932811
120.7752668	31.5932799
120.7752640	31.5932787
120.7752612	31.5932774
120.7752584	31.5932762
120.7752556	31.5932750
120.7752528	31.5932737
120.7752499	31.5932725
120.7752471	31.5932713
120.7752443	31.5932700
120.7752415	31.5932688
120.7752387	31.5932676
120.7752358	31.5932663
120.7752330	31.5932651
120.7752302	31.5932638
120.7752274	31.5932626
120.7752245	31.5932614
120.7752217	31.5932601
120.7752189	31.5932589
120.7752160	31.5932576
120.7752132	31.5932564
120.7752104	31.5932551
120.7752075	31.5932539
120.7752047	31.5932527
120.7752019	31.5932514
120.7751990	31.5932502
120.7751962	31.5932489
120.7751934	31.5932477
120.7751905	31.5932465
120.7751877	31.5932452
120.7751848	31.5932440
120.7751820	31.5932427
120.7751792	31.5932415
120.7751763	31.5932402
120.7751735	31.5932390
120.7751706	31.5932378
120.7751678	31.5932365
120.7751649	31.5932353
120.7751621	31.5932340
120.7751592	31.5932328
120.7751564	31.5932315
120.7751535	31.5932303
120.7751507	31.5932290
120.7751478	31.5932278
120.7751450	31.5932266
120.7751421	31.5932253
120.7751393	31.5932241
120.7751364	31.5932228
120.7751336	31.5932216
120.7751307	31.5932204
120.7751279	31.5932191
120.7751251	31.5932179
120.7751223	31.5932167
120.7751195	31.5932155
120.7751167	31.5932143
120.7751139	31.5932131
120.7751111	31.5932119
120.7751083	31.5932107
120.7751055	31.5932095
120.7751028	31.5932083
120.7751000	31.5932071
120.7750973	31.5932059
120.7750946	31.5932048
120.7750919	31.5932036
120.7750892	31.5932024
120.7750865	31.5932013
120.7750838	31.5932001
120.7750811	31.5931990
120.7750785	31.5931978
120.7750758	31.5931967
120.7750732	31.5931955
120.7750706	31.5931944
120.7750679	31.5931933
120.7750653	31.5931922
120.7750627	31.5931910
120.7750601	31.5931899
120.7750576	31.5931888
120.7750550	31.5931877
120.7750524	31.5931866
120.7750499	31.5931855
120.7750473	31.5931844
120.7750448	31.5931833
120.7750423	31.5931823
120.7750398	31.5931812
120.7750373	31.5931801
120.7750348	31.5931790
120.7750323	31.5931780
120.7750298	31.5931769
120.7750273	31.5931758
120.7750248	31.5931747
120.7750223	31.5931737
120.7750198	31.5931726
120.7750173	31.5931715
120.7750148	31.5931705
120.7750123	31.5931694
120.7750099	31.5931683
120.7750074	31.5931673
120.7750049	31.5931662
120.7750025	31.5931652
120.7750000	31.5931641
120.7749976	31.5931631
120.7749951	31.5931621
120.7749927	31.5931610
120.7749903	31.5931600
120.7749879	31.5931590
120.7749855	31.5931579
120.7749831	31.5931569
120.7749808	31.5931559
120.7749784	31.5931549
120.7749760	31.5931539
120.7749737	31.5931529
120.7749714	31.5931519
120.7749690	31.5931509
120.7749667	31.5931499
120.7749644	31.5931490
120.7749621	31.5931480
120.7749598	31.5931470
120.7749575	31.5931460
120.7749553	31.5931451
120.7749530	31.5931441
120.7749508	31.5931432
120.7749485	31.5931422
120.7749463	31.5931413
120.7749441	31.5931403
120.7749419	31.5931394
120.7749397	31.5931385
120.7749375	31.5931376
120.7749353	31.5931366
120.7749332	31.5931357
120.7749310	31.5931348
120.7749289	31.5931339
120.7749268	31.5931330
120.7749246	31.5931321
120.7749225	31.5931312
120.7749204	31.5931303
120.7749183	31.5931294
120.7749163	31.5931285
120.7749142	31.5931276
120.7749121	31.5931267
120.7749101	31.5931259
120.7749080	31.5931250
120.7749060	31.5931241
120.7749040	31.5931233
120.7749020	31.5931224
120.7749000	31.5931215
120.7748980	31.5931207
120.7748960	31.5931198
120.7748940	31.5931190
120.7748921	31.5931182
120.7748901	31.5931173
120.7748882	31.5931165
120.7748862	31.5931157
120.7748843	31.5931148
120.7748824	31.5931140
120.7748805	31.5931132
120.7748786	31.5931124
120.7748767	31.5931116
120.7748748	31.5931108
120.7748729	31.5931099
120.7748711	31.5931091
120.7748692	31.5931083
120.7748674	31.5931076
120.7748656	31.5931068
120.7748638	31.5931060
120.7748619	31.5931052
120.7748601	31.5931044
120.7748583	31.5931036
120.7748566	31.5931028
120.7748548	31.5931020
120.7748530	31.5931012
120.7748512	31.5931004
120.7748494	31.5930996
120.7748476	31.5930988
120.7748458	31.5930979
120.7748441	31.5930971
120.7748423	31.5930963
120.7748405	31.5930954
120.7748387	31.5930946
120.7748370	31.5930937
120.7748352	31.5930929
120.7748335	31.5930920
120.7748317	31.5930912
120.7748300	31.5930903
120.7748282	31.5930894
120.7748265	31.5930885
120.7748248	31.5930876
120.7748230	31.5930867
120.7748213	31.5930858
120.7748196	31.5930848
120.7748179	31.5930839
120.7748162	31.5930829
120.7748145	31.5930819
120.7748128	31.5930810
120.7748112	31.5930800
120.7748095	31.5930790
120.7748078	31.5930780
120.7748061	31.5930770
120.7748045	31.5930760
120.7748028	31.5930750
120.7748011	31.5930740
120.7747995	31.5930729
120.7747978	31.5930719
120.7747962	31.5930709
120.7747946	31.5930698
120.7747930	31.5930687
120.7747914	31.5930676
120.7747898	31.5930665
120.7747882	31.5930654
120.7747866	31.5930643
120.7747850	31.5930631
120.7747835	31.5930620
120.7747819	31.5930608
120.7747803	31.5930597
120.7747788	31.5930585
120.7747773	31.5930573
120.7747758	31.5930561
120.7747742	31.5930549
120.7747727	31.5930537
120.7747712	31.5930524
120.7747697	31.5930512
120.7747683	31.5930500
120.7747668	31.5930487
120.7747653	31.5930474
120.7747639	31.5930461
120.7747624	31.5930448
120.7747610	31.5930435
120.7747595	31.5930422
120.7747581	31.5930410
120.7747567	31.5930397
120.7747554	31.5930383
120.7747540	31.5930370
120.7747527	31.5930357
120.7747513	31.5930343
120.7747500	31.5930330
120.7747487	31.5930316
120.7747474	31.5930302
120.7747461	31.5930289
120.7747448	31.5930275
120.7747435	31.5930261
120.7747423	31.5930247
120.7747410	31.5930233
120.7747398	31.5930219
120.7747386	31.5930204
120.7747374	31.5930190
120.7747362	31.5930175
120.7747350	31.5930161
120.7747338	31.5930146
120.7747327	31.5930131
120.7747315	31.5930116
120.7747304	31.5930101
120.7747293	31.5930086
120.7747282	31.5930071
120.7747271	31.5930055
120.7747261	31.5930039
120.7747250	31.5930024
120.7747240	31.5930008
120.7747230	31.5929992
120.7747219	31.5929976
120.7747210	31.5929960
120.7747200	31.5929944
120.7747190	31.5929928
120.7747181	31.5929912
120.7747171	31.5929895
120.7747162	31.5929879
120.7747153	31.5929862
120.7747144	31.5929846
120.7747135	31.5929829
120.7747127	31.5929813
120.7747118	31.5929796
120.7747110	31.5929780
120.7747101	31.5929763
120.7747093	31.5929746
120.7747085	31.5929729
120.7747077	31.5929713
120.7747069	31.5929696
120.7747062	31.5929679
120.7747054	31.5929662
120.7747047	31.5929645
120.7747040	31.5929627
120.7747033	31.5929610
120.7747027	31.5929593
120.7747020	31.5929576
120.7747013	31.5929558
120.7747007	31.5929541
120.7747001	31.5929524
120.7746995	31.5929506
120.7746989	31.5929489
120.7746984	31.5929471
120.7746979	31.5929453
120.7746974	31.5929435
120.7746969	31.5929418
120.7746964	31.5929400
120.7746960	31.5929382
120.7746955	31.5929364
120.7746951	31.5929346
120.7746947	31.5929328
120.7746944	31.5929311
120.7746940	31.5929293
120.7746937	31.5929275
120.7746934	31.5929256
120.7746931	31.5929238
120.7746928	31.5929220
120.7746926	31.5929202
120.7746923	31.5929184
120.7746920	31.5929166
120.7746918	31.5929148
120.7746916	31.5929129
120.7746914	31.5929111
120.7746912	31.5929092
120.7746911	31.5929074
120.7746910	31.5929055
120.7746909	31.5929037
120.7746908	31.5929018
120.7746907	31.5929000
120.7746906	31.5928981
120.7746906	31.5928962
120.7746905	31.5928944
120.7746905	31.5928925
120.7746905	31.5928906
120.7746905	31.5928888
120.7746905	31.5928869
120.7746905	31.5928850
120.7746906	31.5928831
120.7746907	31.5928813
120.7746908	31.5928794
120.7746909	31.5928775
120.7746910	31.5928756
120.7746912	31.5928737
120.7746913	31.5928718
120.7746915	31.5928698
120.7746917	31.5928679
120.7746920	31.5928659
120.7746923	31.5928640
120.7746926	31.5928620
120.7746929	31.5928600
120.7746932	31.5928580
120.7746935	31.5928561
120.7746938	31.5928541
120.7746942	31.5928521
120.7746946	31.5928501
120.7746950	31.5928482
120.7746955	31.5928462
120.7746959	31.5928443
120.7746964	31.5928424
120.7746969	31.5928404
120.7746974	31.5928385
120.7746979	31.5928366
120.7746985	31.5928346
120.7746991	31.5928327
120.7746998	31.5928308
120.7747004	31.5928289
120.7747011	31.5928270
120.7747018	31.5928252
120.7747025	31.5928233
120.7747032	31.5928215
120.7747039	31.5928196
120.7747047	31.5928178
120.7747054	31.5928160
120.7747062	31.5928143
120.7747070	31.5928125
120.7747078	31.5928107
120.7747086	31.5928090
120.7747094	31.5928073
120.7747103	31.5928055
120.7747111	31.5928038
120.7747120	31.5928022
120.7747129	31.5928005
120.7747138	31.5927989
120.7747147	31.5927972
120.7747157	31.5927956
120.7747166	31.5927940
120.7747176	31.5927925
120.7747185	31.5927909
120.7747195	31.5927893
120.7747205	31.5927878
120.7747215	31.5927863
120.7747225	31.5927848
120.7747235	31.5927833
120.7747245	31.5927818
120.7747255	31.5927804
120.7747265	31.5927789
120.7747275	31.5927775
120.7747286	31.5927760
120.7747296	31.5927746
120.7747306	31.5927732
120.7747317	31.5927718
120.7747327	31.5927705
120.7747338	31.5927691
120.7747348	31.5927678
120.7747359	31.5927664
120.7747369	31.5927651
120.7747379	31.5927638
120.7747390	31.5927625
120.7747400	31.5927612
120.7747411	31.5927600
120.7747421	31.5927587
120.7747432	31.5927574
120.7747442	31.5927562
120.7747452	31.5927550
120.7747462	31.5927538
120.7747472	31.5927525
120.7747482	31.5927513
120.7747492	31.5927502
120.7747502	31.5927490
120.7747512	31.5927478
120.7747522	31.5927466
120.7747532	31.5927455
120.7747541	31.5927443
120.7747550	31.5927431
120.7747559	31.5927419
120.7747568	31.5927407
120.7747577	31.5927396
120.7747586	31.5927384
120.7747595	31.5927373
120.7747604	31.5927361
120.7747612	31.5927350
120.7747621	31.5927338
120.7747629	31.5927327
120.7747638	31.5927316
120.7747647	31.5927304
120.7747655	31.5927293
120.7747664	31.5927282
120.7747672	31.5927270
120.7747681	31.5927259
120.7747690	31.5927248
120.7747698	31.5927236
120.7747707	31.5927225
120.7747716	31.5927213
120.7747725	31.5927201
120.7747734	31.5927189
120.7747743	31.5927178
120.7747752	31.5927166
120.7747761	31.5927154
120.7747770	31.5927142
120.7747779	31.5927130
120.7747788	31.5927118
120.7747797	31.5927107
120.7747806	31.5927095
120.7747815	31.5927083
120.7747824	31.5927071
120.7747834	31.5927058
120.7747843	31.5927046
120.7747852	31.5927034
120.7747861	31.5927022
120.7747870	31.5927010
120.7747879	31.5926998
120.7747889	31.5926986
120.7747898	31.5926973
120.7747907	31.5926961
120.7747917	31.5926949
120.7747926	31.5926937
120.7747936	31.5926924
120.7747945	31.5926912
120.7747954	31.5926900
120.7747964	31.5926887
120.7747973	31.5926875
120.7747983	31.5926862
120.7747992	31.5926850
120.7748002	31.5926838
120.7748011	31.5926825
120.7748021	31.5926812
120.7748030	31.5926800
120.7748040	31.5926787
120.7748049	31.5926775
120.7748059	31.5926762
120.7748068	31.5926749
120.7748078	31.5926737
120.7748088	31.5926724
120.7748098	31.5926712
120.7748108	31.5926700
120.7748118	31.5926687
120.7748128	31.5926675
120.7748138	31.5926662
120.7748148	31.5926650
120.7748159	31.5926637
120.7748169	31.5926624
120.7748179	31.5926612
120.7748189	31.5926599
120.7748199	31.5926587
120.7748209	31.5926574
120.7748219	31.5926561
120.7748230	31.5926548
120.7748240	31.5926536
120.7748250	31.5926523
120.7748260	31.5926510
120.7748271	31.5926497
120.7748281	31.5926484
120.7748291	31.5926472
120.7748302	31.5926459
120.7748312	31.5926446
120.7748322	31.5926433
120.7748333	31.5926420
120.7748343	31.5926407
120.7748353	31.5926394
120.7748364	31.5926381
120.7748374	31.5926368
120.7748384	31.5926355
120.7748395	31.5926342
120.7748405	31.5926328
120.7748416	31.5926315
120.7748426	31.5926302
120.7748437	31.5926289
120.7748447	31.5926276
120.7748458	31.5926262
120.7748468	31.5926249
120.7748479	31.5926236
120.7748489	31.5926223
120.7748500	31.5926210
120.7748511	31.5926196
120.7748522	31.5926183
120.7748532	31.5926170
120.7748543	31.5926157
120.7748554	31.5926143
120.7748564	31.5926130
120.7748575	31.5926117
120.7748586	31.5926103
120.7748597	31.5926090
120.7748608	31.5926077
120.7748619	31.5926063
120.7748630	31.5926050
120.7748641	31.5926036
120.7748651	31.5926023
120.7748662	31.5926009
120.7748673	31.5925996
120.7748684	31.5925982
120.7748695	31.5925969
120.7748706	31.5925955
120.7748717	31.5925941
120.7748729	31.5925928
120.7748740	31.5925914
120.7748751	31.5925900
120.7748762	31.5925886
120.7748773	31.5925873
120.7748785	31.5925859
120.7748796	31.5925845
120.7748807	31.5925831
120.7748818	31.5925817
120.7748830	31.5925803
120.7748841	31.5925789
120.7748853	31.5925775
120.7748864	31.5925762
120.7748875	31.5925748
120.7748887	31.5925734
120.7748898	31.5925720
120.7748910	31.5925706
120.7748921	31.5925692
120.7748932	31.5925678
120.7748944	31.5925664
120.7748955	31.5925650
120.7748967	31.5925636
120.7748978	31.5925622
120.7748989	31.5925608
120.7749001	31.5925594
120.7749012	31.5925580
120.7749023	31.5925566
120.7749035	31.5925552
120.7749046	31.5925538
120.7749058	31.5925524
120.7749069	31.5925510
120.7749081	31.5925496
120.7749092	31.5925482
120.7749104	31.5925468
120.7749115	31.5925454
120.7749127	31.5925440
120.7749138	31.5925426
120.7749150	31.5925411
120.7749162	31.5925397
120.7749174	31.5925383
120.7749185	31.5925369
120.7749197	31.5925355
120.7749209	31.5925340
120.7749220	31.5925326
120.7749232	31.5925312
120.7749244	31.5925297
120.7749256	31.5925283
120.7749268	31.5925268
120.7749280	31.5925254
120.7749291	31.5925240
120.7749303	31.5925225
120.7749315	31.5925211
120.7749327	31.5925196
120.7749339	31.5925181
120.7749351	31.5925167
120.7749363	31.5925152
120.7749375	31.5925137
120.7749388	31.5925123
120.7749400	31.5925108
120.7749412	31.5925093
120.7749424	31.5925078
120.7749436	31.5925063
120.7749448	31.5925048
120.7749460	31.5925034
120.7749472	31.5925019
120.7749485	31.5925004
120.7749497	31.5924989
120.7749509	31.5924974
120.7749522	31.5924959
120.7749534	31.5924944
120.7749546	31.5924929
120.7749559	31.5924913
120.7749571	31.5924898
120.7749584	31.5924883
120.7749596	31.5924868
120.7749609	31.5924853
120.7749621	31.5924838
120.7749634	31.5924822
120.7749646	31.5924807
120.7749659	31.5924792
120.7749672	31.5924776
120.7749684	31.5924760
120.7749697	31.5924745
120.7749710	31.5924729
120.7749722	31.5924714
120.7749735	31.5924698
120.7749748	31.5924682
120.7749761	31.5924667
120.7749774	31.5924651
120.7749787	31.5924635
120.7749800	31.5924619
120.7749813	31.5924604
120.7749826	31.5924588
120.7749839	31.5924572
120.7749852	31.5924556
120.7749865	31.5924540
120.7749878	31.5924524
120.7749891	31.5924508
120.7749904	31.5924492
120.7749917	31.5924476
120.7749930	31.5924460
120.7749943	31.5924444
120.7749956	31.5924428
120.7749969	31.5924412
120.7749982	31.5924396
120.7749996	31.5924380
120.7750009	31.5924364
120.7750022	31.5924348
120.7750035	31.5924332
120.7750049	31.5924316
120.7750062	31.5924299
120.7750075	31.5924283
120.7750089	31.5924267
120.7750102	31.5924250
120.7750115	31.5924234
120.7750129	31.5924218
120.7750142	31.5924201
120.7750156	31.5924185
120.7750169	31.5924169
120.7750183	31.5924152
120.7750196	31.5924136
120.7750209	31.5924119
120.7750223	31.5924103
120.7750236	31.5924086
120.7750250	31.5924069
120.7750264	31.5924053
120.7750277	31.5924036
120.7750291	31.5924019
120.7750304	31.5924003
120.7750318	31.5923986
120.7750332	31.5923969
120.7750346	31.5923952
120.7750359	31.5923936
120.7750373	31.5923919
120.7750387	31.5923902
120.7750401	31.5923885
120.7750415	31.5923868
120.7750428	31.5923851
120.7750442	31.5923834
120.7750456	31.5923817
120.7750471	31.5923800
120.7750485	31.5923783
120.7750499	31.5923766
120.7750513	31.5923749
120.7750527	31.5923731
120.7750541	31.5923714
120.7750555	31.5923697
120.7750569	31.5923680
120.7750583	31.5923663
120.7750597	31.5923646
120.7750611	31.5923629
120.7750625	31.5923612
120.7750639	31.5923595
120.7750653	31.5923579
120.7750666	31.5923562
120.7750680	31.5923545
120.7750694	31.5923528
120.7750707	31.5923512
120.7750721	31.5923495
120.7750734	31.5923479
120.7750748	31.5923463
120.7750761	31.5923446
120.7750774	31.5923430
120.7750787	31.5923414
120.7750800	31.5923398
120.7750814	31.5923382
120.7750827	31.5923366
120.7750839	31.5923350
120.7750852	31.5923335
120.7750865	31.5923319
120.7750878	31.5923303
120.7750890	31.5923288
120.7750903	31.5923272
120.7750916	31.5923257
120.7750928	31.5923241
120.7750941	31.5923226
120.7750953	31.5923211
120.7750965	31.5923195
120.7750977	31.5923180
120.7750989	31.5923165
120.7751001	31.5923150
120.7751013	31.5923135
120.7751025	31.5923120
120.7751037	31.5923105
120.7751049	31.5923090
120.7751060	31.5923076
120.7751072	31.5923061
120.7751084	31.5923046
120.7751095	31.5923031
120.7751106	31.5923017
120.7751118	31.5923002
120.7751129	31.5922988
120.7751141	31.5922974
120.7751152	31.5922959
120.7751163	31.5922945
120.7751174	31.5922931
120.7751185	31.5922917
120.7751196	31.5922903
120.7751207	31.5922889
120.7751218	31.5922875
120.7751229	31.5922861
120.7751240	31.5922847
120.7751251	31.5922833
120.7751262	31.5922820
120.7751273	31.5922806
120.7751284	31.5922792
120.7751294	31.5922779
120.7751305	31.5922765
120.7751316	31.5922751
120.7751327	31.5922738
120.7751338	31.5922724
120.7751349	31.5922710
120.7751360	31.5922696
120.7751371	31.5922682
120.7751382	31.5922669
120.7751393	31.5922655
120.7751404	31.5922641
120.7751415	31.5922627
120.7751426	31.5922612
120.7751437	31.5922598
120.7751448	31.5922584
120.7751460	31.5922570
120.7751471	31.5922556
120.7751482	31.5922542
120.7751494	31.5922528
120.7751505	31.5922514
120.7751516	31.5922500
120.7751528	31.5922485
120.7751539	31.5922471
120.7751550	31.5922457
120.7751562	31.5922443
120.7751573	31.5922428
120.7751584	31.5922414
120.7751596	31.5922400
120.7751607	31.5922385
120.7751619	31.5922371
120.7751630	31.5922356
120.7751642	31.5922342
120.7751653	31.5922328
120.7751664	31.5922313
120.7751676	31.5922298
120.7751687	31.5922284
120.7751699	31.5922269
120.7751710	31.5922254
120.7751722	31.5922239
120.7751733	31.5922225
120.7751745	31.5922210
120.7751757	31.5922195
120.7751768	31.5922180
120.7751780	31.5922165
120.7751792	31.5922151
120.7751803	31.5922136
120.7751815	31.5922121
120.7751827	31.5922106
120.7751839	31.5922091
120.7751851	31.5922077
120.7751863	31.5922062
120.7751875	31.5922047
120.7751887	31.5922032
120.7751899	31.5922018
120.7751911	31.5922003
120.7751923	31.5921988
120.7751936	31.5921973
120.7751948	31.5921959
120.7751960	31.5921944
120.7751973	31.5921929
120.7751985	31.5921915
120.7751998	31.5921900
120.7752010	31.5921885
120.7752023	31.5921870
120.7752036	31.5921855
120.7752048	31.5921841
120.7752061	31.5921826
120.7752073	31.5921811
120.7752086	31.5921796
120.7752099	31.5921781
120.7752111	31.5921766
120.7752124	31.5921751
120.7752137	31.5921736
120.7752150	31.5921720
120.7752163	31.5921705
120.7752176	31.5921690
120.7752189	31.5921675
120.7752202	31.5921659
120.7752215	31.5921644
120.7752228	31.5921629
120.7752241	31.5921614
120.7752254	31.5921598
120.7752267	31.5921583
120.7752281	31.5921568
120.7752294	31.5921552
120.7752307	31.5921537
120.7752321	31.5921522
120.7752334	31.5921506
120.7752348	31.5921491
120.7752361	31.5921476
120.7752375	31.5921460
120.7752388	31.5921445
120.7752402	31.5921429
120.7752415	31.5921414
120.7752429	31.5921399
120.7752442	31.5921383
120.7752456	31.5921368
120.7752470	31.5921352
120.7752483	31.5921337
120.7752497	31.5921321
120.7752511	31.5921306
120.7752525	31.5921290
120.7752539	31.5921275
120.7752552	31.5921259
120.7752566	31.5921244
120.7752580	31.5921228
120.7752594	31.5921212
120.7752608	31.5921197
120.7752622	31.5921181
120.7752636	31.5921165
120.7752650	31.5921150
120.7752664	31.5921134
120.7752678	31.5921118
120.7752692	31.5921103
120.7752706	31.5921087
120.7752720	31.5921071
120.7752734	31.5921055
120.7752748	31.5921040
120.7752763	31.5921024
120.7752777	31.5921008
120.7752791	31.5920992
120.7752805	31.5920976
120.7752819	31.5920960
120.7752833	31.5920944
120.7752848	31.5920928
120.7752862	31.5920912
120.7752876	31.5920896
120.7752890	31.5920880
120.7752905	31.5920864
120.7752919	31.5920848
120.7752933	31.5920832
120.7752948	31.5920816
120.7752962	31.5920800
120.7752976	31.5920784
120.7752990	31.5920768
120.7753005	31.5920751
120.7753019	31.5920735
120.7753033	31.5920719
120.7753047	31.5920703
120.7753062	31.5920686
120.7753076	31.5920670
120.7753090	31.5920654
120.7753104	31.5920637
120.7753119	31.5920621
120.7753133	31.5920605
120.7753148	31.5920588
120.7753162	31.5920572
120.7753176	31.5920555
120.7753191	31.5920539
120.7753205	31.5920522
120.7753220	31.5920506
120.7753234	31.5920489
120.7753249	31.5920473
120.7753263	31.5920457
120.7753278	31.5920440
120.7753293	31.5920424
120.7753308	31.5920407
120.7753322	31.5920391
120.7753337	31.5920374
120.7753352	31.5920358
120.7753367	31.5920342
120.7753381	31.5920325
120.7753396	31.5920309
120.7753411	31.5920292
120.7753426	31.5920276
120.7753441	31.5920259
120.7753455	31.5920242
120.7753470	31.5920226
120.7753485	31.5920209
120.7753500	31.5920193
120.7753515	31.5920176
120.7753529	31.5920159
120.7753544	31.5920142
120.7753559	31.5920126
120.7753573	31.5920109
120.7753588	31.5920092
120.7753602	31.5920075
120.7753617	31.5920058
120.7753632	31.5920041
120.7753646	31.5920024
120.7753661	31.5920007
120.7753675	31.5919990
120.7753690	31.5919973
120.7753705	31.5919956
120.7753719	31.5919939
120.7753734	31.5919922
120.7753749	31.5919905
120.7753763	31.5919888
120.7753778	31.5919871
120.7753792	31.5919854
120.7753807	31.5919837
120.7753822	31.5919820
120.7753836	31.5919803
120.7753851	31.5919786
120.7753866	31.5919769
120.7753881	31.5919752
120.7753895	31.5919735
120.7753910	31.5919718
120.7753925	31.5919701
120.7753939	31.5919684
120.7753954	31.5919667
120.7753969	31.5919650
120.7753984	31.5919633
120.7753998	31.5919616
120.7754013	31.5919599
120.7754028	31.5919582
120.7754043	31.5919565
120.7754058	31.5919548
120.7754073	31.5919531
120.7754088	31.5919515
120.7754102	31.5919498
120.7754117	31.5919481
120.7754132	31.5919464
120.7754147	31.5919447
120.7754163	31.5919430
120.7754178	31.5919414
120.7754193	31.5919397
120.7754208	31.5919380
120.7754224	31.5919363
120.7754239	31.5919346
120.7754254	31.5919330
120.7754269	31.5919313
120.7754285	31.5919296
120.7754300	31.5919279
120.7754315	31.5919263
120.7754331	31.5919246
120.7754346	31.5919229
120.7754362	31.5919213
120.7754377	31.5919196
120.7754392	31.5919179
120.7754408	31.5919163
120.7754423	31.5919146
120.7754439	31.5919129
120.7754455	31.5919113
120.7754470	31.5919096
120.7754486	31.5919079
120.7754501	31.5919063
120.7754517	31.5919046
120.7754533	31.5919030
120.7754548	31.5919013
120.7754564	31.5918996
120.7754580	31.5918980
120.7754595	31.5918963
120.7754611	31.5918947
120.7754627	31.5918930
120.7754642	31.5918913
120.7754658	31.5918897
120.7754673	31.5918880
120.7754689	31.5918863
120.7754705	31.5918847
120.7754720	31.5918830
120.7754736	31.5918813
120.7754751	31.5918797
120.7754767	31.5918780
120.7754782	31.5918763
120.7754797	31.5918746
120.7754812	31.5918730
120.7754827	31.5918713
120.7754843	31.5918696
120.7754858	31.5918679
120.7754873	31.5918662
120.7754888	31.5918646
120.7754903	31.5918629
120.7754919	31.5918612
120.7754934	31.5918595
120.7754949	31.5918578
120.7754964	31.5918561
120.7754979	31.5918544
120.7754994	31.5918528
120.7755009	31.5918511
120.7755024	31.5918494
120.7755040	31.5918477
120.7755055	31.5918460
120.7755069	31.5918442
120.7755084	31.5918425
120.7755099	31.5918408
120.7755114	31.5918391
120.7755129	31.5918374
120.7755144	31.5918356
120.7755159	31.5918339
120.7755173	31.5918322
120.7755188	31.5918305
120.7755203	31.5918288
120.7755217	31.5918271
120.7755232	31.5918254
120.7755246	31.5918237
120.7755261	31.5918220
120.7755275	31.5918203
120.7755289	31.5918186
120.7755303	31.5918169
120.7755317	31.5918153
120.7755331	31.5918136
120.7755345	31.5918119
120.7755359	31.5918103
120.7755372	31.5918087
120.7755386	31.5918070
120.7755399	31.5918054
120.7755412	31.5918038
120.7755426	31.5918022
120.7755439	31.5918006
120.7755452	31.5917990
120.7755465	31.5917974
120.7755478	31.5917958
120.7755490	31.5917943
120.7755503	31.5917927
120.7755515	31.5917911
120.7755528	31.5917896
120.7755540	31.5917880
120.7755553	31.5917865
120.7755565	31.5917850
120.7755577	31.5917835
120.7755589	31.5917820
120.7755601	31.5917805
120.7755613	31.5917790
120.7755625	31.5917775
120.7755637	31.5917760
120.7755649	31.5917745
120.7755661	31.5917731
120.7755673	31.5917716
120.7755684	31.5917702
120.7755696	31.5917687
120.7755707	31.5917673
120.7755719	31.5917659
120.7755730	31.5917645
120.7755742	31.5917631
120.7755753	31.5917617
120.7755764	31.5917603
120.7755775	31.5917589
120.7755786	31.5917575
120.7755797	31.5917561
120.7755808	31.5917548
120.7755819	31.5917534
120.7755829	31.5917521
120.7755840	31.5917507
120.7755851	31.5917494
120.7755861	31.5917481
120.7755872	31.5917468
120.7755882	31.5917455
120.7755893	31.5917442
120.7755903	31.5917429
120.7755913	31.5917416
120.7755923	31.5917404
120.7755933	31.5917391
120.7755944	31.5917378
120.7755953	31.5917366
120.7755963	31.5917353
120.7755973	31.5917341
120.7755983	31.5917329
120.7755993	31.5917316
120.7756003	31.5917304
120.7756012	31.5917292
120.7756022	31.5917280
120.7756031	31.5917268
120.7756041	31.5917256
120.7756050	31.5917244
120.7756060	31.5917232
120.7756069	31.5917220
120.7756078	31.5917208
120.7756088	31.5917197
120.7756097	31.5917185
120.7756106	31.5917174
120.7756115	31.5917162
120.7756124	31.5917151
120.7756133	31.5917139
120.7756142	31.5917128
120.7756151	31.5917117
120.7756160	31.5917105
120.7756169	31.5917094
120.7756178	31.5917083
120.7756186	31.5917072
120.7756195	31.5917061
120.7756204	31.5917050
120.7756212	31.5917039
120.7756221	31.5917028
120.7756229	31.5917018
120.7756238	31.5917007
120.7756247	31.5916996
120.7756255	31.5916985
120.7756264	31.5916974
120.7756273	31.5916963
120.7756281	31.5916952
120.7756290	31.5916941
120.7756299	31.5916930
120.7756308	31.5916919
120.7756317	31.5916908
120.7756326	31.5916897
120.7756335	31.5916886
120.7756344	31.5916875
120.7756352	31.5916864
120.7756361	31.5916852
120.7756370	31.5916841
120.7756380	31.5916830
120.7756389	31.5916819
120.7756398	31.5916807
120.7756407	31.5916796
120.7756416	31.5916785
120.7756425	31.5916773
120.7756434	31.5916762
120.7756443	31.5916750
120.7756452	31.5916739
120.7756461	31.5916727
120.7756470	31.5916715
120.7756480	31.5916704
120.7756489	31.5916692
120.7756498	31.5916680
120.7756507	31.5916669
120.7756516	31.5916657
120.7756526	31.5916646
120.7756535	31.5916634
120.7756545	31.5916622
120.7756554	31.5916611
120.7756564	31.5916599
120.7756573	31.5916587
120.7756583	31.5916575
120.7756593	31.5916564
120.7756603	31.5916552
120.7756613	31.5916540
120.7756623	31.5916529
120.7756633	31.5916517
120.7756643	31.5916505
120.7756653	31.5916494
120.7756664	31.5916482
120.7756674	31.5916470
120.7756684	31.5916459
120.7756695	31.5916447
120.7756705	31.5916435
120.7756716	31.5916424
120.7756727	31.5916412
120.7756738	31.5916401
120.7756748	31.5916389
120.7756759	31.5916378
120.7756771	31.5916366
120.7756782	31.5916355
120.7756793	31.5916343
120.7756805	31.5916332
120.7756817	31.5916321
120.7756829	31.5916310
120.7756840	31.5916298
120.7756852	31.5916287
120.7756865	31.5916276
120.7756877	31.5916265
120.7756889	31.5916254
120.7756901	31.5916242
120.7756914	31.5916231
120.7756927	31.5916220
120.7756939	31.5916209
120.7756952	31.5916198
120.7756965	31.5916187
120.7756978	31.5916176
120.7756991	31.5916165
120.7757005	31.5916154
120.7757018	31.5916144
120.7757032	31.5916133
120.7757045	31.5916122
120.7757059	31.5916112
120.7757073	31.5916101
120.7757087	31.5916091
120.7757101	31.5916080
120.7757116	31.5916070
120.7757130	31.5916060
120.7757145	31.5916050
120.7757160	31.5916040
120.7757175	31.5916030
120.7757190	31.5916020
120.7757205	31.5916010
120.7757221	31.5916001
120.7757237	31.5915991
120.7757252	31.5915982
120.7757268	31.5915972
120.7757284	31.5915963
120.7757300	31.5915954
120.7757317	31.5915945
120.7757333	31.5915937
120.7757350	31.5915928
120.7757367	31.5915920
120.7757384	31.5915912
120.7757401	31.5915904
120.7757418	31.5915896
120.7757435	31.5915888
120.7757453	31.5915881
120.7757471	31.5915874
120.7757489	31.5915867
120.7757507	31.5915860
120.7757525	31.5915853
120.7757544	31.5915847
120.7757562	31.5915840
120.7757581	31.5915834
120.7757599	31.5915828
120.7757618	31.5915822
120.7757637	31.5915816
120.7757657	31.5915811
120.7757676	31.5915805
120.7757696	31.5915801
120.7757715	31.5915796
120.7757735	31.5915792
120.7757755	31.5915788
120.7757775	31.5915784
120.7757795	31.5915780
120.7757816	31.5915777
120.7757836	31.5915774
120.7757856	31.5915771
120.7757877	31.5915768
120.7757898	31.5915765
120.7757919	31.5915763
120.7757939	31.5915761
120.7757960	31.5915759
120.7757982	31.5915757
120.7758003	31.5915756
120.7758024	31.5915754
120.7758045	31.5915753
120.7758066	31.5915753
120.7758088	31.5915752
120.7758109	31.5915752
120.7758130	31.5915751
120.7758151	31.5915751
120.7758172	31.5915752
120.7758192	31.5915752
120.7758213	31.5915753
120.7758234	31.5915754
120.7758254	31.5915755
120.7758275	31.5915756
120.7758295	31.5915758
120.7758316	31.5915760
120.7758336	31.5915762
120.7758356	31.5915764
120.7758376	31.5915766
120.7758396	31.5915769
120.7758416	31.5915772
120.7758436	31.5915775
120.7758455	31.5915778
120.7758475	31.5915781
120.7758494	31.5915785
120.7758513	31.5915788
120.7758532	31.5915792
120.7758551	31.5915796
120.7758570	31.5915800
120.7758588	31.5915804
120.7758607	31.5915809
120.7758625	31.5915813
120.7758644	31.5915818
120.7758662	31.5915823
120.7758680	31.5915828
120.7758698	31.5915833
120.7758716	31.5915838
120.7758735	31.5915843
120.7758753	31.5915849
120.7758771	31.5915855
120.7758789	31.5915860
120.7758808	31.5915866
120.7758826	31.5915873
120.7758844	31.5915879
120.7758863	31.5915885
120.7758881	31.5915892
120.7758900	31.5915898
120.7758918	31.5915905
120.7758937	31.5915911
120.7758955	31.5915918
120.7758974	31.5915925
120.7758993	31.5915932
120.7759012	31.5915939
120.7759030	31.5915946
120.7759049	31.5915953
120.7759068	31.5915961
120.7759086	31.5915968
120.7759105	31.5915976
120.7759124	31.5915984
120.7759143	31.5915992
120.7759162	31.5915999
120.7759181	31.5916007
120.7759199	31.5916016
120.7759218	31.5916024
120.7759237	31.5916032
120.7759256	31.5916040
120.7759275	31.5916048
120.7759294	31.5916057
120.7759313	31.5916065
120.7759333	31.5916073
120.7759352	31.5916082
120.7759371	31.5916090
120.7759390	31.5916099
120.7759409	31.5916107
120.7759428	31.5916116
120.7759448	31.5916125
120.7759467	31.5916134
120.7759486	31.5916142
120.7759505	31.5916151
120.7759524	31.5916160
120.7759544	31.5916170
120.7759563	31.5916179
120.7759582	31.5916188
120.7759601	31.5916197
120.7759621	31.5916206
120.7759640	31.5916216
120.7759660	31.5916226
120.7759679	31.5916236
120.7759699	31.5916245
120.7759719	31.5916255
120.7759738	31.5916265
120.7759758	31.5916275
120.7759778	31.5916285
120.7759798	31.5916295
120.7759818	31.5916305
120.7759838	31.5916315
120.7759858	31.5916325
120.7759878	31.5916335
120.7759898	31.5916345
120.7759918	31.5916355
120.7759939	31.5916365
120.7759959	31.5916375
120.7759979	31.5916385
120.7760000	31.5916395
120.7760020	31.5916405
120.7760041	31.5916415
120.7760062	31.5916425
120.7760083	31.5916435
120.7760104	31.5916445
120.7760125	31.5916455
120.7760146	31.5916465
120.7760167	31.5916475
120.7760188	31.5916486
120.7760210	31.5916496
120.7760231	31.5916506
120.7760252	31.5916516
120.7760274	31.5916527
120.7760296	31.5916537
120.7760317	31.5916547
120.7760339	31.5916558
120.7760361	31.5916568
120.7760383	31.5916579
120.7760404	31.5916589
120.7760426	31.5916600
120.7760448	31.5916610
120.7760471	31.5916621
120.7760493	31.5916632
120.7760515	31.5916642
120.7760538	31.5916653
120.7760560	31.5916664
120.7760583	31.5916675
120.7760605	31.5916686
120.7760628	31.5916697
120.7760650	31.5916708
120.7760673	31.5916719
120.7760696	31.5916730
120.7760719	31.5916741
120.7760742	31.5916752
120.7760765	31.5916763
120.7760788	31.5916774
120.7760811	31.5916786
120.7760834	31.5916797
120.7760857	31.5916808
120.7760881	31.5916819
120.7760904	31.5916830
120.7760927	31.5916842
120.7760950	31.5916853
120.7760974	31.5916865
120.7760997	31.5916876
120.7761020	31.5916888
120.7761043	31.5916899
120.7761066	31.5916911
120.7761090	31.5916923
120.7761113	31.5916934
120.7761136	31.5916946
120.7761160	31.5916957
120.7761183	31.5916969
120.7761206	31.5916981
120.7761230	31.5916992
120.7761253	31.5917004
120.7761277	31.5917016
120.7761300	31.5917027
120.7761324	31.5917039
120.7761348	31.5917051
120.7761371	31.5917062
120.7761395	31.5917074
120.7761418	31.5917086
120.7761442	31.5917098
120.7761465	31.5917110
120.7761489	31.5917122
120.7761513	31.5917134
120.7761536	31.5917146
120.7761560	31.5917158
120.7761584	31.5917171
120.7761607	31.5917183
120.7761631	31.5917195
120.7761655	31.5917207
120.7761679	31.5917219
120.7761702	31.5917231
120.7761726	31.5917244
120.7761750	31.5917256
120.7761774	31.5917268
120.7761798	31.5917280
120.7761822	31.5917292
120.7761846	31.5917305
120.7761870	31.5917317
120.7761894	31.5917329
120.7761917	31.5917341
120.7761941	31.5917353
120.7761965	31.5917365
120.7761989	31.5917377
120.7762012	31.5917389
120.7762036	31.5917401
120.7762060	31.5917413
120.7762083	31.5917425
120.7762107	31.5917437
120.7762130	31.5917449
120.7762153	31.5917461
120.7762177	31.5917472
120.7762200	31.5917484
120.7762224	31.5917496
120.7762247	31.5917508
120.7762271	31.5917520
120.7762294	31.5917532
120.7762318	31.5917544
120.7762341	31.5917556
120.7762365	31.5917568
120.7762388	31.5917580
120.7762411	31.5917593
120.7762434	31.5917605
120.7762458	31.5917618
120.7762481	31.5917630
120.7762504	31.5917642
120.7762528	31.5917655
120.7762551	31.5917667
120.7762575	31.5917680
120.7762598	31.5917692
120.7762621	31.5917704
120.7762645	31.5917717
120.7762668	31.5917729
120.7762692	31.5917742
120.7762715	31.5917754
120.7762739	31.5917767
120.7762762	31.5917779
120.7762786	31.5917792
120.7762810	31.5917804
120.7762834	31.5917817
120.7762858	31.5917829
120.7762882	31.5917842
120.7762906	31.5917854
120.7762930	31.5917867
120.7762954	31.5917880
120.7762978	31.5917892
120.7763002	31.5917905
120.7763027	31.5917918
120.7763051	31.5917931
120.7763076	31.5917944
120.7763101	31.5917957
120.7763126	31.5917970
120.7763151	31.5917983
120.7763176	31.5917996
120.7763201	31.5918010
120.7763227	31.5918023
120.7763252	31.5918036
120.7763278	31.5918050
120.7763303	31.5918063
120.7763328	31.5918076
120.7763354	31.5918090
120.7763379	31.5918103
120.7763405	31.5918116
120.7763430	31.5918129
120.7763455	31.5918143
120.7763481	31.5918156
120.7763506	31.5918169
120.7763532	31.5918182
120.7763557	31.5918196
120.7763582	31.5918209
120.7763608	31.5918222
120.7763633	31.5918236
120.7763658	31.5918249
120.7763684	31.5918262
120.7763709	31.5918275
120.7763735	31.5918289
120.7763760	31.5918302
120.7763786	31.5918315
120.7763811	31.5918329
120.7763837	31.5918342
120.7763862	31.5918356
120.7763888	31.5918369
120.7763913	31.5918382
120.7763939	31.5918396
120.7763964	31.5918409
120.7763990	31.5918423
120.7764016	31.5918436
120.7764041	31.5918450
120.7764067	31.5918463
120.7764093	31.5918477
120.7764118	31.5918490
120.7764144	31.5918504
120.7764170	31.5918517
120.7764196	31.5918531
120.7764222	31.5918545
120.7764248	31.5918558
120.7764274	31.5918572
120.7764300	31.5918585
120.7764326	31.5918599
120.7764352	31.5918613
120.7764378	31.5918626
120.7764404	31.5918640
120.7764430	31.5918654
120.7764456	31.5918667
120.7764482	31.5918681
120.7764509	31.5918695
120.7764535	31.5918709
120.7764561	31.5918722
120.7764588	31.5918736
120.7764614	31.5918750
120.7764640	31.5918764
120.7764667	31.5918778
120.7764693	31.5918791
120.7764720	31.5918805
120.7764746	31.5918819
120.7764773	31.5918833
120.7764800	31.5918847
120.7764826	31.5918861
120.7764853	31.5918875
120.7764880	31.5918889
120.7764907	31.5918903
120.7764933	31.5918917
120.7764960	31.5918932
120.7764987	31.5918946
120.7765014	31.5918960
120.7765041	31.5918974
120.7765068	31.5918988
120.7765095	31.5919002
120.7765122	31.5919017
120.7765150	31.5919031
120.7765177	31.5919045
120.7765204	31.5919060
120.7765231	31.5919074
120.7765259	31.5919088
120.7765286	31.5919102
120.7765313	31.5919117
120.7765341	31.5919131
120.7765368	31.5919145
120.7765396	31.5919160
120.7765423	31.5919174
120.7765451	31.5919188
120.7765478	31.5919203
120.7765506	31.5919217
120.7765534	31.5919231
120.7765561	31.5919246
120.7765589	31.5919260
120.7765617	31.5919274
120.7765645	31.5919289
120.7765672	31.5919303
120.7765700	31.5919317
120.7765728	31.5919332
120.7765756	31.5919346
120.7765784	31.5919361
120.7765812	31.5919375
120.7765840	31.5919390
120.7765868	31.5919404
120.7765896	31.5919419
120.7765924	31.5919433
120.7765952	31.5919448
120.7765980	31.5919462
120.7766009	31.5919477
120.7766037	31.5919491
120.7766065	31.5919506
120.7766094	31.5919521
120.7766122	31.5919535
120.7766150	31.5919550
120.7766179	31.5919565
120.7766207	31.5919579
120.7766236	31.5919594
120.7766264	31.5919609
120.7766293	31.5919623
120.7766321	31.5919638
120.7766350	31.5919653
120.7766378	31.5919667
120.7766407	31.5919682
120.7766436	31.5919697
120.7766464	31.5919712
120.7766493	31.5919727
120.7766522	31.5919742
120.7766551	31.5919756
120.7766580	31.5919771
120.7766609	31.5919786
120.7766637	31.5919801
120.7766666	31.5919816
120.7766695	31.5919831
120.7766724	31.5919846
120.7766753	31.5919861
120.7766783	31.5919876
120.7766812	31.5919891
120.7766841	31.5919906
120.7766870	31.5919921
120.7766899	31.5919936
120.7766928	31.5919951
120.7766957	31.5919966
120.7766987	31.5919981
120.7767016	31.5919996
120.7767045	31.5920011
120.7767075	31.5920026
120.7767104	31.5920041
120.7767133	31.5920056
120.7767163	31.5920071
120.7767192	31.5920086
120.7767222	31.5920101
120.7767251	31.5920116
120.7767280	31.5920131
120.7767310	31.5920146
120.7767340	31.5920161
120.7767369	31.5920176
120.7767399	31.5920191
120.7767428	31.5920206
120.7767458	31.5920221
120.7767488	31.5920236
120.7767517	31.5920251
120.7767547	31.5920266
120.7767577	31.5920281
120.7767607	31.5920296
120.7767636	31.5920311
120.7767666	31.5920326
120.7767696	31.5920341
120.7767726	31.5920356
120.7767756	31.5920371
120.7767786	31.5920386
120.7767816	31.5920401
120.7767846	31.5920416
120.7767876	31.5920431
120.7767906	31.5920446
120.7767936	31.5920461
120.7767966	31.5920476
120.7767996	31.5920491
120.7768027	31.5920506
120.7768057	31.5920521
120.7768087	31.5920536
120.7768117	31.5920551
120.7768147	31.5920566
120.7768178	31.5920581
120.7768208	31.5920596
120.7768238	31.5920611
120.7768268	31.5920626
120.7768299	31.5920641
120.7768329	31.5920656
120.7768359	31.5920671
120.7768389	31.5920686
120.7768419	31.5920701
120.7768449	31.5920716
120.7768479	31.5920731
120.7768509	31.5920746
120.7768539	31.5920761
120.7768569	31.5920776
120.7768599	31.5920790
120.7768628	31.5920805
120.7768658	31.5920820
120.7768687	31.5920834
120.7768717	31.5920849
120.7768746	31.5920863
120.7768775	31.5920877
120.7768804	31.5920892
120.7768833	31.5920906
120.7768862	31.5920920
120.7768890	31.5920934
120.7768919	31.5920948
120.7768948	31.5920962
120.7768976	31.5920976
120.7769005	31.5920990
120.7769034	31.5921004
120.7769062	31.5921018
120.7769091	31.5921033
120.7769119	31.5921047
120.7769148	31.5921061
120.7769177	31.5921074
120.7769205	31.5921088
120.7769234	31.5921102
120.7769262	31.5921116
120.7769291	31.5921130
120.7769319	31.5921144
120.7769348	31.5921158
120.7769376	31.5921172
120.7769405	31.5921186
120.7769433	31.5921200
120.7769462	31.5921214
120.7769490	31.5921228
120.7769518	31.5921241
120.7769547	31.5921255
120.7769575	31.5921269
120.7769603	31.5921283
120.7769632	31.5921297
120.7769660	31.5921311
120.7769688	31.5921324
120.7769716	31.5921338
120.7769745	31.5921352
120.7769773	31.5921366
120.7769801	31.5921380
120.7769829	31.5921393
120.7769857	31.5921407
120.7769885	31.5921421
120.7769914	31.5921435
120.7769942	31.5921448
120.7769970	31.5921462
120.7769998	31.5921476
120.7770026	31.5921490
120.7770054	31.5921504
120.7770082	31.5921518
120.7770110	31.5921532
120.7770139	31.5921546
120.7770167	31.5921560
120.7770195	31.5921574
120.7770223	31.5921588
120.7770251	31.5921602
120.7770279	31.5921616
120.7770307	31.5921630
120.7770335	31.5921644
120.7770363	31.5921658
120.7770391	31.5921672
120.7770419	31.5921686
120.7770447	31.5921700
120.7770475	31.5921714
120.7770503	31.5921728
120.7770531	31.5921742
120.7770559	31.5921756
120.7770587	31.5921770
120.7770615	31.5921784
120.7770643	31.5921797
120.7770671	31.5921811
120.7770698	31.5921825
120.7770726	31.5921839
120.7770754	31.5921852
120.7770782	31.5921866
120.7770810	31.5921880
120.7770838	31.5921894
120.7770865	31.5921907
120.7770893	31.5921921
120.7770921	31.5921935
120.7770948	31.5921948
120.7770976	31.5921962
120.7771004	31.5921976
120.7771031	31.5921990
120.7771059	31.5922003
120.7771087	31.5922017
120.7771114	31.5922031
120.7771142	31.5922045
120.7771169	31.5922058
120.7771197	31.5922072
120.7771224	31.5922086
120.7771252	31.5922099
120.7771279	31.5922113
120.7771307	31.5922127
120.7771334	31.5922141
120.7771362	31.5922154
120.7771389	31.5922168
120.7771416	31.5922182
120.7771444	31.5922195
120.7771471	31.5922209
120.7771499	31.5922223
120.7771526	31.5922236
120.7771553	31.5922250
120.7771581	31.5922264
120.7771608	31.5922277
120.7771635	31.5922291
120.7771662	31.5922305
120.7771690	31.5922318
120.7771717	31.5922332
120.7771744	31.5922345
120.7771772	31.5922359
120.7771799	31.5922373
120.7771826	31.5922386
120.7771854	31.5922400
120.7771881	31.5922413
120.7771908	31.5922427
120.7771935	31.5922441
120.7771963	31.5922454
120.7771990	31.5922468
120.7772017	31.5922481
120.7772044	31.5922495
120.7772071	31.5922508
120.7772098	31.5922522
120.7772126	31.5922536
120.7772153	31.5922549
120.7772180	31.5922563
120.7772207	31.5922576
120.7772234	31.5922590
120.7772261	31.5922603
120.7772288	31.5922617
120.7772315	31.5922630
120.7772341	31.5922644
120.7772368	31.5922657
120.7772395	31.5922671
120.7772422	31.5922684
120.7772449	31.5922698
120.7772476	31.5922711
120.7772503	31.5922725
120.7772529	31.5922738
120.7772556	31.5922752
120.7772583	31.5922765
120.7772610	31.5922779
120.7772637	31.5922792
120.7772663	31.5922805
120.7772690	31.5922819
120.7772717	31.5922832
120.7772744	31.5922846
120.7772770	31.5922859
120.7772797	31.5922873
120.7772823	31.5922886
120.7772850	31.5922900
120.7772876	31.5922913
120.7772903	31.5922927
120.7772929	31.5922940
120.7772956	31.5922954
120.7772982	31.5922967
120.7773009	31.5922981
120.7773035	31.5922994
120.7773062	31.5923007
120.7773088	31.5923021
120.7773115	31.5923034
120.7773141	31.5923048
120.7773167	31.5923061
120.7773194	31.5923075
120.7773220	31.5923088
120.7773246	31.5923101
120.7773273	31.5923115
120.7773299	31.5923128
120.7773325	31.5923142
120.7773352	31.5923155
120.7773378	31.5923168
120.7773404	31.5923182
120.7773431	31.5923195
120.7773457	31.5923209
120.7773483	31.5923222
120.7773510	31.5923235
120.7773536	31.5923249
120.7773562	31.5923262
120.7773588	31.5923275
120.7773615	31.5923289
120.7773641	31.5923302
120.7773667	31.5923315
120.7773693	31.5923329
120.7773719	31.5923342
120.7773745	31.5923355
120.7773771	31.5923369
120.7773797	31.5923382
120.7773823	31.5923395
120.7773849	31.5923409
120.7773875	31.5923422
120.7773901	31.5923435
120.7773927	31.5923448
120.7773953	31.5923461
120.7773979	31.5923475
120.7774005	31.5923488
120.7774031	31.5923501
120.7774057	31.5923514
120.7774083	31.5923527
120.7774109	31.5923541
120.7774134	31.5923554
120.7774160	31.5923567
120.7774186	31.5923580
120.7774212	31.5923593
120.7774238	31.5923606
120.7774263	31.5923620
120.7774289	31.5923633
120.7774315	31.5923646
120.7774341	31.5923659
120.7774367	31.5923672
120.7774393	31.5923685
120.7774418	31.5923698
120.7774444	31.5923711
120.7774470	31.5923725
120.7774496	31.5923738
120.7774521	31.5923751
120.7774547	31.5923763
120.7774572	31.5923776
120.7774598	31.5923789
120.7774623	31.5923802
120.7774648	31.5923815
120.7774674	31.5923828
120.7774699	31.5923840
120.7774724	31.5923853
120.7774749	31.5923865
120.7774773	31.5923878
120.7774798	31.5923890
120.7774823	31.5923902
120.7774847	31.5923915
120.7774871	31.5923927
120.7774895	31.5923939
120.7774920	31.5923951
120.7774944	31.5923963
120.7774967	31.5923975
120.7774991	31.5923987
120.7775015	31.5923999
120.7775039	31.5924011
120.7775062	31.5924023
120.7775085	31.5924034
120.7775109	31.5924046
120.7775132	31.5924058
120.7775155	31.5924069
120.7775178	31.5924081
120.7775201	31.5924092
120.7775224	31.5924103
120.7775247	31.5924115
120.7775269	31.5924126
120.7775292	31.5924137
120.7775314	31.5924148
120.7775336	31.5924160
120.7775358	31.5924171
120.7775381	31.5924182
120.7775402	31.5924193
120.7775424	31.5924204
120.7775446	31.5924215
120.7775468	31.5924226
120.7775489	31.5924237
120.7775510	31.5924248
120.7775532	31.5924258
120.7775553	31.5924269
120.7775574	31.5924280
120.7775595	31.5924290
120.7775616	31.5924301
120.7775637	31.5924311
120.7775657	31.5924322
120.7775678	31.5924332
120.7775698	31.5924342
120.7775719	31.5924353
120.7775739	31.5924363
120.7775760	31.5924373
120.7775780	31.5924383
120.7775800	31.5924393
120.7775821	31.5924403
120.7775841	31.5924414
120.7775862	31.5924424
120.7775882	31.5924434
120.7775902	31.5924444
120.7775923	31.5924454
120.7775943	31.5924465
120.7775964	31.5924475
120.7775984	31.5924485
120.7776004	31.5924495
120.7776025	31.5924506
120.7776046	31.5924516
120.7776066	31.5924526
120.7776087	31.5924537
120.7776107	31.5924547
120.7776128	31.5924558
120.7776148	31.5924568
120.7776169	31.5924578
120.7776190	31.5924589
120.7776210	31.5924599
120.7776231	31.5924610
120.7776252	31.5924621
120.7776272	31.5924631
120.7776293	31.5924642
120.7776314	31.5924652
120.7776335	31.5924663
120.7776355	31.5924674
120.7776376	31.5924684
120.7776397	31.5924695
120.7776418	31.5924706
120.7776439	31.5924716
120.7776459	31.5924727
120.7776480	31.5924738
120.7776501	31.5924748
120.7776522	31.5924759
120.7776543	31.5924770
120.7776564	31.5924781
120.7776585	31.5924791
120.7776606	31.5924802
120.7776627	31.5924812
120.7776648	31.5924823
120.7776670	31.5924833
120.7776691	31.5924844
120.7776712	31.5924854
120.7776733	31.5924865
120.7776755	31.5924876
120.7776776	31.5924886
120.7776797	31.5924897
120.7776818	31.5924907
120.7776839	31.5924918
120.7776860	31.5924928
120.7776881	31.5924938
120.7776902	31.5924949
120.7776923	31.5924959
120.7776944	31.5924969
120.7776965	31.5924980
120.7776987	31.5924990
120.7777008	31.5925000
120.7777029	31.5925009
120.7777051	31.5925019
120.7777072	31.5925029
120.7777093	31.5925039
120.7777115	31.5925048
120.7777136	31.5925058
120.7777158	31.5925068
120.7777179	31.5925077
120.7777201	31.5925086
120.7777223	31.5925096
120.7777244	31.5925105
120.7777266	31.5925115
120.7777288	31.5925124
120.7777310	31.5925133
120.7777332	31.5925142
120.7777355	31.5925152
120.7777377	31.5925161
120.7777399	31.5925170
120.7777422	31.5925179
120.7777445	31.5925188
120.7777468	31.5925196
120.7777491	31.5925205
120.7777514	31.5925214
120.7777537	31.5925223
120.7777560	31.5925231
120.7777583	31.5925240
120.7777607	31.5925248
120.7777630	31.5925257
120.7777654	31.5925266
120.7777678	31.5925274
120.7777701	31.5925283
120.7777725	31.5925291
120.7777749	31.5925300
120.7777773	31.5925308
120.7777797	31.5925317
120.7777821	31.5925326
120.7777845	31.5925334
120.7777869	31.5925343
120.7777894	31.5925352
120.7777918	31.5925360
120.7777942	31.5925369
120.7777967	31.5925378
120.7777991	31.5925386
120.7778016	31.5925395
120.7778040	31.5925404
120.7778065	31.5925413
120.7778089	31.5925422
120.7778114	31.5925431
120.7778139	31.5925440
120.7778164	31.5925449
120.7778189	31.5925458
120.7778214	31.5925467
120.7778239	31.5925476
120.7778264	31.5925485
120.7778289	31.5925494
120.7778314	31.5925504
120.7778339	31.5925513
120.7778364	31.5925522
120.7778390	31.5925532
120.7778415	31.5925541
120.7778440	31.5925551
120.7778465	31.5925560
120.7778490	31.5925570
120.7778515	31.5925580
120.7778541	31.5925589
120.7778566	31.5925599
120.7778591	31.5925609
120.7778617	31.5925619
120.7778642	31.5925628
120.7778668	31.5925638
120.7778693	31.5925648
120.7778719	31.5925658
120.7778745	31.5925668
120.7778770	31.5925678
120.7778796	31.5925689
120.7778822	31.5925699
120.7778847	31.5925709
120.7778873	31.5925719
120.7778899	31.5925730
120.7778925	31.5925740
120.7778951	31.5925750
120.7778977	31.5925761
120.7779003	31.5925772
120.7779030	31.5925782
120.7779056	31.5925793
120.7779082	31.5925804
120.7779108	31.5925814
120.7779135	31.5925825
120.7779161	31.5925836
120.7779187	31.5925847
120.7779214	31.5925858
120.7779240	31.5925869
120.7779266	31.5925880
120.7779293	31.5925891
120.7779319	31.5925902
120.7779346	31.5925913
120.7779372	31.5925924
120.7779399	31.5925936
120.7779426	31.5925947
120.7779452	31.5925958
120.7779479	31.5925970
120.7779506	31.5925981
120.7779533	31.5925993
120.7779560	31.5926005
120.7779587	31.5926016
120.7779613	31.5926028
120.7779640	31.5926040
120.7779668	31.5926052
120.7779695	31.5926064
120.7779722	31.5926076
120.7779749	31.5926088
120.7779776	31.5926100
120.7779802	31.5926112
120.7779829	31.5926124
120.7779856	31.5926136
120.7779883	31.5926148
120.7779910	31.5926161
120.7779937	31.5926173
120.7779964	31.5926185
120.7779990	31.5926196
120.7780016	31.5926208
120.7780042	31.5926220
120.7780068	31.5926232
120.7780094	31.5926244
120.7780120	31.5926256
120.7780146	31.5926268
120.7780172	31.5926280
120.7780197	31.5926291
120.7780222	31.5926303
120.7780248	31.5926315
120.7780273	31.5926327
120.7780298	31.5926338
120.7780322	31.5926350
120.7780347	31.5926361
120.7780372	31.5926373
120.7780396	31.5926384
120.7780421	31.5926395
120.7780445	31.5926407
120.7780469	31.5926418
120.7780493	31.5926430
120.7780518	31.5926442
120.7780542	31.5926454
120.7780566	31.5926466
120.7780590	31.5926477
120.7780614	31.5926489
120.7780639	31.5926501
120.7780663	31.5926513
120.7780687	31.5926525
120.7780711	31.5926537
120.7780735	31.5926549
120.7780759	31.5926561
120.7780783	31.5926573
120.7780807	31.5926585
120.7780832	31.5926597
120.7780856	31.5926609
120.7780880	31.5926621
120.7780904	31.5926633
120.7780928	31.5926645
120.7780952	31.5926657
120.7780976	31.5926669
120.7781000	31.5926681
120.7781024	31.5926693
120.7781048	31.5926705
120.7781072	31.5926717
120.7781096	31.5926729
120.7781120	31.5926741
120.7781144	31.5926753
120.7781168	31.5926765
120.7781193	31.5926777
120.7781217	31.5926790
120.7781241	31.5926802
120.7781265	31.5926814
120.7781289	31.5926826
120.7781313	31.5926838
120.7781337	31.5926850
120.7781361	31.5926862
120.7781386	31.5926874
120.7781410	31.5926887
120.7781434	31.5926899
120.7781458	31.5926911
120.7781482	31.5926923
120.7781506	31.5926935
120.7781530	31.5926947
120.7781554	31.5926959
120.7781578	31.5926972
120.7781602	31.5926984
120.7781626	31.5926996
120.7781650	31.5927008
120.7781675	31.5927020
120.7781699	31.5927033
120.7781723	31.5927045
120.7781747	31.5927057
120.7781771	31.5927070
120.7781795	31.5927082
120.7781820	31.5927094
120.7781844	31.5927107
120.7781868	31.5927119
120.7781893	31.5927131
120.7781917	31.5927144
120.7781942	31.5927157
120.7781967	31.5927169
120.7781993	31.5927182
120.7782018	31.5927194
120.7782043	31.5927207
120.7782068	31.5927220
120.7782093	31.5927232
120.7782119	31.5927245
120.7782144	31.5927258
120.7782169	31.5927271
120.7782194	31.5927283
120.7782220	31.5927296
120.7782245	31.5927309
120.7782270	31.5927322
120.7782296	31.5927335
120.7782321	31.5927348
120.7782347	31.5927361
120.7782372	31.5927374
120.7782397	31.5927387
120.7782423	31.5927400
120.7782448	31.5927413
120.7782473	31.5927426
120.7782498	31.5927439
120.7782523	31.5927452
120.7782549	31.5927465
120.7782574	31.5927478
120.7782599	31.5927490
120.7782625	31.5927503
120.7782650	31.5927516
120.7782675	31.5927529
120.7782700	31.5927542
120.7782726	31.5927555
120.7782751	31.5927568
120.7782776	31.5927582
120.7782802	31.5927595
120.7782827	31.5927608
120.7782853	31.5927621
120.7782878	31.5927634
120.7782903	31.5927647
120.7782929	31.5927660
120.7782955	31.5927673
120.7782980	31.5927687
120.7783006	31.5927700
120.7783032	31.5927713
120.7783058	31.5927727
120.7783083	31.5927740
120.7783109	31.5927753
120.7783135	31.5927767
120.7783161	31.5927780
120.7783186	31.5927793
120.7783212	31.5927807
120.7783238	31.5927820
120.7783264	31.5927834
120.7783290	31.5927847
120.7783316	31.5927861
120.7783341	31.5927874
120.7783367	31.5927888
120.7783393	31.5927901
120.7783419	31.5927915
120.7783444	31.5927928
120.7783470	31.5927942
120.7783496	31.5927956
120.7783521	31.5927970
120.7783547	31.5927984
120.7783573	31.5927998
120.7783598	31.5928011
120.7783624	31.5928025
120.7783650	31.5928039
120.7783675	31.5928053
120.7783701	31.5928067
120.7783727	31.5928081
120.7783752	31.5928095
120.7783778	31.5928110
120.7783803	31.5928124
120.7783829	31.5928138
120.7783855	31.5928152
120.7783880	31.5928166
120.7783906	31.5928181
120.7783931	31.5928195
120.7783957	31.5928209
120.7783982	31.5928223
120.7784008	31.5928238
120.7784033	31.5928252
120.7784059	31.5928266
120.7784084	31.5928281
120.7784110	31.5928295
120.7784135	31.5928310
120.7784161	31.5928324
120.7784186	31.5928339
120.7784212	31.5928353
120.7784237	31.5928368
120.7784263	31.5928383
120.7784288	31.5928397
120.7784313	31.5928412
120.7784339	31.5928427
120.7784364	31.5928441
120.7784389	31.5928456
120.7784415	31.5928471
120.7784440	31.5928486
120.7784466	31.5928501
120.7784491	31.5928516
120.7784517	31.5928531
120.7784542	31.5928545
120.7784567	31.5928560
120.7784593	31.5928576
120.7784618	31.5928591
120.7784644	31.5928606
120.7784669	31.5928621
120.7784695	31.5928636
120.7784720	31.5928651
120.7784745	31.5928666
120.7784771	31.5928681
120.7784796	31.5928696
120.7784822	31.5928712
120.7784847	31.5928727
120.7784873	31.5928742
120.7784898	31.5928757
120.7784924	31.5928772
120.7784949	31.5928787
120.7784974	31.5928803
120.7785000	31.5928817
120.7785025	31.5928832
120.7785051	31.5928847
120.7785077	31.5928862
120.7785102	31.5928877
120.7785128	31.5928892
120.7785153	31.5928907
120.7785179	31.5928922
120.7785204	31.5928936
120.7785230	31.5928951
120.7785256	31.5928966
120.7785281	31.5928981
120.7785307	31.5928995
120.7785333	31.5929010
120.7785359	31.5929024
120.7785385	31.5929039
120.7785411	31.5929054
120.7785436	31.5929068
120.7785462	31.5929083
120.7785488	31.5929097
120.7785515	31.5929111
120.7785541	31.5929126
120.7785567	31.5929140
120.7785594	31.5929154
120.7785620	31.5929169
120.7785647	31.5929183
120.7785673	31.5929197
120.7785700	31.5929211
120.7785726	31.5929225
120.7785753	31.5929240
120.7785779	31.5929254
120.7785806	31.5929268
120.7785832	31.5929282
120.7785859	31.5929296
120.7785886	31.5929310
120.7785913	31.5929324
120.7785939	31.5929338
120.7785966	31.5929352
120.7785993	31.5929365
120.7786020	31.5929379
120.7786047	31.5929393
120.7786074	31.5929407
120.7786101	31.5929420
120.7786128	31.5929434
120.7786155	31.5929448
120.7786182	31.5929461
120.7786209	31.5929475
120.7786236	31.5929488
120.7786264	31.5929502
120.7786291	31.5929515
120.7786318	31.5929529
120.7786345	31.5929542
120.7786373	31.5929555
120.7786400	31.5929569
120.7786427	31.5929582
120.7786455	31.5929595
120.7786482	31.5929609
120.7786510	31.5929622
120.7786537	31.5929635
120.7786564	31.5929648
120.7786592	31.5929662
120.7786619	31.5929675
120.7786646	31.5929688
120.7786674	31.5929701
120.7786701	31.5929715
120.7786728	31.5929728
120.7786756	31.5929741
120.7786783	31.5929754
120.7786810	31.5929767
120.7786838	31.5929780
120.7786865	31.5929793
120.7786893	31.5929807
120.7786920	31.5929820
120.7786947	31.5929833
120.7786975	31.5929846
120.7787002	31.5929859
120.7787030	31.5929872
120.7787057	31.5929885
120.7787085	31.5929899
120.7787112	31.5929912
120.7787140	31.5929925
120.7787167	31.5929939
120.7787195	31.5929952
120.7787222	31.5929965
120.7787249	31.5929979
120.7787277	31.5929992
120.7787304	31.5930006
120.7787332	31.5930019
120.7787359	31.5930032
120.7787387	31.5930046
120.7787414	31.5930059
120.7787442	31.5930073
120.7787469	31.5930086
120.7787497	31.5930100
120.7787524	31.5930113
120.7787552	31.5930127
120.7787579	31.5930140
120.7787607	31.5930154
120.7787634	31.5930168
120.7787662	31.5930181
120.7787690	31.5930195
120.7787718	31.5930208
120.7787745	31.5930222
120.7787773	31.5930236
120.7787801	31.5930249
120.7787829	31.5930263
120.7787857	31.5930277
120.7787885	31.5930290
120.7787913	31.5930304
120.7787941	31.5930318
120.7787969	31.5930332
120.7787996	31.5930345
120.7788024	31.5930359
120.7788052	31.5930373
120.7788080	31.5930387
120.7788108	31.5930401
120.7788136	31.5930415
120.7788165	31.5930429
120.7788193	31.5930442
120.7788221	31.5930456
120.7788249	31.5930470
120.7788277	31.5930484
120.7788305	31.5930498
120.7788333	31.5930512
120.7788361	31.5930526
120.7788389	31.5930540
120.7788417	31.5930554
120.7788445	31.5930568
120.7788473	31.5930583
120.7788501	31.5930597
120.7788530	31.5930611
120.7788558	31.5930625
120.7788586	31.5930639
120.7788614	31.5930653
120.7788642	31.5930667
120.7788671	31.5930681
120.7788699	31.5930696
120.7788727	31.5930710
120.7788755	31.5930724
120.7788783	31.5930738
120.7788812	31.5930752
120.7788840	31.5930767
120.7788868	31.5930781
120.7788897	31.5930795
120.7788925	31.5930809
120.7788953	31.5930823
120.7788982	31.5930837
120.7789010	31.5930852
120.7789038	31.5930866
120.7789067	31.5930880
120.7789095	31.5930894
120.7789124	31.5930909
120.7789152	31.5930923
120.7789181	31.5930937
120.7789209	31.5930951
120.7789238	31.5930966
120.7789266	31.5930980
120.7789295	31.5930994
120.7789323	31.5931008
120.7789352	31.5931023
120.7789381	31.5931037
120.7789410	31.5931051
120.7789438	31.5931066
120.7789467	31.5931080
120.7789496	31.5931094
120.7789525	31.5931109
120.7789554	31.5931123
120.7789583	31.5931137
120.7789612	31.5931152
120.7789641	31.5931166
120.7789670	31.5931181
120.7789699	31.5931195
120.7789728	31.5931209
120.7789757	31.5931224
120.7789786	31.5931238
120.7789815	31.5931253
120.7789844	31.5931267
120.7789873	31.5931282
120.7789902	31.5931296
120.7789931	31.5931310
120.7789960	31.5931325
120.7789989	31.5931339
120.7790018	31.5931353
120.7790047	31.5931368
120.7790077	31.5931382
120.7790106	31.5931396
120.7790135	31.5931410
120.7790164	31.5931425
120.7790193	31.5931439
120.7790222	31.5931453
120.7790252	31.5931468
120.7790281	31.5931482
120.7790310	31.5931496
120.7790339	31.5931511
120.7790368	31.5931525
120.7790397	31.5931539
120.7790427	31.5931554
120.7790456	31.5931568
120.7790485	31.5931582
120.7790514	31.5931596
120.7790543	31.5931611
120.7790573	31.5931625
120.7790602	31.5931639
120.7790631	31.5931654
120.7790660	31.5931668
120.7790689	31.5931682
120.7790719	31.5931697
120.7790748	31.5931711
120.7790777	31.5931725
120.7790806	31.5931739
120.7790835	31.5931753
120.7790865	31.5931768
120.7790894	31.5931782
120.7790923	31.5931796
120.7790952	31.5931810
120.7790981	31.5931824
120.7791010	31.5931838
120.7791039	31.5931853
120.7791068	31.5931867
120.7791098	31.5931881
120.7791127	31.5931895
120.7791156	31.5931909
120.7791185	31.5931923
120.7791214	31.5931937
120.7791242	31.5931951
120.7791271	31.5931965
120.7791300	31.5931979
120.7791329	31.5931993
120.7791358	31.5932007
120.7791387	31.5932021
120.7791416	31.5932035
120.7791445	31.5932049
120.7791474	31.5932063
120.7791503	31.5932077
120.7791532	31.5932091
120.7791561	31.5932105
120.7791590	31.5932119
120.7791619	31.5932133
120.7791648	31.5932147
120.7791676	31.5932161
120.7791705	31.5932175
120.7791734	31.5932189
120.7791763	31.5932203
120.7791791	31.5932216
120.7791820	31.5932230
120.7791849	31.5932245
120.7791878	31.5932259
120.7791906	31.5932273
120.7791935	31.5932287
120.7791964	31.5932301
120.7791992	31.5932315
120.7792021	31.5932329
120.7792050	31.5932343
120.7792078	31.5932357
120.7792107	31.5932371
120.7792136	31.5932385
120.7792164	31.5932399
120.7792193	31.5932413
120.7792222	31.5932427
120.7792250	31.5932441
120.7792279	31.5932455
120.7792308	31.5932469
120.7792336	31.5932483
120.7792365	31.5932497
120.7792394	31.5932511
120.7792422	31.5932525
120.7792451	31.5932539
120.7792480	31.5932553
120.7792508	31.5932567
120.7792537	31.5932581
120.7792566	31.5932595
120.7792594	31.5932609
120.7792623	31.5932623
120.7792651	31.5932637
120.7792680	31.5932651
120.7792708	31.5932665
120.7792737	31.5932679
120.7792765	31.5932693
120.7792794	31.5932707
120.7792822	31.5932721
120.7792851	31.5932735
120.7792879	31.5932749
120.7792908	31.5932763
120.7792936	31.5932777
120.7792965	31.5932791
120.7792993	31.5932805
120.7793022	31.5932819
120.7793050	31.5932833
120.7793079	31.5932847
120.7793107	31.5932861
120.7793136	31.5932875
120.7793164	31.5932889
120.7793192	31.5932903
120.7793221	31.5932917
120.7793249	31.5932931
120.7793278	31.5932945
120.7793306	31.5932959
120.7793334	31.5932973
120.7793363	31.5932987
120.7793391	31.5933001
120.7793419	31.5933015
120.7793447	31.5933029
120.7793476	31.5933043
120.7793504	31.5933057
120.7793532	31.5933072
120.7793560	31.5933086
120.7793589	31.5933100
120.7793617	31.5933114
120.7793645	31.5933128
120.7793673	31.5933142
120.7793701	31.5933156
120.7793729	31.5933170
120.7793758	31.5933184
120.7793786	31.5933198
120.7793814	31.5933212
120.7793842	31.5933226
120.7793870	31.5933240
120.7793898	31.5933254
120.7793926	31.5933268
120.7793954	31.5933282
120.7793982	31.5933296
120.7794010	31.5933310
120.7794038	31.5933324
120.7794066	31.5933338
120.7794094	31.5933352
120.7794122	31.5933366
120.7794149	31.5933380
120.7794177	31.5933394
120.7794205	31.5933408
120.7794233	31.5933421
120.7794261	31.5933435
120.7794289	31.5933449
120.7794317	31.5933463
120.7794344	31.5933477
120.7794372	31.5933491
120.7794400	31.5933505
120.7794428	31.5933518
120.7794455	31.5933532
120.7794483	31.5933546
120.7794511	31.5933560
120.7794539	31.5933574
120.7794566	31.5933587
120.7794594	31.5933601
120.7794622	31.5933615
120.7794649	31.5933629
120.7794677	31.5933642
120.7794704	31.5933656
120.7794732	31.5933669
120.7794759	31.5933683
120.7794786	31.5933696
120.7794813	31.5933710
120.7794840	31.5933723
120.7794867	31.5933736
120.7794894	31.5933749
120.7794921	31.5933763
120.7794947	31.5933776
120.7794974	31.5933789
120.7795000	31.5933802
120.7795026	31.5933815
120.7795053	31.5933828
120.7795078	31.5933841
120.7795104	31.5933853
120.7795130	31.5933866
120.7795155	31.5933879
120.7795181	31.5933892
120.7795206	31.5933904
120.7795231	31.5933917
120.7795257	31.5933930
120.7795282	31.5933942
120.7795306	31.5933954
120.7795331	31.5933967
120.7795356	31.5933979
120.7795381	31.5933991
120.7795405	31.5934004
120.7795429	31.5934016
120.7795454	31.5934028
120.7795478	31.5934040
120.7795502	31.5934052
120.7795526	31.5934064
120.7795550	31.5934075
120.7795574	31.5934087
120.7795597	31.5934099
120.7795621	31.5934111
120.7795644	31.5934123
120.7795667	31.5934135
120.7795690	31.5934146
120.7795714	31.5934158
120.7795736	31.5934169
120.7795759	31.5934181
120.7795782	31.5934192
120.7795805	31.5934204
120.7795827	31.5934215
120.7795850	31.5934227
120.7795872	31.5934238
120.7795894	31.5934249
120.7795916	31.5934260
120.7795938	31.5934271
120.7795960	31.5934283
120.7795982	31.5934294
120.7796004	31.5934305
120.7796025	31.5934316
120.7796047	31.5934327
120.7796068	31.5934338
120.7796089	31.5934349
120.7796110	31.5934360
120.7796131	31.5934371
120.7796152	31.5934381
120.7796173	31.5934392
120.7796194	31.5934403
120.7796214	31.5934413
120.7796235	31.5934424
120.7796255	31.5934434
120.7796276	31.5934445
120.7796296	31.5934455
120.7796316	31.5934466
120.7796336	31.5934476
120.7796356	31.5934486
120.7796376	31.5934497
120.7796395	31.5934507
120.7796415	31.5934517
120.7796434	31.5934527
120.7796454	31.5934537
120.7796473	31.5934547
120.7796492	31.5934557
120.7796511	31.5934567
120.7796530	31.5934577
120.7796549	31.5934587
120.7796568	31.5934597
120.7796587	31.5934606
120.7796605	31.5934616
120.7796624	31.5934626
120.7796642	31.5934635
120.7796660	31.5934645
120.7796679	31.5934654
120.7796697	31.5934664
120.7796715	31.5934673
120.7796733	31.5934682
120.7796751	31.5934692
120.7796769	31.5934701
120.7796786	31.5934710
120.7796804	31.5934720
120.7796822	31.5934729
120.7796839	31.5934738
120.7796857	31.5934747
120.7796874	31.5934755
120.7796892	31.5934764
120.7796909	31.5934773
120.7796926	31.5934782
120.7796943	31.5934791
120.7796960	31.5934800
120.7796977	31.5934808
120.7796994	31.5934817
120.7797011	31.5934825
120.7797027	31.5934834
120.7797044	31.5934842
120.7797060	31.5934851
120.7797077	31.5934859
120.7797093	31.5934868
120.7797110	31.5934876
120.7797126	31.5934885
120.7797143	31.5934893
120.7797159	31.5934901
120.7797176	31.5934910
120.7797192	31.5934918
120.7797208	31.5934926
120.7797225	31.5934935
120.7797241	31.5934943
120.7797258	31.5934952
120.7797274	31.5934960
120.7797291	31.5934968
120.7797307	31.5934977
120.7797324	31.5934985
120.7797340	31.5934994
120.7797357	31.5935002
120.7797374	31.5935011
120.7797390	31.5935019
120.7797407	31.5935028
120.7797424	31.5935036
120.7797440	31.5935045
120.7797457	31.5935053
120.7797474	31.5935062
120.7797491	31.5935071
120.7797507	31.5935079
120.7797524	31.5935088
120.7797541	31.5935096
120.7797558	31.5935105
120.7797574	31.5935113
120.7797591	31.5935122
120.7797608	31.5935130
120.7797624	31.5935139
120.7797640	31.5935147
120.7797657	31.5935155
120.7797673	31.5935164
120.7797689	31.5935172
120.7797705	31.5935180
120.7797721	31.5935189
120.7797737	31.5935197
120.7797753	31.5935205
120.7797768	31.5935213
120.7797784	31.5935221
120.7797799	31.5935229
120.7797815	31.5935237
120.7797830	31.5935244
120.7797846	31.5935252
120.7797861	31.5935260
120.7797876	31.5935268
120.7797891	31.5935275
120.7797906	31.5935283
120.7797921	31.5935290
120.7797935	31.5935298
120.7797950	31.5935305
120.7797965	31.5935313
120.7797979	31.5935320
120.7797993	31.5935327
120.7798008	31.5935334
120.7798022	31.5935342
120.7798036	31.5935349
120.7798050	31.5935356
120.7798064	31.5935363
120.7798078	31.5935370
120.7798092	31.5935377
120.7798105	31.5935384
120.7798119	31.5935391
120.7798132	31.5935398
120.7798145	31.5935405
120.7798159	31.5935411
120.7798172	31.5935418
120.7798185	31.5935425
120.7798198	31.5935432
120.7798211	31.5935438
120.7798224	31.5935445
120.7798237	31.5935452
120.7798250	31.5935458
120.7798262	31.5935465
120.7798275	31.5935471
120.7798288	31.5935478
120.7798301	31.5935485
120.7798314	31.5935492
120.7798327	31.5935498
120.7798340	31.5935505
120.7798353	31.5935512
120.7798366	31.5935519
120.7798380	31.5935526
120.7798393	31.5935533
120.7798406	31.5935540
120.7798419	31.5935547
120.7798432	31.5935554
120.7798446	31.5935561
120.7798459	31.5935568
120.7798472	31.5935575
120.7798486	31.5935582
120.7798499	31.5935589
120.7798512	31.5935596
120.7798525	31.5935602
120.7798538	31.5935609
120.7798551	31.5935616
120.7798564	31.5935623
120.7798577	31.5935630
120.7798590	31.5935637
120.7798603	31.5935643
120.7798616	31.5935649
120.7798629	31.5935655
120.7798641	31.5935661
120.7798654	31.5935667
120.7798667	31.5935673
120.7798679	31.5935679
120.7798692	31.5935685
120.7798704	31.5935691
120.7798717	31.5935697
120.7798729	31.5935702
120.7798742	31.5935708
120.7798754	31.5935713
120.7798766	31.5935719
120.7798779	31.5935724
120.7798791	31.5935730
120.7798803	31.5935735
120.7798816	31.5935740
120.7798828	31.5935745
120.7798840	31.5935750
120.7798852	31.5935755
120.7798864	31.5935760
120.7798876	31.5935764
120.7798889	31.5935769
120.7798901	31.5935773
120.7798913	31.5935777
120.7798925	31.5935782
120.7798937	31.5935786
120.7798949	31.5935790
120.7798961	31.5935794
120.7798974	31.5935798
120.7798986	31.5935801
120.7798998	31.5935805
120.7799010	31.5935809
120.7799022	31.5935812
120.7799034	31.5935816
120.7799046	31.5935819
120.7799058	31.5935822
120.7799070	31.5935825
120.7799082	31.5935828
120.7799094	31.5935831
120.7799106	31.5935834
120.7799118	31.5935836
120.7799130	31.5935838
120.7799142	31.5935840
120.7799154	31.5935842
120.7799166	31.5935844
120.7799179	31.5935846
120.7799191	31.5935848
120.7799202	31.5935850
120.7799214	31.5935852
120.7799226	31.5935853
120.7799238	31.5935855
120.7799250	31.5935856
120.7799262	31.5935857
120.7799274	31.5935858
120.7799286	31.5935860
120.7799297	31.5935860
120.7799309	31.5935861
120.7799321	31.5935862
120.7799333	31.5935863
120.7799344	31.5935863
120.7799356	31.5935864
120.7799367	31.5935864
120.7799379	31.5935865
120.7799390	31.5935865
120.7799402	31.5935865
120.7799413	31.5935865
120.7799425	31.5935865
120.7799437	31.5935865
120.7799449	31.5935865
120.7799460	31.5935864
120.7799472	31.5935864
120.7799484	31.5935864
120.7799496	31.5935863
120.7799508	31.5935862
120.7799520	31.5935862
120.7799531	31.5935861
120.7799543	31.5935860
120.7799555	31.5935859
120.7799567	31.5935858
120.7799579	31.5935857
120.7799591	31.5935856
120.7799602	31.5935854
120.7799614	31.5935853
120.7799626	31.5935851
120.7799638	31.5935850
120.7799650	31.5935848
120.7799662	31.5935847
120.7799673	31.5935845
120.7799685	31.5935843
120.7799697	31.5935841
120.7799709	31.5935839
120.7799721	31.5935837
120.7799733	31.5935834
120.7799745	31.5935832
120.7799757	31.5935829
120.7799769	31.5935827
120.7799781	31.5935824
120.7799793	31.5935822
120.7799805	31.5935819
120.7799817	31.5935816
120.7799828	31.5935813
120.7799840	31.5935809
120.7799852	31.5935806
120.7799864	31.5935803
120.7799876	31.5935799
120.7799888	31.5935796
120.7799899	31.5935792
120.7799911	31.5935788
120.7799923	31.5935784
120.7799935	31.5935781
120.7799947	31.5935777
120.7799958	31.5935773
120.7799970	31.5935768
120.7799982	31.5935764
120.7799994	31.5935760
120.7800005	31.5935756
120.7800017	31.5935751
120.7800029	31.5935746
120.7800040	31.5935742
120.7800051	31.5935737
120.7800063	31.5935732
120.7800074	31.5935728
120.7800085	31.5935723
120.7800096	31.5935718
120.7800107	31.5935713
120.7800118	31.5935708
120.7800129	31.5935703
120.7800140	31.5935697
120.7800151	31.5935692
120.7800162	31.5935687
120.7800173	31.5935682
120.7800184	31.5935676
120.7800195	31.5935671
120.7800206	31.5935665
120.7800217	31.5935660
120.7800228	31.5935654
120.7800239	31.5935648
120.7800249	31.5935642
120.7800260	31.5935637
120.7800271	31.5935631
120.7800282	31.5935626
120.7800293	31.5935620
120.7800305	31.5935614
120.7800316	31.5935609
120.7800327	31.5935603
120.7800338	31.5935597
120.7800349	31.5935591
120.7800360	31.5935585
120.7800371	31.5935579
120.7800381	31.5935573
120.7800392	31.5935567
120.7800403	31.5935561
120.7800414	31.5935555
120.7800425	31.5935548
120.7800436	31.5935542
120.7800447	31.5935536
120.7800458	31.5935529
120.7800468	31.5935523
120.7800479	31.5935516
120.7800490	31.5935509
120.7800501	31.5935502
120.7800512	31.5935495
120.7800523	31.5935488
120.7800534	31.5935481
120.7800545	31.5935474
120.7800556	31.5935467
120.7800567	31.5935459
120.7800578	31.5935452
120.7800589	31.5935445
120.7800600	31.5935437
120.7800611	31.5935430
120.7800622	31.5935422
120.7800633	31.5935415
120.7800643	31.5935407
120.7800654	31.5935399
120.7800665	31.5935392
120.7800676	31.5935384
120.7800687	31.5935376
120.7800697	31.5935368
120.7800708	31.5935360
120.7800719	31.5935352
120.7800729	31.5935344
120.7800740	31.5935336
120.7800751	31.5935328
120.7800761	31.5935320
120.7800772	31.5935312
120.7800782	31.5935304
120.7800792	31.5935296
120.7800803	31.5935288
120.7800813	31.5935280
120.7800823	31.5935271
120.7800833	31.5935264
120.7800843	31.5935256
120.7800853	31.5935248
120.7800864	31.5935240
120.7800874	31.5935232
120.7800884	31.5935224
120.7800894	31.5935216
120.7800904	31.5935209
120.7800914	31.5935201
120.7800924	31.5935193
120.7800934	31.5935186
120.7800944	31.5935178
120.7800954	31.5935170
120.7800964	31.5935163
120.7800974	31.5935155
120.7800984	31.5935147
120.7800994	31.5935140
120.7801004	31.5935133
120.7801014	31.5935125
120.7801024	31.5935118
120.7801034	31.5935110
120.7801044	31.5935103
120.7801054	31.5935096
120.7801064	31.5935088
120.7801073	31.5935081
120.7801083	31.5935074
120.7801093	31.5935066
120.7801103	31.5935059
120.7801113	31.5935052
120.7801123	31.5935045
120.7801133	31.5935038
120.7801143	31.5935031
120.7801153	31.5935024
120.7801163	31.5935016
120.7801173	31.5935009
120.7801183	31.5935002
120.7801193	31.5934996
120.7801203	31.5934989
120.7801213	31.5934982
120.7801223	31.5934975
120.7801233	31.5934968
120.7801242	31.5934961
120.7801252	31.5934954
120.7801262	31.5934947
120.7801272	31.5934941
120.7801281	31.5934934
120.7801291	31.5934927
120.7801301	31.5934920
120.7801310	31.5934913
120.7801320	31.5934907
120.7801330	31.5934900
120.7801339	31.5934893
120.7801349	31.5934886
120.7801358	31.5934879
120.7801368	31.5934872
120.7801378	31.5934865
120.7801387	31.5934859
120.7801396	31.5934852
120.7801406	31.5934845
120.7801415	31.5934838
120.7801425	31.5934832
120.7801434	31.5934825
120.7801443	31.5934818
120.7801453	31.5934812
120.7801462	31.5934805
120.7801471	31.5934799
120.7801481	31.5934792
120.7801490	31.5934786
120.7801499	31.5934779
120.7801508	31.5934772
120.7801517	31.5934765
120.7801526	31.5934758
120.7801536	31.5934751
120.7801545	31.5934744
120.7801554	31.5934737
120.7801564	31.5934730
120.7801573	31.5934723
120.7801583	31.5934716
120.7801592	31.5934709
120.7801602	31.5934701
120.7801611	31.5934694
120.7801621	31.5934687
120.7801631	31.5934680
120.7801640	31.5934673
120.7801650	31.5934665
120.7801660	31.5934658
120.7801670	31.5934651
120.7801680	31.5934643
120.7801689	31.5934636
120.7801699	31.5934629
120.7801709	31.5934621
120.7801719	31.5934614
120.7801729	31.5934607
120.7801739	31.5934599
120.7801749	31.5934592
120.7801759	31.5934584
120.7801769	31.5934577
120.7801780	31.5934569
120.7801790	31.5934562
120.7801800	31.5934554
120.7801810	31.5934546
120.7801821	31.5934539
120.7801831	31.5934531
120.7801842	31.5934524
120.7801852	31.5934516
120.7801863	31.5934508
120.7801873	31.5934500
120.7801884	31.5934493
120.7801894	31.5934485
120.7801905	31.5934477
120.7801916	31.5934469
120.7801927	31.5934461
120.7801937	31.5934453
120.7801948	31.5934445
120.7801959	31.5934437
120.7801970	31.5934429
120.7801981	31.5934421
120.7801992	31.5934413
120.7802003	31.5934405
120.7802014	31.5934397
120.7802025	31.5934389
120.7802036	31.5934381
120.7802047	31.5934373
120.7802058	31.5934365
120.7802070	31.5934356
120.7802081	31.5934348
120.7802091	31.5934340
120.7802102	31.5934332
120.7802113	31.5934324
120.7802124	31.5934316
120.7802135	31.5934308
120.7802146	31.5934300
120.7802157	31.5934292
120.7802168	31.5934284
120.7802178	31.5934276
120.7802189	31.5934268
120.7802200	31.5934261
120.7802210	31.5934253
120.7802221	31.5934245
120.7802232	31.5934237
120.7802242	31.5934229
120.7802252	31.5934221
120.7802263	31.5934214
120.7802273	31.5934206
120.7802284	31.5934198
120.7802294	31.5934191
120.7802304	31.5934183
120.7802315	31.5934175
120.7802325	31.5934168
120.7802335	31.5934160
120.7802345	31.5934152
120.7802355	31.5934145
120.7802365	31.5934137
120.7802375	31.5934129
120.7802385	31.5934122
120.7802395	31.5934114
120.7802404	31.5934107
120.7802414	31.5934099
120.7802424	31.5934092
120.7802434	31.5934084
120.7802444	31.5934077
120.7802453	31.5934069
120.7802463	31.5934062
120.7802473	31.5934054
120.7802483	31.5934047
120.7802492	31.5934040
120.7802502	31.5934032
120.7802511	31.5934025
120.7802521	31.5934017
120.7802530	31.5934010
120.7802540	31.5934003
120.7802549	31.5933996
120.7802559	31.5933988
120.7802568	31.5933981
120.7802577	31.5933974
120.7802587	31.5933967
120.7802596	31.5933960
120.7802605	31.5933952
120.7802614	31.5933945
120.7802624	31.5933938
120.7802633	31.5933931
120.7802642	31.5933924
120.7802651	31.5933917
120.7802660	31.5933910
120.7802669	31.5933903
120.7802678	31.5933896
120.7802687	31.5933889
120.7802697	31.5933882
120.7802706	31.5933875
120.7802715	31.5933869
120.7802724	31.5933862
120.7802733	31.5933855
120.7802742	31.5933849
120.7802751	31.5933842
120.7802760	31.5933835
120.7802769	31.5933829
120.7802778	31.5933822
120.7802787	31.5933816
120.7802796	31.5933809
120.7802805	31.5933803
120.7802814	31.5933796
120.7802822	31.5933790
120.7802831	31.5933783
120.7802840	31.5933777
120.7802849	31.5933770
120.7802857	31.5933764
120.7802866	31.5933758
120.7802875	31.5933751
120.7802883	31.5933745
120.7802892	31.5933738
120.7802900	31.5933732
120.7802909	31.5933726
120.7802917	31.5933719
120.7802926	31.5933713
120.7802934	31.5933706
120.7802943	31.5933700
120.7802951	31.5933693
120.7802960	31.5933687
120.7802968	31.5933681
120.7802976	31.5933674
120.7802985	31.5933668
120.7802993	31.5933662
120.7803002	31.5933655
120.7803010	31.5933649
120.7803018	31.5933643
120.7803027	31.5933636
120.7803035	31.5933630
120.7803043	31.5933624
120.7803052	31.5933618
120.7803060	31.5933612
120.7803068	31.5933606
120.7803077	31.5933600
120.7803085	31.5933594
120.7803093	31.5933588
120.7803101	31.5933582
120.7803110	31.5933576
120.7803118	31.5933570
120.7803126	31.5933564
120.7803134	31.5933558
120.7803143	31.5933552
120.7803151	31.5933546
120.7803159	31.5933540
120.7803167	31.5933535
120.7803175	31.5933529
120.7803183	31.5933523
120.7803192	31.5933517
120.7803200	31.5933511
120.7803208	31.5933505
120.7803216	31.5933499
120.7803224	31.5933493
120.7803232	31.5933487
120.7803240	31.5933481
120.7803248	31.5933475
120.7803256	31.5933469
120.7803264	31.5933463
120.7803272	31.5933457
120.7803280	31.5933451
120.7803296	31.5933439
120.7803312	31.5933427
120.7803328	31.5933416
120.7803343	31.5933404
120.7803358	31.5933393
120.7803373	31.5933382
120.7803388	31.5933371
120.7803402	31.5933360
120.7803415	31.5933350
120.7803429	31.5933340
120.7803441	31.5933330
120.7803454	31.5933321
120.7803465	31.5933312
120.7803476	31.5933304
120.7803487	31.5933296
120.7803497	31.5933288
120.7803507	31.5933281
120.7803517	31.5933275
120.7803525	31.5933269
120.7803537	31.5933261
120.7803547	31.5933253
120.7803556	31.5933247
120.7803565	31.5933241
120.7803575	31.5933234
120.7803584	31.5933228
120.7803593	31.5933222
120.7803602	31.5933217
120.7803611	31.5933212
120.7803619	31.5933206
120.7803629	31.5933199
120.7803640	31.5933192
120.7803649	31.5933186
120.7803658	31.5933179
120.7803669	31.5933172
120.7803681	31.5933164
120.7803689	31.5933158
120.7803698	31.5933152
120.7803707	31.5933146
120.7803717	31.5933139
120.7803726	31.5933132
120.7803737	31.5933125
120.7803747	31.5933118
120.7803758	31.5933110
120.7803769	31.5933102
120.7803780	31.5933094
120.7803792	31.5933086
120.7803804	31.5933077
120.7803816	31.5933068
120.7803828	31.5933059
120.7803841	31.5933050
120.7803853	31.5933040
120.7803866	31.5933030
120.7803879	31.5933020
120.7803892	31.5933010
120.7803906	31.5933000
120.7803920	31.5932990
120.7803934	31.5932979
120.7803948	31.5932968
120.7803963	31.5932958
120.7803977	31.5932947
120.7803992	31.5932936
120.7804007	31.5932925
120.7804023	31.5932914
120.7804038	31.5932902
120.7804054	31.5932891
120.7804070	31.5932880
120.7804086	31.5932868
120.7804094	31.5932862
120.7804102	31.5932856
120.7804111	31.5932850
120.7804119	31.5932844
120.7804128	31.5932839
120.7804136	31.5932833
120.7804145	31.5932827
120.7804153	31.5932821
120.7804162	31.5932815
120.7804171	31.5932809
120.7804179	31.5932803
120.7804188	31.5932796
120.7804197	31.5932790
120.7804205	31.5932784
120.7804214	31.5932778
120.7804223	31.5932772
120.7804232	31.5932766
120.7804240	31.5932760
120.7804249	31.5932754
120.7804258	31.5932748
120.7804266	31.5932742
120.7804275	31.5932736
120.7804284	31.5932730
120.7804292	31.5932723
120.7804301	31.5932717
120.7804310	31.5932711
120.7804318	31.5932705
120.7804327	31.5932699
120.7804336	31.5932693
120.7804344	31.5932687
120.7804353	31.5932680
120.7804362	31.5932674
120.7804370	31.5932668
120.7804379	31.5932662
120.7804388	31.5932656
120.7804396	31.5932650
120.7804405	31.5932643
120.7804414	31.5932637
120.7804422	31.5932631
120.7804431	31.5932625
120.7804440	31.5932619
120.7804448	31.5932613
120.7804457	31.5932607
120.7804466	31.5932601
120.7804474	31.5932595
120.7804483	31.5932589
120.7804492	31.5932583
120.7804500	31.5932577
120.7804509	31.5932571
120.7804518	31.5932565
120.7804526	31.5932559
120.7804535	31.5932553
120.7804544	31.5932547
120.7804552	31.5932541
120.7804561	31.5932534
120.7804570	31.5932528
120.7804578	31.5932522
120.7804587	31.5932516
120.7804596	31.5932510
120.7804604	31.5932504
120.7804613	31.5932498
120.7804621	31.5932492
120.7804630	31.5932486
120.7804639	31.5932480
120.7804647	31.5932473
120.7804656	31.5932467
120.7804664	31.5932461
120.7804673	31.5932455
120.7804682	31.5932449
120.7804690	31.5932442
120.7804699	31.5932436
120.7804707	31.5932430
120.7804716	31.5932424
120.7804725	31.5932417
120.7804733	31.5932411
120.7804742	31.5932405
120.7804750	31.5932398
120.7804759	31.5932392
120.7804768	31.5932386
120.7804776	31.5932380
120.7804785	31.5932373
120.7804793	31.5932367
120.7804802	31.5932361
120.7804810	31.5932355
120.7804819	31.5932349
120.7804827	31.5932343
120.7804836	31.5932337
120.7804844	31.5932330
120.7804853	31.5932324
120.7804861	31.5932318
120.7804869	31.5932312
120.7804878	31.5932306
120.7804886	31.5932300
120.7804895	31.5932293
120.7804903	31.5932287
120.7804912	31.5932281
120.7804920	31.5932275
120.7804928	31.5932269
120.7804937	31.5932263
120.7804945	31.5932256
120.7804954	31.5932250
120.7804963	31.5932244
120.7804971	31.5932238
120.7804980	31.5932232
120.7804989	31.5932226
120.7804997	31.5932220
120.7805006	31.5932214
120.7805015	31.5932207
120.7805024	31.5932201
120.7805032	31.5932195
120.7805041	31.5932189
120.7805050	31.5932183
120.7805058	31.5932177
120.7805067	31.5932171
120.7805076	31.5932165
120.7805085	31.5932158
120.7805093	31.5932152
120.7805102	31.5932146
120.7805111	31.5932140
120.7805119	31.5932134
120.7805128	31.5932128
120.7805136	31.5932122
120.7805145	31.5932115
120.7805154	31.5932109
120.7805162	31.5932103
120.7805171	31.5932096
120.7805179	31.5932090
120.7805188	31.5932084
120.7805196	31.5932078
120.7805205	31.5932071
120.7805213	31.5932065
120.7805222	31.5932059
120.7805230	31.5932053
120.7805239	31.5932046
120.7805248	31.5932040
120.7805256	31.5932034
120.7805265	31.5932028
120.7805273	31.5932021
120.7805282	31.5932015
120.7805290	31.5932009
120.7805299	31.5932003
120.7805307	31.5931996
120.7805316	31.5931990
120.7805324	31.5931984
120.7805333	31.5931978
120.7805341	31.5931972
120.7805350	31.5931966
120.7805359	31.5931960
120.7805367	31.5931954
120.7805376	31.5931948
120.7805384	31.5931942
120.7805393	31.5931936
120.7805401	31.5931931
120.7805410	31.5931925
120.7805418	31.5931919
120.7805427	31.5931913
120.7805435	31.5931907
120.7805443	31.5931900
120.7805452	31.5931894
120.7805460	31.5931888
120.7805468	31.5931882
120.7805477	31.5931876
120.7805485	31.5931870
120.7805493	31.5931864
120.7805501	31.5931857
120.7805509	31.5931851
120.7805518	31.5931845
120.7805526	31.5931838
120.7805534	31.5931832
120.7805542	31.5931826
120.7805550	31.5931819
120.7805558	31.5931813
120.7805567	31.5931806
120.7805575	31.5931800
120.7805583	31.5931793
120.7805591	31.5931787
120.7805599	31.5931781
120.7805607	31.5931774
120.7805615	31.5931768
120.7805623	31.5931761
120.7805632	31.5931754
120.7805640	31.5931748
120.7805648	31.5931741
120.7805656	31.5931735
120.7805664	31.5931728
120.7805673	31.5931721
120.7805681	31.5931715
120.7805689	31.5931708
120.7805697	31.5931701
120.7805706	31.5931695
120.7805714	31.5931688
120.7805722	31.5931681
120.7805730	31.5931674
120.7805738	31.5931668
120.7805747	31.5931661
120.7805755	31.5931654
120.7805763	31.5931647
120.7805771	31.5931641
120.7805779	31.5931634
120.7805787	31.5931627
120.7805796	31.5931620
120.7805804	31.5931614
120.7805812	31.5931607
120.7805820	31.5931601
120.7805828	31.5931594
120.7805836	31.5931587
120.7805844	31.5931581
120.7805852	31.5931574
120.7805860	31.5931568
120.7805869	31.5931561
120.7805877	31.5931554
120.7805885	31.5931548
120.7805893	31.5931541
120.7805901	31.5931535
120.7805909	31.5931528
120.7805917	31.5931522
120.7805925	31.5931515
120.7805933	31.5931508
120.7805941	31.5931502
120.7805949	31.5931495
120.7805957	31.5931489
120.7805965	31.5931482
120.7805973	31.5931475
120.7805981	31.5931469
120.7805988	31.5931462
120.7805996	31.5931455
120.7806004	31.5931449
120.7806012	31.5931442
120.7806020	31.5931435
120.7806028	31.5931429
120.7806036	31.5931422
120.7806044	31.5931416
120.7806051	31.5931409
120.7806059	31.5931402
120.7806067	31.5931396
120.7806075	31.5931389
120.7806083	31.5931383
120.7806091	31.5931376
120.7806099	31.5931369
120.7806106	31.5931363
120.7806114	31.5931356
120.7806122	31.5931350
120.7806131	31.5931343
120.7806139	31.5931337
120.7806147	31.5931331
120.7806155	31.5931324
120.7806163	31.5931318
120.7806171	31.5931311
120.7806179	31.5931305
120.7806187	31.5931299
120.7806195	31.5931292
120.7806203	31.5931286
120.7806211	31.5931280
120.7806219	31.5931273
120.7806227	31.5931267
120.7806235	31.5931261
120.7806243	31.5931254
120.7806251	31.5931248
120.7806259	31.5931242
120.7806267	31.5931236
120.7806275	31.5931229
120.7806283	31.5931223
120.7806291	31.5931217
120.7806299	31.5931211
120.7806307	31.5931204
120.7806315	31.5931198
120.7806323	31.5931192
120.7806331	31.5931186
120.7806338	31.5931179
120.7806346	31.5931173
120.7806354	31.5931167
120.7806362	31.5931161
120.7806370	31.5931155
120.7806378	31.5931148
120.7806386	31.5931142
120.7806394	31.5931136
120.7806402	31.5931130
120.7806410	31.5931124
120.7806418	31.5931117
120.7806426	31.5931111
120.7806434	31.5931105
120.7806442	31.5931098
120.7806449	31.5931092
120.7806457	31.5931085
120.7806465	31.5931079
120.7806473	31.5931072
120.7806481	31.5931066
120.7806489	31.5931059
120.7806497	31.5931053
120.7806505	31.5931046
120.7806513	31.5931039
120.7806521	31.5931033
120.7806529	31.5931026
120.7806536	31.5931020
120.7806544	31.5931013
120.7806552	31.5931007
120.7806560	31.5931000
120.7806568	31.5930994
120.7806576	31.5930987
120.7806584	31.5930981
120.7806592	31.5930974
120.7806600	31.5930968
120.7806608	31.5930962
120.7806616	31.5930956
120.7806624	31.5930949
120.7806632	31.5930943
120.7806639	31.5930937
120.7806647	31.5930930
120.7806655	31.5930924
120.7806663	31.5930918
120.7806671	31.5930912
120.7806679	31.5930905
120.7806687	31.5930899
120.7806695	31.5930893
120.7806703	31.5930887
120.7806711	31.5930880
120.7806719	31.5930874
120.7806727	31.5930868
120.7806735	31.5930862
120.7806743	31.5930855
120.7806751	31.5930849
120.7806759	31.5930843
120.7806767	31.5930837
120.7806774	31.5930830
120.7806782	31.5930824
120.7806790	31.5930818
120.7806798	31.5930812
120.7806806	31.5930805
120.7806814	31.5930799
120.7806822	31.5930793
120.7806830	31.5930786
120.7806838	31.5930780
120.7806846	31.5930774
120.7806854	31.5930768
120.7806862	31.5930761
120.7806870	31.5930755
120.7806878	31.5930749
120.7806886	31.5930743
120.7806894	31.5930736
120.7806901	31.5930730
120.7806909	31.5930724
120.7806917	31.5930718
120.7806925	31.5930712
120.7806933	31.5930706
120.7806949	31.5930694
120.7806964	31.5930682
120.7806979	31.5930670
120.7806993	31.5930659
120.7807007	31.5930648
120.7807021	31.5930638
120.7807035	31.5930627
120.7807048	31.5930617
120.7807060	31.5930607
120.7807073	31.5930598
120.7807085	31.5930588
120.7807096	31.5930579
120.7807108	31.5930570
120.7807119	31.5930562
120.7807129	31.5930553
120.7807140	31.5930545
120.7807150	31.5930537
120.7807160	31.5930529
120.7807170	31.5930522
120.7807180	31.5930514
120.7807190	31.5930507
120.7807200	31.5930500
120.7807210	31.5930492
120.7807220	31.5930485
120.7807229	31.5930478
120.7807239	31.5930471
120.7807248	31.5930465
120.7807257	31.5930458
120.7807266	31.5930451
120.7807275	31.5930444
120.7807284	31.5930438
120.7807292	31.5930431
120.7807301	31.5930424
120.7807309	31.5930418
120.7807317	31.5930412
120.7807326	31.5930405
120.7807334	31.5930399
120.7807345	31.5930390
120.7807357	31.5930382
120.7807368	31.5930373
120.7807378	31.5930365
120.7807389	31.5930358
120.7807399	31.5930350
120.7807409	31.5930343
120.7807418	31.5930336
120.7807427	31.5930329
120.7807435	31.5930323
120.7807443	31.5930316
120.7807453	31.5930309
120.7807463	31.5930302
120.7807472	31.5930295
120.7807481	31.5930288
120.7807489	31.5930281
120.7807497	31.5930275
120.7807505	31.5930268
120.7807512	31.5930261
120.7807521	31.5930255
120.7807529	31.5930248
120.7807539	31.5930242
120.7807549	31.5930234
120.7807559	31.5930227
120.7807569	31.5930220
120.7807580	31.5930212
120.7807592	31.5930203
120.7807600	31.5930197
120.7807609	31.5930191
120.7807618	31.5930185
120.7807627	31.5930178
120.7807637	31.5930171
120.7807646	31.5930164
120.7807656	31.5930157
120.7807665	31.5930150
120.7807675	31.5930143
120.7807684	31.5930136
120.7807693	31.5930129
120.7807702	31.5930122
120.7807710	31.5930116
120.7807719	31.5930109
120.7807727	31.5930102
120.7807737	31.5930095
120.7807746	31.5930088
120.7807755	31.5930081
120.7807765	31.5930073
120.7807774	31.5930066
120.7807784	31.5930058
120.7807793	31.5930050
120.7807803	31.5930042
120.7807814	31.5930034
120.7807824	31.5930026
120.7807834	31.5930018
120.7807844	31.5930010
120.7807853	31.5930002
120.7807863	31.5929995
120.7807873	31.5929988
120.7807882	31.5929981
120.7807891	31.5929974
120.7807900	31.5929967
120.7807909	31.5929961
120.7807917	31.5929955
120.7807925	31.5929949
120.7807937	31.5929940
120.7807948	31.5929932
120.7807959	31.5929924
120.7807969	31.5929916
120.7807979	31.5929909
120.7807988	31.5929902
120.7807997	31.5929896
120.7808006	31.5929890
120.7808016	31.5929882
120.7808025	31.5929876
120.7808033	31.5929869
120.7808043	31.5929862
120.7808052	31.5929855
120.7808060	31.5929849
120.7808069	31.5929843
120.7808079	31.5929837
120.7808090	31.5929829
120.7808101	31.5929822
120.7808111	31.5929816
120.7808120	31.5929810
120.7808130	31.5929803
120.7808139	31.5929797
120.7808148	31.5929791
