120.6375384	31.4297751
120.6375380	31.4297742
120.6375375	31.4297731
120.6375371	31.4297723
120.6375366	31.4297713
120.6375360	31.4297702
120.6375354	31.4297690
120.6375350	31.4297681
120.6375345	31.4297672
120.6375341	31.4297662
120.6375335	31.4297652
120.6375330	31.4297641
120.6375325	31.4297630
120.6375319	31.4297618
120.6375313	31.4297606
120.6375307	31.4297594
120.6375301	31.4297581
120.6375294	31.4297568
120.6375288	31.4297554
120.6375281	31.4297540
120.6375274	31.4297526
120.6375267	31.4297512
120.6375260	31.4297497
120.6375253	31.4297483
120.6375245	31.4297467
120.6375238	31.4297452
120.6375230	31.4297436
120.6375222	31.4297420
120.6375214	31.4297404
120.6375206	31.4297387
120.6375202	31.4297379
120.6375198	31.4297371
120.6375194	31.4297362
120.6375190	31.4297353
120.6375185	31.4297345
120.6375181	31.4297336
120.6375177	31.4297327
120.6375173	31.4297319
120.6375168	31.4297310
120.6375164	31.4297301
120.6375160	31.4297292
120.6375155	31.4297283
120.6375151	31.4297274
120.6375147	31.4297265
120.6375142	31.4297256
120.6375138	31.4297247
120.6375134	31.4297238
120.6375129	31.4297229
120.6375125	31.4297219
120.6375120	31.4297210
120.6375116	31.4297201
120.6375111	31.4297191
120.6375106	31.4297182
120.6375102	31.4297172
120.6375097	31.4297162
120.6375092	31.4297153
120.6375088	31.4297143
120.6375083	31.4297133
120.6375078	31.4297123
120.6375073	31.4297114
120.6375069	31.4297104
120.6375064	31.4297094
120.6375059	31.4297084
120.6375054	31.4297074
120.6375049	31.4297064
120.6375044	31.4297054
120.6375039	31.4297043
120.6375034	31.4297033
120.6375030	31.4297023
120.6375025	31.4297013
120.6375020	31.4297002
120.6375014	31.4296992
120.6375009	31.4296982
120.6375004	31.4296972
120.6374999	31.4296961
120.6374994	31.4296951
120.6374989	31.4296940
120.6374984	31.4296930
120.6374978	31.4296919
120.6374973	31.4296909
120.6374968	31.4296898
120.6374963	31.4296888
120.6374957	31.4296877
120.6374952	31.4296866
120.6374947	31.4296856
120.6374941	31.4296845
120.6374936	31.4296834
120.6374931	31.4296823
120.6374925	31.4296812
120.6374920	31.4296802
120.6374914	31.4296791
120.6374909	31.4296780
120.6374903	31.4296769
120.6374898	31.4296758
120.6374893	31.4296747
120.6374887	31.4296736
120.6374882	31.4296725
120.6374876	31.4296714
120.6374871	31.4296703
120.6374865	31.4296691
120.6374860	31.4296680
120.6374854	31.4296669
120.6374849	31.4296658
120.6374843	31.4296647
120.6374838	31.4296636
120.6374832	31.4296624
120.6374827	31.4296613
120.6374821	31.4296602
120.6374816	31.4296591
120.6374810	31.4296580
120.6374805	31.4296569
120.6374799	31.4296558
120.6374794	31.4296547
120.6374788	31.4296536
120.6374783	31.4296525
120.6374777	31.4296514
120.6374772	31.4296504
120.6374766	31.4296493
120.6374761	31.4296482
120.6374755	31.4296471
120.6374750	31.4296460
120.6374744	31.4296449
120.6374739	31.4296438
120.6374733	31.4296427
120.6374727	31.4296415
120.6374722	31.4296404
120.6374716	31.4296393
120.6374710	31.4296382
120.6374704	31.4296370
120.6374699	31.4296359
120.6374693	31.4296347
120.6374687	31.4296336
120.6374681	31.4296324
120.6374675	31.4296312
120.6374669	31.4296300
120.6374663	31.4296289
120.6374658	31.4296277
120.6374652	31.4296265
120.6374646	31.4296253
120.6374640	31.4296241
120.6374634	31.4296228
120.6374627	31.4296216
120.6374621	31.4296204
120.6374615	31.4296192
120.6374609	31.4296179
120.6374603	31.4296167
120.6374596	31.4296154
120.6374590	31.4296142
120.6374584	31.4296129
120.6374577	31.4296117
120.6374571	31.4296104
120.6374565	31.4296091
120.6374558	31.4296078
120.6374552	31.4296065
120.6374545	31.4296052
120.6374539	31.4296039
120.6374532	31.4296026
120.6374525	31.4296013
120.6374519	31.4296000
120.6374512	31.4295987
120.6374505	31.4295974
120.6374498	31.4295961
120.6374492	31.4295947
120.6374485	31.4295934
120.6374478	31.4295920
120.6374471	31.4295907
120.6374464	31.4295893
120.6374457	31.4295880
120.6374451	31.4295866
120.6374444	31.4295853
120.6374437	31.4295839
120.6374429	31.4295825
120.6374422	31.4295812
120.6374415	31.4295798
120.6374408	31.4295785
120.6374401	31.4295771
120.6374394	31.4295757
120.6374387	31.4295744
120.6374381	31.4295730
120.6374374	31.4295717
120.6374367	31.4295704
120.6374360	31.4295690
120.6374353	31.4295677
120.6374346	31.4295664
120.6374339	31.4295650
120.6374332	31.4295637
120.6374326	31.4295624
120.6374319	31.4295611
120.6374312	31.4295598
120.6374305	31.4295585
120.6374298	31.4295572
120.6374292	31.4295559
120.6374285	31.4295546
120.6374278	31.4295533
120.6374272	31.4295520
120.6374265	31.4295507
120.6374259	31.4295494
120.6374252	31.4295481
120.6374246	31.4295468
120.6374239	31.4295455
120.6374233	31.4295442
120.6374226	31.4295429
120.6374220	31.4295417
120.6374213	31.4295404
120.6374207	31.4295391
120.6374200	31.4295378
120.6374194	31.4295366
120.6374187	31.4295353
120.6374181	31.4295341
120.6374174	31.4295328
120.6374167	31.4295316
120.6374161	31.4295303
120.6374154	31.4295291
120.6374147	31.4295279
120.6374140	31.4295267
120.6374133	31.4295254
120.6374126	31.4295242
120.6374120	31.4295230
120.6374113	31.4295218
120.6374106	31.4295206
120.6374099	31.4295194
120.6374092	31.4295183
120.6374085	31.4295171
120.6374077	31.4295159
120.6374070	31.4295148
120.6374063	31.4295136
120.6374056	31.4295125
120.6374049	31.4295113
120.6374041	31.4295102
120.6374034	31.4295091
120.6374026	31.4295079
120.6374019	31.4295068
120.6374011	31.4295057
120.6374004	31.4295046
120.6373996	31.4295035
120.6373988	31.4295025
120.6373980	31.4295014
120.6373973	31.4295003
120.6373965	31.4294993
120.6373956	31.4294982
120.6373948	31.4294972
120.6373940	31.4294961
120.6373932	31.4294951
120.6373924	31.4294941
120.6373915	31.4294931
120.6373907	31.4294921
120.6373898	31.4294911
120.6373889	31.4294901
120.6373881	31.4294892
120.6373872	31.4294882
120.6373863	31.4294873
120.6373854	31.4294863
120.6373845	31.4294854
120.6373835	31.4294844
120.6373826	31.4294835
120.6373817	31.4294826
120.6373807	31.4294817
120.6373798	31.4294808
120.6373788	31.4294799
120.6373779	31.4294791
120.6373769	31.4294782
120.6373759	31.4294774
120.6373749	31.4294765
120.6373740	31.4294757
120.6373730	31.4294748
120.6373720	31.4294740
120.6373709	31.4294732
120.6373699	31.4294724
120.6373689	31.4294716
120.6373679	31.4294709
120.6373668	31.4294701
120.6373658	31.4294693
120.6373647	31.4294686
120.6373637	31.4294678
120.6373626	31.4294671
120.6373615	31.4294664
120.6373604	31.4294657
120.6373593	31.4294650
120.6373582	31.4294643
120.6373571	31.4294636
120.6373560	31.4294629
120.6373549	31.4294623
120.6373537	31.4294616
120.6373526	31.4294610
120.6373514	31.4294604
120.6373503	31.4294598
120.6373491	31.4294592
120.6373480	31.4294587
120.6373468	31.4294581
120.6373457	31.4294575
120.6373445	31.4294570
120.6373433	31.4294564
120.6373421	31.4294559
120.6373409	31.4294554
120.6373398	31.4294549
120.6373386	31.4294544
120.6373374	31.4294540
120.6373362	31.4294535
120.6373350	31.4294530
120.6373338	31.4294526
120.6373326	31.4294522
120.6373314	31.4294518
120.6373302	31.4294514
120.6373290	31.4294510
120.6373278	31.4294506
120.6373266	31.4294502
120.6373254	31.4294499
120.6373242	31.4294495
120.6373229	31.4294492
120.6373217	31.4294489
120.6373205	31.4294486
120.6373193	31.4294483
120.6373181	31.4294480
120.6373168	31.4294477
120.6373156	31.4294475
120.6373144	31.4294472
120.6373132	31.4294470
120.6373119	31.4294467
120.6373107	31.4294465
120.6373095	31.4294463
120.6373083	31.4294461
120.6373070	31.4294459
120.6373058	31.4294458
120.6373046	31.4294456
120.6373034	31.4294454
120.6373022	31.4294453
120.6373010	31.4294452
120.6372998	31.4294450
120.6372985	31.4294449
120.6372973	31.4294448
120.6372961	31.4294448
120.6372949	31.4294447
120.6372937	31.4294446
120.6372925	31.4294445
120.6372913	31.4294445
120.6372901	31.4294444
120.6372889	31.4294444
120.6372877	31.4294444
120.6372864	31.4294444
120.6372853	31.4294444
120.6372841	31.4294444
120.6372829	31.4294444
120.6372817	31.4294444
120.6372805	31.4294444
120.6372793	31.4294445
120.6372781	31.4294445
120.6372769	31.4294446
120.6372757	31.4294446
120.6372746	31.4294447
120.6372734	31.4294448
120.6372722	31.4294449
120.6372710	31.4294450
120.6372699	31.4294451
120.6372687	31.4294452
120.6372675	31.4294453
120.6372664	31.4294454
120.6372652	31.4294456
120.6372640	31.4294457
120.6372629	31.4294459
120.6372617	31.4294460
120.6372606	31.4294462
120.6372594	31.4294464
120.6372583	31.4294465
120.6372571	31.4294467
120.6372559	31.4294469
120.6372548	31.4294471
120.6372536	31.4294473
120.6372524	31.4294475
120.6372513	31.4294477
120.6372501	31.4294479
120.6372490	31.4294481
120.6372478	31.4294484
120.6372466	31.4294486
120.6372455	31.4294488
120.6372443	31.4294490
120.6372432	31.4294493
120.6372420	31.4294495
120.6372409	31.4294498
120.6372397	31.4294500
120.6372386	31.4294503
120.6372374	31.4294505
120.6372362	31.4294508
120.6372351	31.4294510
120.6372339	31.4294513
120.6372327	31.4294515
120.6372316	31.4294518
120.6372304	31.4294520
120.6372292	31.4294523
120.6372280	31.4294526
120.6372268	31.4294528
120.6372257	31.4294531
120.6372245	31.4294534
120.6372233	31.4294537
120.6372221	31.4294539
120.6372209	31.4294542
120.6372197	31.4294545
120.6372185	31.4294548
120.6372173	31.4294551
120.6372161	31.4294554
120.6372149	31.4294557
120.6372137	31.4294560
120.6372125	31.4294563
120.6372113	31.4294566
120.6372101	31.4294569
120.6372089	31.4294572
120.6372077	31.4294575
120.6372065	31.4294578
120.6372053	31.4294581
120.6372040	31.4294584
120.6372028	31.4294587
120.6372016	31.4294590
120.6372003	31.4294593
120.6371991	31.4294597
120.6371978	31.4294600
120.6371965	31.4294603
120.6371952	31.4294606
120.6371939	31.4294610
120.6371926	31.4294613
120.6371912	31.4294616
120.6371899	31.4294620
120.6371885	31.4294624
120.6371872	31.4294627
120.6371858	31.4294631
120.6371844	31.4294635
120.6371830	31.4294638
120.6371815	31.4294642
120.6371801	31.4294646
120.6371787	31.4294650
120.6371772	31.4294654
120.6371757	31.4294658
120.6371742	31.4294662
120.6371728	31.4294666
120.6371712	31.4294670
120.6371697	31.4294674
120.6371682	31.4294678
120.6371666	31.4294683
120.6371651	31.4294687
120.6371635	31.4294692
120.6371619	31.4294696
120.6371604	31.4294701
120.6371587	31.4294705
120.6371571	31.4294710
120.6371555	31.4294715
120.6371539	31.4294720
120.6371523	31.4294725
120.6371506	31.4294730
120.6371490	31.4294735
120.6371473	31.4294740
120.6371456	31.4294745
120.6371439	31.4294751
120.6371422	31.4294756
120.6371405	31.4294761
120.6371388	31.4294767
120.6371371	31.4294772
120.6371354	31.4294778
120.6371336	31.4294784
120.6371319	31.4294789
120.6371301	31.4294795
120.6371284	31.4294801
120.6371266	31.4294807
120.6371248	31.4294814
120.6371231	31.4294820
120.6371213	31.4294826
120.6371195	31.4294833
120.6371177	31.4294839
120.6371159	31.4294846
120.6371141	31.4294853
120.6371123	31.4294860
120.6371105	31.4294867
120.6371087	31.4294874
120.6371069	31.4294881
120.6371050	31.4294888
120.6371032	31.4294895
120.6371014	31.4294902
120.6370995	31.4294910
120.6370977	31.4294917
120.6370959	31.4294925
120.6370941	31.4294933
120.6370923	31.4294940
120.6370905	31.4294948
120.6370887	31.4294956
120.6370869	31.4294964
120.6370851	31.4294971
120.6370833	31.4294979
120.6370815	31.4294987
120.6370798	31.4294995
120.6370780	31.4295002
120.6370763	31.4295010
120.6370745	31.4295018
120.6370728	31.4295026
120.6370711	31.4295033
120.6370694	31.4295041
120.6370678	31.4295049
120.6370661	31.4295057
120.6370645	31.4295065
120.6370629	31.4295073
120.6370613	31.4295080
120.6370596	31.4295088
120.6370581	31.4295096
120.6370565	31.4295104
120.6370549	31.4295111
120.6370534	31.4295119
120.6370519	31.4295126
120.6370504	31.4295133
120.6370489	31.4295141
120.6370474	31.4295148
120.6370460	31.4295155
120.6370446	31.4295162
120.6370432	31.4295169
120.6370418	31.4295176
120.6370404	31.4295182
120.6370391	31.4295189
120.6370378	31.4295195
120.6370365	31.4295202
120.6370352	31.4295208
120.6370339	31.4295214
120.6370326	31.4295220
120.6370314	31.4295226
120.6370302	31.4295232
120.6370290	31.4295238
120.6370279	31.4295244
120.6370267	31.4295250
120.6370256	31.4295255
120.6370245	31.4295261
120.6370234	31.4295266
120.6370223	31.4295272
120.6370213	31.4295277
120.6370202	31.4295282
120.6370192	31.4295288
120.6370182	31.4295293
120.6370172	31.4295298
120.6370162	31.4295303
120.6370152	31.4295308
120.6370143	31.4295313
120.6370133	31.4295318
120.6370124	31.4295322
120.6370115	31.4295327
120.6370098	31.4295336
120.6370081	31.4295345
120.6370064	31.4295354
120.6370049	31.4295362
120.6370034	31.4295370
120.6370020	31.4295377
120.6370007	31.4295384
120.6369995	31.4295390
120.6369984	31.4295396
120.6369973	31.4295402
120.6369964	31.4295407
120.6369951	31.4295414
120.6369940	31.4295420
120.6369930	31.4295425
120.6369920	31.4295431
120.6369911	31.4295436
120.6369902	31.4295440
120.6369892	31.4295446
120.6369882	31.4295451
120.6369873	31.4295456
120.6369861	31.4295463
120.6369850	31.4295469
120.6369837	31.4295476
120.6369827	31.4295481
120.6369817	31.4295487
120.6369807	31.4295492
120.6369795	31.4295499
120.6369784	31.4295505
120.6369771	31.4295512
120.6369758	31.4295520
120.6369745	31.4295527
120.6369731	31.4295535
120.6369716	31.4295544
120.6369701	31.4295552
120.6369686	31.4295561
120.6369670	31.4295571
120.6369654	31.4295580
120.6369638	31.4295589
120.6369622	31.4295599
120.6369605	31.4295609
120.6369588	31.4295619
120.6369571	31.4295629
120.6369562	31.4295635
120.6369553	31.4295640
120.6369544	31.4295646
120.6369536	31.4295651
120.6369527	31.4295656
120.6369517	31.4295662
120.6369508	31.4295668
120.6369499	31.4295673
120.6369490	31.4295679
120.6369481	31.4295684
120.6369472	31.4295690
120.6369462	31.4295696
120.6369453	31.4295702
120.6369443	31.4295708
120.6369434	31.4295714
120.6369425	31.4295720
120.6369415	31.4295726
120.6369406	31.4295732
120.6369396	31.4295737
120.6369387	31.4295743
120.6369377	31.4295749
120.6369367	31.4295755
120.6369358	31.4295761
120.6369348	31.4295767
120.6369339	31.4295774
120.6369329	31.4295780
120.6369319	31.4295786
120.6369310	31.4295792
120.6369300	31.4295798
120.6369290	31.4295804
120.6369280	31.4295810
120.6369271	31.4295816
120.6369261	31.4295823
120.6369251	31.4295829
120.6369241	31.4295835
120.6369231	31.4295841
120.6369222	31.4295848
120.6369212	31.4295854
120.6369202	31.4295860
120.6369192	31.4295867
120.6369182	31.4295873
120.6369172	31.4295879
120.6369162	31.4295886
120.6369151	31.4295892
120.6369141	31.4295899
120.6369131	31.4295905
120.6369121	31.4295912
120.6369110	31.4295918
120.6369100	31.4295925
120.6369090	31.4295932
120.6369079	31.4295938
120.6369069	31.4295945
120.6369058	31.4295952
120.6369048	31.4295958
120.6369037	31.4295965
120.6369026	31.4295972
120.6369015	31.4295979
120.6369005	31.4295986
120.6368994	31.4295992
120.6368983	31.4295999
120.6368972	31.4296006
120.6368961	31.4296013
120.6368950	31.4296020
120.6368939	31.4296027
120.6368928	31.4296034
120.6368917	31.4296041
120.6368906	31.4296048
120.6368895	31.4296055
120.6368884	31.4296062
120.6368873	31.4296069
120.6368862	31.4296077
120.6368850	31.4296084
120.6368839	31.4296091
120.6368828	31.4296098
120.6368816	31.4296105
120.6368805	31.4296112
120.6368794	31.4296120
120.6368782	31.4296127
120.6368771	31.4296134
120.6368759	31.4296141
120.6368748	31.4296148
120.6368737	31.4296155
120.6368725	31.4296163
120.6368714	31.4296170
120.6368703	31.4296177
120.6368692	31.4296184
120.6368681	31.4296191
120.6368670	31.4296198
120.6368659	31.4296205
120.6368648	31.4296212
120.6368637	31.4296219
120.6368626	31.4296226
120.6368615	31.4296233
120.6368604	31.4296240
120.6368594	31.4296246
120.6368583	31.4296253
120.6368572	31.4296260
120.6368562	31.4296267
120.6368551	31.4296274
120.6368541	31.4296281
120.6368530	31.4296288
120.6368519	31.4296295
120.6368509	31.4296301
120.6368498	31.4296308
120.6368487	31.4296315
120.6368476	31.4296323
120.6368466	31.4296330
120.6368455	31.4296337
120.6368444	31.4296344
120.6368433	31.4296351
120.6368422	31.4296358
120.6368410	31.4296365
120.6368399	31.4296372
120.6368388	31.4296379
120.6368376	31.4296387
120.6368365	31.4296394
120.6368353	31.4296401
120.6368342	31.4296409
120.6368330	31.4296416
120.6368319	31.4296423
120.6368307	31.4296431
120.6368295	31.4296438
120.6368284	31.4296446
120.6368272	31.4296453
120.6368260	31.4296460
120.6368248	31.4296468
120.6368236	31.4296475
120.6368224	31.4296483
120.6368212	31.4296491
120.6368200	31.4296498
120.6368188	31.4296506
120.6368176	31.4296513
120.6368164	31.4296521
120.6368151	31.4296529
120.6368139	31.4296536
120.6368127	31.4296544
120.6368114	31.4296552
120.6368102	31.4296560
120.6368089	31.4296567
120.6368077	31.4296575
120.6368064	31.4296583
120.6368051	31.4296591
120.6368039	31.4296599
120.6368026	31.4296607
120.6368013	31.4296614
120.6368000	31.4296622
120.6367987	31.4296630
120.6367975	31.4296638
120.6367962	31.4296646
120.6367949	31.4296654
120.6367935	31.4296662
120.6367922	31.4296670
120.6367909	31.4296678
120.6367896	31.4296687
120.6367883	31.4296695
120.6367870	31.4296703
120.6367857	31.4296711
120.6367844	31.4296719
120.6367830	31.4296727
120.6367817	31.4296735
120.6367804	31.4296744
120.6367790	31.4296752
120.6367777	31.4296760
120.6367763	31.4296768
120.6367749	31.4296776
120.6367736	31.4296785
120.6367722	31.4296793
120.6367708	31.4296801
120.6367695	31.4296809
120.6367681	31.4296818
120.6367667	31.4296826
120.6367653	31.4296834
120.6367639	31.4296842
120.6367625	31.4296850
120.6367611	31.4296859
120.6367597	31.4296867
120.6367583	31.4296875
120.6367569	31.4296884
120.6367554	31.4296892
120.6367540	31.4296900
120.6367526	31.4296909
120.6367511	31.4296917
120.6367497	31.4296925
120.6367482	31.4296933
120.6367468	31.4296942
120.6367453	31.4296950
120.6367439	31.4296958
120.6367424	31.4296967
120.6367409	31.4296975
120.6367395	31.4296984
120.6367380	31.4296992
120.6367365	31.4297001
120.6367350	31.4297009
120.6367335	31.4297017
120.6367320	31.4297026
120.6367305	31.4297034
120.6367290	31.4297043
120.6367275	31.4297052
120.6367259	31.4297060
120.6367244	31.4297069
120.6367229	31.4297077
120.6367214	31.4297086
120.6367198	31.4297094
120.6367183	31.4297103
120.6367168	31.4297112
120.6367152	31.4297120
120.6367137	31.4297129
120.6367121	31.4297137
120.6367106	31.4297146
120.6367090	31.4297155
120.6367074	31.4297164
120.6367059	31.4297172
120.6367043	31.4297181
120.6367027	31.4297190
120.6367011	31.4297198
120.6366996	31.4297207
120.6366980	31.4297216
120.6366964	31.4297224
120.6366948	31.4297233
120.6366932	31.4297242
120.6366916	31.4297251
120.6366900	31.4297260
120.6366884	31.4297268
120.6366868	31.4297277
120.6366852	31.4297286
120.6366836	31.4297295
120.6366819	31.4297304
120.6366803	31.4297313
120.6366787	31.4297322
120.6366771	31.4297331
120.6366754	31.4297340
120.6366738	31.4297348
120.6366721	31.4297357
120.6366705	31.4297366
120.6366688	31.4297375
120.6366671	31.4297384
120.6366655	31.4297393
120.6366638	31.4297402
120.6366622	31.4297411
120.6366605	31.4297420
120.6366588	31.4297429
120.6366572	31.4297438
120.6366555	31.4297447
120.6366538	31.4297455
120.6366522	31.4297464
120.6366505	31.4297473
120.6366489	31.4297482
120.6366473	31.4297491
120.6366456	31.4297499
120.6366440	31.4297508
120.6366424	31.4297516
120.6366408	31.4297525
120.6366393	31.4297533
120.6366377	31.4297542
120.6366361	31.4297550
120.6366346	31.4297558
120.6366331	31.4297566
120.6366316	31.4297575
120.6366301	31.4297583
120.6366286	31.4297591
120.6366271	31.4297598
120.6366256	31.4297606
120.6366242	31.4297614
120.6366227	31.4297622
120.6366213	31.4297629
120.6366199	31.4297637
120.6366185	31.4297644
120.6366171	31.4297651
120.6366158	31.4297659
120.6366144	31.4297666
120.6366131	31.4297673
120.6366117	31.4297680
120.6366104	31.4297687
120.6366091	31.4297694
120.6366079	31.4297701
120.6366066	31.4297707
120.6366053	31.4297714
120.6366041	31.4297720
120.6366029	31.4297727
120.6366017	31.4297733
120.6366005	31.4297740
120.6365993	31.4297746
120.6365981	31.4297752
120.6365969	31.4297759
120.6365957	31.4297765
120.6365946	31.4297771
120.6365934	31.4297777
120.6365922	31.4297783
120.6365911	31.4297789
120.6365899	31.4297795
120.6365888	31.4297802
120.6365876	31.4297808
120.6365865	31.4297814
120.6365853	31.4297820
120.6365842	31.4297826
120.6365831	31.4297832
120.6365819	31.4297838
120.6365808	31.4297844
120.6365797	31.4297850
120.6365786	31.4297856
120.6365775	31.4297862
120.6365764	31.4297868
120.6365753	31.4297873
120.6365742	31.4297879
120.6365731	31.4297885
120.6365720	31.4297891
120.6365709	31.4297897
120.6365698	31.4297903
120.6365687	31.4297908
120.6365676	31.4297914
120.6365666	31.4297920
120.6365655	31.4297925
120.6365645	31.4297931
120.6365634	31.4297937
120.6365624	31.4297942
120.6365613	31.4297948
120.6365603	31.4297953
120.6365593	31.4297959
120.6365582	31.4297964
120.6365572	31.4297970
120.6365562	31.4297975
120.6365552	31.4297981
120.6365542	31.4297986
120.6365532	31.4297992
120.6365522	31.4297997
120.6365512	31.4298003
120.6365502	31.4298008
120.6365492	31.4298013
120.6365482	31.4298019
120.6365472	31.4298024
120.6365462	31.4298029
120.6365452	31.4298035
120.6365442	31.4298040
120.6365432	31.4298045
120.6365423	31.4298051
120.6365413	31.4298056
120.6365403	31.4298061
120.6365393	31.4298067
120.6365384	31.4298072
120.6365374	31.4298077
120.6365364	31.4298082
120.6365355	31.4298088
120.6365345	31.4298093
120.6365336	31.4298098
120.6365326	31.4298103
120.6365317	31.4298108
120.6365307	31.4298114
120.6365298	31.4298119
120.6365288	31.4298124
120.6365279	31.4298129
120.6365269	31.4298134
120.6365260	31.4298139
120.6365251	31.4298144
120.6365241	31.4298149
120.6365232	31.4298154
120.6365223	31.4298159
120.6365213	31.4298164
120.6365204	31.4298170
120.6365195	31.4298175
120.6365186	31.4298180
120.6365177	31.4298185
120.6365167	31.4298190
120.6365158	31.4298195
120.6365149	31.4298199
120.6365140	31.4298204
120.6365131	31.4298209
120.6365122	31.4298214
120.6365113	31.4298219
120.6365104	31.4298224
120.6365095	31.4298229
120.6365086	31.4298234
120.6365077	31.4298239
120.6365069	31.4298244
120.6365060	31.4298249
120.6365051	31.4298254
120.6365042	31.4298259
120.6365033	31.4298264
120.6365016	31.4298274
120.6364999	31.4298284
120.6364981	31.4298294
120.6364964	31.4298304
120.6364947	31.4298314
120.6364930	31.4298324
120.6364912	31.4298334
120.6364895	31.4298343
120.6364878	31.4298353
120.6364861	31.4298362
120.6364843	31.4298372
120.6364826	31.4298382
120.6364809	31.4298391
120.6364791	31.4298401
120.6364774	31.4298410
120.6364756	31.4298420
120.6364739	31.4298429
120.6364721	31.4298439
120.6364703	31.4298448
120.6364694	31.4298453
120.6364685	31.4298458
120.6364676	31.4298463
120.6364667	31.4298468
120.6364658	31.4298472
120.6364649	31.4298477
120.6364641	31.4298482
120.6364632	31.4298487
120.6364623	31.4298491
120.6364614	31.4298496
120.6364605	31.4298501
120.6364595	31.4298506
120.6364586	31.4298510
120.6364577	31.4298515
120.6364568	31.4298520
120.6364559	31.4298525
120.6364550	31.4298530
120.6364542	31.4298535
120.6364533	31.4298539
120.6364524	31.4298544
120.6364515	31.4298549
120.6364506	31.4298554
120.6364497	31.4298559
120.6364488	31.4298564
120.6364479	31.4298569
120.6364470	31.4298573
120.6364461	31.4298578
120.6364452	31.4298583
120.6364443	31.4298588
120.6364434	31.4298593
120.6364425	31.4298598
120.6364416	31.4298602
120.6364407	31.4298607
120.6364399	31.4298612
120.6364390	31.4298617
120.6364372	31.4298626
120.6364354	31.4298635
120.6364336	31.4298644
120.6364318	31.4298653
120.6364300	31.4298663
120.6364282	31.4298672
120.6364263	31.4298681
120.6364245	31.4298690
120.6364227	31.4298699
120.6364209	31.4298708
120.6364191	31.4298717
120.6364173	31.4298726
120.6364155	31.4298736
120.6364137	31.4298745
120.6364119	31.4298754
120.6364102	31.4298763
120.6364084	31.4298772
120.6364066	31.4298781
120.6364048	31.4298790
120.6364030	31.4298799
120.6364013	31.4298808
120.6363996	31.4298817
120.6363979	31.4298826
120.6363963	31.4298834
120.6363947	31.4298843
120.6363932	31.4298851
120.6363918	31.4298858
120.6363905	31.4298865
120.6363892	31.4298872
120.6363882	31.4298877
120.6363872	31.4298882
120.6363859	31.4298889
120.6363849	31.4298893
120.6363839	31.4298898
120.6363829	31.4298903
120.6363818	31.4298909
120.6363806	31.4298915
120.6363795	31.4298920
120.6363784	31.4298926
120.6363772	31.4298932
120.6363759	31.4298939
120.6363750	31.4298944
120.6363740	31.4298949
120.6363730	31.4298954
120.6363720	31.4298959
120.6363709	31.4298965
120.6363698	31.4298970
120.6363687	31.4298976
120.6363675	31.4298982
120.6363663	31.4298988
120.6363651	31.4298995
120.6363639	31.4299001
120.6363626	31.4299008
120.6363613	31.4299014
120.6363599	31.4299021
120.6363586	31.4299028
120.6363572	31.4299035
120.6363558	31.4299043
120.6363544	31.4299050
120.6363529	31.4299058
120.6363515	31.4299065
120.6363500	31.4299073
120.6363484	31.4299081
120.6363469	31.4299089
120.6363453	31.4299097
120.6363438	31.4299105
120.6363421	31.4299113
120.6363405	31.4299122
120.6363388	31.4299130
120.6363371	31.4299139
120.6363354	31.4299148
120.6363337	31.4299157
120.6363320	31.4299165
120.6363302	31.4299174
120.6363284	31.4299184
120.6363266	31.4299193
120.6363248	31.4299202
120.6363239	31.4299206
120.6363230	31.4299211
120.6363221	31.4299216
120.6363212	31.4299220
120.6363203	31.4299225
120.6363193	31.4299230
120.6363184	31.4299234
120.6363175	31.4299239
120.6363165	31.4299244
120.6363156	31.4299248
120.6363147	31.4299253
120.6363137	31.4299258
120.6363128	31.4299262
120.6363118	31.4299267
120.6363109	31.4299272
120.6363099	31.4299277
120.6363090	31.4299282
120.6363080	31.4299286
120.6363071	31.4299291
120.6363062	31.4299296
120.6363052	31.4299300
120.6363043	31.4299305
120.6363033	31.4299310
120.6363024	31.4299315
120.6363014	31.4299319
120.6363005	31.4299324
120.6362996	31.4299329
120.6362986	31.4299333
120.6362977	31.4299338
120.6362959	31.4299347
120.6362942	31.4299355
120.6362925	31.4299364
120.6362909	31.4299372
120.6362893	31.4299380
120.6362878	31.4299388
120.6362864	31.4299395
120.6362850	31.4299402
120.6362838	31.4299409
120.6362826	31.4299416
120.6362814	31.4299421
120.6362804	31.4299427
120.6362795	31.4299432
120.6362782	31.4299439
120.6362771	31.4299444
120.6362761	31.4299449
120.6362752	31.4299455
120.6362741	31.4299461
120.6362731	31.4299466
120.6362719	31.4299472
120.6362709	31.4299477
120.6362698	31.4299482
120.6362686	31.4299488
120.6362673	31.4299495
120.6362664	31.4299499
120.6362654	31.4299504
120.6362644	31.4299509
120.6362633	31.4299514
120.6362623	31.4299519
120.6362612	31.4299524
120.6362603	31.4299529
120.6362590	31.4299535
120.6362579	31.4299540
120.6362567	31.4299545
120.6362557	31.4299549
120.6362548	31.4299554
120.6362537	31.4299560
120.6362525	31.4299565
120.6362514	31.4299570
120.6362501	31.4299576
120.6362491	31.4299580
120.6362481	31.4299585
120.6362471	31.4299589
120.6362459	31.4299594
120.6362447	31.4299600
120.6362435	31.4299605
120.6362422	31.4299610
120.6362408	31.4299616
120.6362394	31.4299622
120.6362380	31.4299628
120.6362365	31.4299634
120.6362350	31.4299640
120.6362335	31.4299647
120.6362319	31.4299653
120.6362303	31.4299660
120.6362286	31.4299666
120.6362269	31.4299673
120.6362252	31.4299680
120.6362234	31.4299687
120.6362216	31.4299693
120.6362197	31.4299700
120.6362179	31.4299707
120.6362159	31.4299714
120.6362140	31.4299720
120.6362130	31.4299724
120.6362120	31.4299727
120.6362110	31.4299731
120.6362100	31.4299734
120.6362090	31.4299737
120.6362080	31.4299741
120.6362070	31.4299744
120.6362060	31.4299748
120.6362049	31.4299751
120.6362039	31.4299754
120.6362029	31.4299758
120.6362018	31.4299761
120.6362008	31.4299764
120.6361997	31.4299768
120.6361987	31.4299771
120.6361977	31.4299774
120.6361966	31.4299777
120.6361956	31.4299781
120.6361945	31.4299784
120.6361935	31.4299787
120.6361924	31.4299790
120.6361914	31.4299793
120.6361904	31.4299796
120.6361893	31.4299800
120.6361883	31.4299803
120.6361872	31.4299806
120.6361862	31.4299809
120.6361851	31.4299812
120.6361841	31.4299815
120.6361830	31.4299818
120.6361820	31.4299821
120.6361809	31.4299823
120.6361799	31.4299826
120.6361788	31.4299829
120.6361777	31.4299832
120.6361767	31.4299835
120.6361756	31.4299837
120.6361746	31.4299840
120.6361735	31.4299843
120.6361725	31.4299845
120.6361714	31.4299848
120.6361703	31.4299851
120.6361693	31.4299853
120.6361682	31.4299856
120.6361672	31.4299858
120.6361661	31.4299861
120.6361650	31.4299863
120.6361640	31.4299866
120.6361629	31.4299868
120.6361619	31.4299871
120.6361608	31.4299873
120.6361597	31.4299875
120.6361587	31.4299878
120.6361576	31.4299880
120.6361565	31.4299882
120.6361554	31.4299884
120.6361544	31.4299886
120.6361533	31.4299889
120.6361522	31.4299891
120.6361512	31.4299893
120.6361501	31.4299895
120.6361490	31.4299897
120.6361479	31.4299899
120.6361469	31.4299901
120.6361458	31.4299903
120.6361447	31.4299905
120.6361437	31.4299907
120.6361426	31.4299908
120.6361415	31.4299910
120.6361405	31.4299912
120.6361394	31.4299914
120.6361383	31.4299915
120.6361373	31.4299917
120.6361362	31.4299919
120.6361351	31.4299921
120.6361341	31.4299923
120.6361330	31.4299924
120.6361320	31.4299926
120.6361309	31.4299928
120.6361299	31.4299929
120.6361288	31.4299931
120.6361277	31.4299933
120.6361267	31.4299934
120.6361256	31.4299936
120.6361246	31.4299938
120.6361235	31.4299939
120.6361224	31.4299941
120.6361214	31.4299942
120.6361203	31.4299944
120.6361192	31.4299945
120.6361182	31.4299947
120.6361171	31.4299949
120.6361160	31.4299950
120.6361150	31.4299952
120.6361139	31.4299953
120.6361128	31.4299955
120.6361118	31.4299956
120.6361107	31.4299958
120.6361096	31.4299959
120.6361086	31.4299961
120.6361075	31.4299962
120.6361064	31.4299964
120.6361053	31.4299965
120.6361043	31.4299966
120.6361032	31.4299968
120.6361021	31.4299969
120.6361011	31.4299971
120.6361000	31.4299972
120.6360989	31.4299973
120.6360979	31.4299975
120.6360968	31.4299976
120.6360957	31.4299977
120.6360947	31.4299979
120.6360936	31.4299980
120.6360925	31.4299981
120.6360915	31.4299983
120.6360904	31.4299984
120.6360893	31.4299985
120.6360883	31.4299986
120.6360872	31.4299988
120.6360861	31.4299989
120.6360851	31.4299990
120.6360840	31.4299991
120.6360829	31.4299992
120.6360819	31.4299994
120.6360808	31.4299995
120.6360797	31.4299996
120.6360787	31.4299997
120.6360776	31.4299998
120.6360765	31.4299999
120.6360754	31.4300000
120.6360744	31.4300002
120.6360733	31.4300003
120.6360722	31.4300004
120.6360711	31.4300005
120.6360701	31.4300006
120.6360690	31.4300007
120.6360679	31.4300008
120.6360668	31.4300010
120.6360658	31.4300011
120.6360647	31.4300012
120.6360636	31.4300013
120.6360625	31.4300014
120.6360614	31.4300015
120.6360604	31.4300016
120.6360593	31.4300017
120.6360582	31.4300018
120.6360571	31.4300019
120.6360560	31.4300020
120.6360550	31.4300021
120.6360539	31.4300022
120.6360528	31.4300023
120.6360517	31.4300024
120.6360507	31.4300024
120.6360496	31.4300025
120.6360485	31.4300026
120.6360474	31.4300027
120.6360463	31.4300027
120.6360453	31.4300028
120.6360442	31.4300029
120.6360431	31.4300029
120.6360420	31.4300030
120.6360410	31.4300031
120.6360399	31.4300032
120.6360388	31.4300032
120.6360377	31.4300033
120.6360366	31.4300033
120.6360356	31.4300034
120.6360345	31.4300035
120.6360334	31.4300035
120.6360323	31.4300036
120.6360313	31.4300036
120.6360302	31.4300037
120.6360291	31.4300038
120.6360280	31.4300038
120.6360269	31.4300039
120.6360258	31.4300039
120.6360247	31.4300040
120.6360237	31.4300041
120.6360226	31.4300041
120.6360215	31.4300042
120.6360204	31.4300042
120.6360193	31.4300043
120.6360182	31.4300043
120.6360171	31.4300044
120.6360160	31.4300044
120.6360149	31.4300045
120.6360138	31.4300045
120.6360127	31.4300045
120.6360116	31.4300046
120.6360105	31.4300046
120.6360094	31.4300047
120.6360083	31.4300047
120.6360072	31.4300047
120.6360061	31.4300048
120.6360051	31.4300048
120.6360040	31.4300048
120.6360029	31.4300049
120.6360018	31.4300049
120.6360007	31.4300049
120.6359996	31.4300050
120.6359985	31.4300050
120.6359974	31.4300050
120.6359963	31.4300051
120.6359952	31.4300051
120.6359942	31.4300051
120.6359931	31.4300051
120.6359920	31.4300052
120.6359909	31.4300052
120.6359898	31.4300052
120.6359887	31.4300052
120.6359876	31.4300053
120.6359865	31.4300053
120.6359854	31.4300053
120.6359843	31.4300053
120.6359833	31.4300054
120.6359822	31.4300054
120.6359811	31.4300054
120.6359800	31.4300054
120.6359789	31.4300055
120.6359778	31.4300055
120.6359767	31.4300055
120.6359756	31.4300056
120.6359745	31.4300056
120.6359734	31.4300056
120.6359723	31.4300057
120.6359712	31.4300057
120.6359701	31.4300057
120.6359691	31.4300058
120.6359680	31.4300058
120.6359669	31.4300059
120.6359658	31.4300059
120.6359647	31.4300060
120.6359635	31.4300060
120.6359624	31.4300061
120.6359613	31.4300061
120.6359602	31.4300062
120.6359591	31.4300062
120.6359579	31.4300063
120.6359568	31.4300064
120.6359557	31.4300064
120.6359546	31.4300065
120.6359535	31.4300066
120.6359524	31.4300066
120.6359512	31.4300067
120.6359501	31.4300068
120.6359490	31.4300069
120.6359479	31.4300070
120.6359468	31.4300071
120.6359456	31.4300072
120.6359445	31.4300073
120.6359434	31.4300074
120.6359423	31.4300075
120.6359412	31.4300076
120.6359401	31.4300078
120.6359390	31.4300079
120.6359379	31.4300080
120.6359368	31.4300082
120.6359357	31.4300083
120.6359347	31.4300085
120.6359336	31.4300087
120.6359325	31.4300088
120.6359314	31.4300090
120.6359303	31.4300092
120.6359293	31.4300094
120.6359282	31.4300096
120.6359271	31.4300098
120.6359260	31.4300100
120.6359250	31.4300102
120.6359239	31.4300104
120.6359228	31.4300106
120.6359218	31.4300109
120.6359207	31.4300111
120.6359197	31.4300114
120.6359186	31.4300117
120.6359175	31.4300119
120.6359165	31.4300122
120.6359154	31.4300125
120.6359144	31.4300128
120.6359133	31.4300131
120.6359122	31.4300134
120.6359112	31.4300137
120.6359101	31.4300141
120.6359091	31.4300144
120.6359080	31.4300147
120.6359070	31.4300151
120.6359060	31.4300154
120.6359049	31.4300158
120.6359039	31.4300162
120.6359028	31.4300165
120.6359018	31.4300169
120.6359008	31.4300173
120.6358997	31.4300177
120.6358987	31.4300181
120.6358977	31.4300185
120.6358966	31.4300189
120.6358956	31.4300193
120.6358946	31.4300197
120.6358936	31.4300201
120.6358925	31.4300205
120.6358915	31.4300209
120.6358905	31.4300213
120.6358895	31.4300218
120.6358885	31.4300222
120.6358874	31.4300226
120.6358864	31.4300231
120.6358854	31.4300235
120.6358844	31.4300240
120.6358834	31.4300244
120.6358823	31.4300249
120.6358813	31.4300254
120.6358803	31.4300258
120.6358793	31.4300263
120.6358783	31.4300267
120.6358773	31.4300272
120.6358763	31.4300277
120.6358753	31.4300282
120.6358742	31.4300286
120.6358732	31.4300291
120.6358722	31.4300296
120.6358712	31.4300301
120.6358702	31.4300306
120.6358692	31.4300311
120.6358682	31.4300316
120.6358672	31.4300321
120.6358662	31.4300325
120.6358652	31.4300330
120.6358642	31.4300335
120.6358631	31.4300340
120.6358621	31.4300345
120.6358611	31.4300350
120.6358601	31.4300355
120.6358591	31.4300361
120.6358581	31.4300366
120.6358570	31.4300371
120.6358560	31.4300376
120.6358550	31.4300381
120.6358540	31.4300386
120.6358529	31.4300392
120.6358519	31.4300397
120.6358508	31.4300402
120.6358498	31.4300408
120.6358487	31.4300413
120.6358477	31.4300419
120.6358466	31.4300424
120.6358456	31.4300429
120.6358445	31.4300435
120.6358434	31.4300441
120.6358423	31.4300446
120.6358412	31.4300452
120.6358402	31.4300457
120.6358391	31.4300463
120.6358380	31.4300469
120.6358369	31.4300475
120.6358358	31.4300480
120.6358347	31.4300486
120.6358336	31.4300492
120.6358325	31.4300498
120.6358314	31.4300504
120.6358303	31.4300509
120.6358292	31.4300515
120.6358281	31.4300521
120.6358270	31.4300527
120.6358259	31.4300533
120.6358247	31.4300539
120.6358236	31.4300545
120.6358225	31.4300551
120.6358214	31.4300557
120.6358202	31.4300563
120.6358191	31.4300569
120.6358179	31.4300575
120.6358168	31.4300581
120.6358156	31.4300587
120.6358144	31.4300593
120.6358133	31.4300599
120.6358121	31.4300605
120.6358109	31.4300612
120.6358097	31.4300618
120.6358085	31.4300624
120.6358073	31.4300630
120.6358061	31.4300637
120.6358049	31.4300643
120.6358036	31.4300649
120.6358024	31.4300656
120.6358012	31.4300662
120.6357999	31.4300669
120.6357987	31.4300675
120.6357974	31.4300682
120.6357962	31.4300688
120.6357949	31.4300695
120.6357937	31.4300701
120.6357924	31.4300708
120.6357911	31.4300715
120.6357898	31.4300721
120.6357885	31.4300728
120.6357872	31.4300735
120.6357859	31.4300742
120.6357846	31.4300748
120.6357833	31.4300755
120.6357820	31.4300762
120.6357807	31.4300769
120.6357794	31.4300776
120.6357781	31.4300783
120.6357767	31.4300790
120.6357754	31.4300797
120.6357740	31.4300804
120.6357727	31.4300811
120.6357713	31.4300818
120.6357700	31.4300825
120.6357686	31.4300832
120.6357673	31.4300839
120.6357659	31.4300846
120.6357645	31.4300853
120.6357631	31.4300861
120.6357618	31.4300868
120.6357604	31.4300875
120.6357590	31.4300883
120.6357576	31.4300890
120.6357562	31.4300897
120.6357548	31.4300905
120.6357534	31.4300912
120.6357520	31.4300919
120.6357505	31.4300927
120.6357491	31.4300934
120.6357477	31.4300942
120.6357462	31.4300949
120.6357448	31.4300957
120.6357434	31.4300965
120.6357419	31.4300972
120.6357405	31.4300980
120.6357390	31.4300988
120.6357376	31.4300996
120.6357361	31.4301003
120.6357346	31.4301011
120.6357331	31.4301019
120.6357316	31.4301027
120.6357301	31.4301035
120.6357286	31.4301043
120.6357271	31.4301051
120.6357256	31.4301059
120.6357241	31.4301067
120.6357226	31.4301075
120.6357211	31.4301083
120.6357196	31.4301091
120.6357180	31.4301100
120.6357165	31.4301108
120.6357149	31.4301116
120.6357134	31.4301124
120.6357118	31.4301133
120.6357103	31.4301141
120.6357087	31.4301149
120.6357071	31.4301158
120.6357056	31.4301166
120.6357040	31.4301175
120.6357024	31.4301183
120.6357008	31.4301192
120.6356992	31.4301200
120.6356976	31.4301209
120.6356960	31.4301217
120.6356944	31.4301226
120.6356928	31.4301235
120.6356912	31.4301243
120.6356896	31.4301252
120.6356879	31.4301261
120.6356863	31.4301270
120.6356847	31.4301278
120.6356830	31.4301287
120.6356814	31.4301296
120.6356798	31.4301305
120.6356781	31.4301314
120.6356765	31.4301323
120.6356748	31.4301332
120.6356731	31.4301341
120.6356715	31.4301350
120.6356698	31.4301359
120.6356682	31.4301368
120.6356665	31.4301376
120.6356648	31.4301385
120.6356631	31.4301394
120.6356614	31.4301404
120.6356598	31.4301413
120.6356581	31.4301422
120.6356564	31.4301431
120.6356547	31.4301440
120.6356530	31.4301449
120.6356513	31.4301458
120.6356495	31.4301467
120.6356478	31.4301476
120.6356461	31.4301486
120.6356444	31.4301495
120.6356426	31.4301504
120.6356409	31.4301513
120.6356392	31.4301523
120.6356374	31.4301532
120.6356357	31.4301541
120.6356339	31.4301550
120.6356322	31.4301560
120.6356304	31.4301569
120.6356287	31.4301578
120.6356269	31.4301588
120.6356252	31.4301597
120.6356234	31.4301606
120.6356216	31.4301615
120.6356199	31.4301624
120.6356181	31.4301634
120.6356164	31.4301643
120.6356147	31.4301652
120.6356130	31.4301661
120.6356112	31.4301670
120.6356095	31.4301679
120.6356079	31.4301688
120.6356062	31.4301697
120.6356045	31.4301706
120.6356028	31.4301714
120.6356012	31.4301723
120.6355995	31.4301732
120.6355979	31.4301741
120.6355963	31.4301749
120.6355946	31.4301758
120.6355930	31.4301767
120.6355914	31.4301775
120.6355898	31.4301783
120.6355882	31.4301792
120.6355867	31.4301800
120.6355851	31.4301809
120.6355835	31.4301817
120.6355819	31.4301825
120.6355803	31.4301834
120.6355787	31.4301842
120.6355771	31.4301851
120.6355755	31.4301859
120.6355739	31.4301868
120.6355723	31.4301876
120.6355707	31.4301885
120.6355691	31.4301893
120.6355675	31.4301902
120.6355659	31.4301910
120.6355643	31.4301919
120.6355626	31.4301927
120.6355610	31.4301936
120.6355594	31.4301945
120.6355578	31.4301953
120.6355561	31.4301962
120.6355545	31.4301970
120.6355528	31.4301979
120.6355512	31.4301988
120.6355495	31.4301996
120.6355479	31.4302005
120.6355462	31.4302014
120.6355446	31.4302022
120.6355429	31.4302031
120.6355413	31.4302040
120.6355396	31.4302049
120.6355380	31.4302057
120.6355363	31.4302066
120.6355346	31.4302075
120.6355330	31.4302084
120.6355313	31.4302092
120.6355296	31.4302101
120.6355280	31.4302110
120.6355263	31.4302118
120.6355247	31.4302127
120.6355231	31.4302135
120.6355214	31.4302144
120.6355198	31.4302152
120.6355182	31.4302161
120.6355166	31.4302169
120.6355150	31.4302178
120.6355134	31.4302186
120.6355118	31.4302195
120.6355102	31.4302203
120.6355086	31.4302211
120.6355071	31.4302219
120.6355055	31.4302228
120.6355040	31.4302236
120.6355024	31.4302244
120.6355009	31.4302252
120.6354994	31.4302260
120.6354978	31.4302268
120.6354963	31.4302276
120.6354948	31.4302283
120.6354933	31.4302291
120.6354919	31.4302299
120.6354904	31.4302307
120.6354889	31.4302314
120.6354875	31.4302322
120.6354860	31.4302330
120.6354845	31.4302337
120.6354831	31.4302345
120.6354817	31.4302352
120.6354803	31.4302359
120.6354788	31.4302367
120.6354774	31.4302374
120.6354761	31.4302381
120.6354747	31.4302388
120.6354733	31.4302395
120.6354719	31.4302402
120.6354706	31.4302409
120.6354692	31.4302416
120.6354679	31.4302422
120.6354665	31.4302429
120.6354652	31.4302436
120.6354639	31.4302442
120.6354625	31.4302449
120.6354612	31.4302455
120.6354599	31.4302462
120.6354586	31.4302468
120.6354573	31.4302474
120.6354560	31.4302480
120.6354547	31.4302487
120.6354534	31.4302493
120.6354522	31.4302499
120.6354509	31.4302505
120.6354496	31.4302511
120.6354483	31.4302517
120.6354470	31.4302523
120.6354457	31.4302529
120.6354443	31.4302535
120.6354430	31.4302541
120.6354417	31.4302547
120.6354404	31.4302553
120.6354390	31.4302559
120.6354377	31.4302565
120.6354363	31.4302571
120.6354350	31.4302577
120.6354336	31.4302583
120.6354323	31.4302589
120.6354309	31.4302595
120.6354296	31.4302601
120.6354282	31.4302606
120.6354268	31.4302612
120.6354254	31.4302618
120.6354240	31.4302624
120.6354226	31.4302630
120.6354213	31.4302636
120.6354199	31.4302641
120.6354185	31.4302647
120.6354170	31.4302653
120.6354156	31.4302659
120.6354142	31.4302665
120.6354128	31.4302671
120.6354114	31.4302676
120.6354099	31.4302682
120.6354085	31.4302688
120.6354070	31.4302693
120.6354056	31.4302699
120.6354041	31.4302704
120.6354027	31.4302710
120.6354012	31.4302715
120.6353998	31.4302721
120.6353983	31.4302726
120.6353968	31.4302732
120.6353953	31.4302737
120.6353938	31.4302742
120.6353923	31.4302748
120.6353908	31.4302753
120.6353893	31.4302758
120.6353878	31.4302763
120.6353863	31.4302768
120.6353848	31.4302773
120.6353832	31.4302778
120.6353817	31.4302783
120.6353802	31.4302788
120.6353786	31.4302793
120.6353771	31.4302798
120.6353755	31.4302803
120.6353740	31.4302808
120.6353724	31.4302812
120.6353708	31.4302817
120.6353692	31.4302822
120.6353677	31.4302826
120.6353661	31.4302831
120.6353645	31.4302835
120.6353629	31.4302840
120.6353613	31.4302844
120.6353597	31.4302848
120.6353581	31.4302853
120.6353565	31.4302857
120.6353549	31.4302861
120.6353533	31.4302865
120.6353517	31.4302869
120.6353501	31.4302873
120.6353484	31.4302877
120.6353468	31.4302881
120.6353452	31.4302885
120.6353435	31.4302888
120.6353419	31.4302892
120.6353402	31.4302896
120.6353385	31.4302899
120.6353369	31.4302903
120.6353352	31.4302906
120.6353335	31.4302909
120.6353318	31.4302912
120.6353301	31.4302916
120.6353284	31.4302919
120.6353267	31.4302922
120.6353250	31.4302925
120.6353233	31.4302927
120.6353215	31.4302930
120.6353198	31.4302933
120.6353180	31.4302935
120.6353163	31.4302938
120.6353145	31.4302940
120.6353128	31.4302942
120.6353110	31.4302945
120.6353092	31.4302947
120.6353075	31.4302949
120.6353057	31.4302951
120.6353039	31.4302953
120.6353021	31.4302955
120.6353003	31.4302956
120.6352985	31.4302958
120.6352967	31.4302960
120.6352949	31.4302961
120.6352931	31.4302962
120.6352913	31.4302964
120.6352894	31.4302965
120.6352876	31.4302966
120.6352858	31.4302967
120.6352839	31.4302967
120.6352821	31.4302968
120.6352803	31.4302969
120.6352784	31.4302969
120.6352766	31.4302970
120.6352747	31.4302970
120.6352728	31.4302971
120.6352710	31.4302971
120.6352691	31.4302971
120.6352672	31.4302971
120.6352654	31.4302971
120.6352635	31.4302970
120.6352616	31.4302970
120.6352597	31.4302970
120.6352578	31.4302969
120.6352559	31.4302968
120.6352540	31.4302967
120.6352521	31.4302967
120.6352502	31.4302966
120.6352482	31.4302964
120.6352463	31.4302963
120.6352444	31.4302962
120.6352425	31.4302961
120.6352406	31.4302959
120.6352386	31.4302957
120.6352367	31.4302956
120.6352348	31.4302954
120.6352328	31.4302951
120.6352309	31.4302949
120.6352290	31.4302947
120.6352270	31.4302944
120.6352251	31.4302941
120.6352231	31.4302939
120.6352212	31.4302936
120.6352193	31.4302933
120.6352173	31.4302930
120.6352154	31.4302926
120.6352135	31.4302923
120.6352115	31.4302919
120.6352096	31.4302916
120.6352077	31.4302912
120.6352057	31.4302908
120.6352038	31.4302904
120.6352019	31.4302900
120.6352000	31.4302896
120.6351981	31.4302891
120.6351962	31.4302887
120.6351943	31.4302882
120.6351924	31.4302877
120.6351906	31.4302872
120.6351887	31.4302868
120.6351869	31.4302863
120.6351850	31.4302857
120.6351832	31.4302852
120.6351814	31.4302847
120.6351796	31.4302842
120.6351778	31.4302836
120.6351760	31.4302830
120.6351743	31.4302825
120.6351725	31.4302819
120.6351708	31.4302813
120.6351690	31.4302807
120.6351673	31.4302801
120.6351656	31.4302795
120.6351639	31.4302789
120.6351622	31.4302783
120.6351606	31.4302776
120.6351589	31.4302770
120.6351572	31.4302763
120.6351556	31.4302756
120.6351539	31.4302749
120.6351522	31.4302742
120.6351506	31.4302735
120.6351489	31.4302728
120.6351473	31.4302721
120.6351456	31.4302714
120.6351440	31.4302706
120.6351423	31.4302699
120.6351407	31.4302691
120.6351390	31.4302683
120.6351374	31.4302675
120.6351357	31.4302667
120.6351341	31.4302659
120.6351324	31.4302650
120.6351308	31.4302642
120.6351291	31.4302634
120.6351275	31.4302625
120.6351259	31.4302616
120.6351242	31.4302607
120.6351226	31.4302598
120.6351210	31.4302588
120.6351193	31.4302579
120.6351177	31.4302570
120.6351161	31.4302560
120.6351144	31.4302550
120.6351128	31.4302540
120.6351112	31.4302530
120.6351096	31.4302520
120.6351079	31.4302509
120.6351063	31.4302499
120.6351047	31.4302488
120.6351031	31.4302477
120.6351015	31.4302466
120.6350999	31.4302455
120.6350983	31.4302444
120.6350967	31.4302432
120.6350951	31.4302421
120.6350935	31.4302409
120.6350920	31.4302397
120.6350904	31.4302385
120.6350888	31.4302373
120.6350872	31.4302361
120.6350857	31.4302348
120.6350841	31.4302336
120.6350826	31.4302323
120.6350810	31.4302310
120.6350795	31.4302297
120.6350780	31.4302284
120.6350765	31.4302271
120.6350750	31.4302258
120.6350735	31.4302245
120.6350721	31.4302231
120.6350706	31.4302218
120.6350691	31.4302204
120.6350677	31.4302190
120.6350663	31.4302176
120.6350648	31.4302162
120.6350634	31.4302148
120.6350620	31.4302134
120.6350607	31.4302120
120.6350593	31.4302105
120.6350579	31.4302091
120.6350566	31.4302076
120.6350552	31.4302062
120.6350539	31.4302047
120.6350526	31.4302032
120.6350513	31.4302017
120.6350500	31.4302002
120.6350488	31.4301986
120.6350475	31.4301971
120.6350463	31.4301956
120.6350450	31.4301940
120.6350438	31.4301925
120.6350426	31.4301909
120.6350414	31.4301893
120.6350402	31.4301878
120.6350390	31.4301862
120.6350378	31.4301846
120.6350367	31.4301830
120.6350355	31.4301813
120.6350344	31.4301797
120.6350333	31.4301781
120.6350322	31.4301765
120.6350311	31.4301748
120.6350300	31.4301732
120.6350289	31.4301715
120.6350278	31.4301699
120.6350267	31.4301682
120.6350257	31.4301665
120.6350246	31.4301648
120.6350236	31.4301631
120.6350226	31.4301614
120.6350215	31.4301597
120.6350205	31.4301580
120.6350195	31.4301563
120.6350185	31.4301546
120.6350176	31.4301529
120.6350166	31.4301511
120.6350156	31.4301494
120.6350147	31.4301477
120.6350137	31.4301459
120.6350128	31.4301442
120.6350118	31.4301424
120.6350109	31.4301407
120.6350099	31.4301389
120.6350090	31.4301372
120.6350081	31.4301354
120.6350071	31.4301337
120.6350062	31.4301319
120.6350053	31.4301301
120.6350044	31.4301283
120.6350035	31.4301266
120.6350026	31.4301248
120.6350017	31.4301230
120.6350008	31.4301212
120.6349999	31.4301195
120.6349990	31.4301177
120.6349981	31.4301159
120.6349972	31.4301141
120.6349962	31.4301123
120.6349953	31.4301105
120.6349944	31.4301087
120.6349935	31.4301070
120.6349926	31.4301052
120.6349917	31.4301034
120.6349908	31.4301016
120.6349899	31.4300998
120.6349890	31.4300980
120.6349881	31.4300962
120.6349872	31.4300945
120.6349863	31.4300927
120.6349854	31.4300909
120.6349845	31.4300891
120.6349836	31.4300873
120.6349827	31.4300855
120.6349817	31.4300837
120.6349808	31.4300819
120.6349799	31.4300801
120.6349790	31.4300783
120.6349780	31.4300765
120.6349771	31.4300746
120.6349762	31.4300728
120.6349752	31.4300710
120.6349743	31.4300692
120.6349733	31.4300674
120.6349723	31.4300655
120.6349714	31.4300637
120.6349704	31.4300619
120.6349694	31.4300600
120.6349684	31.4300582
120.6349674	31.4300564
120.6349665	31.4300545
120.6349655	31.4300527
120.6349645	31.4300508
120.6349635	31.4300490
120.6349625	31.4300471
120.6349615	31.4300452
120.6349605	31.4300434
120.6349594	31.4300415
120.6349584	31.4300397
120.6349574	31.4300378
120.6349564	31.4300359
120.6349554	31.4300341
120.6349543	31.4300322
120.6349533	31.4300303
120.6349523	31.4300284
120.6349513	31.4300265
120.6349502	31.4300246
120.6349492	31.4300227
120.6349481	31.4300208
120.6349471	31.4300189
120.6349460	31.4300170
120.6349450	31.4300151
120.6349439	31.4300132
120.6349429	31.4300113
120.6349419	31.4300093
120.6349408	31.4300074
120.6349398	31.4300054
120.6349387	31.4300035
120.6349377	31.4300015
120.6349366	31.4299996
120.6349355	31.4299976
120.6349345	31.4299957
120.6349334	31.4299937
120.6349324	31.4299917
120.6349313	31.4299897
120.6349303	31.4299877
120.6349292	31.4299858
120.6349281	31.4299838
120.6349270	31.4299818
120.6349260	31.4299798
120.6349249	31.4299778
120.6349238	31.4299758
120.6349228	31.4299738
120.6349217	31.4299718
120.6349206	31.4299697
120.6349196	31.4299677
120.6349185	31.4299657
120.6349174	31.4299637
120.6349163	31.4299616
120.6349153	31.4299596
120.6349142	31.4299576
120.6349131	31.4299555
120.6349120	31.4299535
120.6349110	31.4299514
120.6349099	31.4299493
120.6349088	31.4299473
120.6349078	31.4299452
120.6349067	31.4299431
120.6349056	31.4299410
120.6349046	31.4299390
120.6349035	31.4299369
120.6349024	31.4299348
120.6349013	31.4299327
120.6349003	31.4299306
120.6348992	31.4299285
120.6348981	31.4299264
120.6348971	31.4299243
120.6348960	31.4299222
120.6348949	31.4299201
120.6348938	31.4299179
120.6348928	31.4299158
120.6348917	31.4299137
120.6348906	31.4299116
120.6348895	31.4299095
120.6348885	31.4299073
120.6348874	31.4299052
120.6348863	31.4299031
120.6348852	31.4299009
120.6348841	31.4298988
120.6348830	31.4298966
120.6348819	31.4298945
120.6348808	31.4298924
120.6348797	31.4298902
120.6348786	31.4298880
120.6348775	31.4298859
120.6348764	31.4298837
120.6348753	31.4298816
120.6348742	31.4298794
120.6348731	31.4298773
120.6348720	31.4298751
120.6348709	31.4298729
120.6348698	31.4298707
120.6348686	31.4298686
120.6348675	31.4298664
120.6348664	31.4298642
120.6348653	31.4298620
120.6348641	31.4298599
120.6348630	31.4298577
120.6348619	31.4298555
120.6348607	31.4298533
120.6348596	31.4298511
120.6348585	31.4298489
120.6348573	31.4298468
120.6348562	31.4298446
120.6348550	31.4298424
120.6348539	31.4298402
120.6348528	31.4298380
120.6348516	31.4298358
120.6348505	31.4298336
120.6348493	31.4298314
120.6348482	31.4298292
120.6348470	31.4298270
120.6348459	31.4298248
120.6348447	31.4298226
120.6348435	31.4298203
120.6348424	31.4298181
120.6348412	31.4298159
120.6348401	31.4298137
120.6348389	31.4298115
120.6348377	31.4298093
120.6348365	31.4298071
120.6348354	31.4298049
120.6348342	31.4298026
120.6348330	31.4298004
120.6348319	31.4297982
120.6348307	31.4297960
120.6348295	31.4297937
120.6348284	31.4297915
120.6348272	31.4297893
120.6348260	31.4297871
120.6348249	31.4297848
120.6348237	31.4297826
120.6348225	31.4297804
120.6348214	31.4297781
120.6348202	31.4297759
120.6348190	31.4297737
120.6348179	31.4297714
120.6348167	31.4297692
120.6348155	31.4297670
120.6348144	31.4297648
120.6348132	31.4297625
120.6348120	31.4297603
120.6348109	31.4297581
120.6348097	31.4297559
120.6348086	31.4297536
120.6348074	31.4297514
120.6348063	31.4297492
120.6348051	31.4297470
120.6348040	31.4297448
120.6348028	31.4297425
120.6348017	31.4297403
120.6348005	31.4297381
120.6347994	31.4297359
120.6347982	31.4297337
120.6347971	31.4297314
120.6347959	31.4297292
120.6347948	31.4297270
120.6347936	31.4297248
120.6347925	31.4297225
120.6347913	31.4297203
120.6347902	31.4297181
120.6347890	31.4297159
120.6347879	31.4297136
120.6347868	31.4297114
120.6347856	31.4297092
120.6347845	31.4297070
120.6347833	31.4297047
120.6347822	31.4297025
120.6347810	31.4297003
120.6347799	31.4296981
120.6347788	31.4296959
120.6347776	31.4296937
120.6347765	31.4296915
120.6347754	31.4296894
120.6347743	31.4296872
120.6347732	31.4296851
120.6347721	31.4296829
120.6347710	31.4296808
120.6347699	31.4296787
120.6347689	31.4296766
120.6347678	31.4296745
120.6347667	31.4296724
120.6347657	31.4296704
120.6347647	31.4296684
120.6347637	31.4296664
120.6347626	31.4296644
120.6347616	31.4296624
120.6347607	31.4296604
120.6347597	31.4296585
120.6347587	31.4296566
120.6347577	31.4296547
120.6347568	31.4296528
120.6347558	31.4296509
120.6347549	31.4296491
120.6347540	31.4296473
120.6347530	31.4296455
120.6347521	31.4296438
120.6347512	31.4296420
120.6347504	31.4296403
120.6347495	31.4296387
120.6347486	31.4296370
120.6347478	31.4296354
120.6347470	31.4296337
120.6347462	31.4296322
120.6347454	31.4296306
120.6347446	31.4296291
120.6347438	31.4296276
120.6347430	31.4296261
120.6347423	31.4296246
120.6347416	31.4296232
120.6347409	31.4296218
120.6347401	31.4296205
120.6347395	31.4296191
120.6347388	31.4296178
120.6347381	31.4296165
120.6347375	31.4296153
120.6347369	31.4296140
120.6347362	31.4296128
120.6347356	31.4296116
120.6347350	31.4296105
120.6347344	31.4296093
120.6347339	31.4296082
120.6347333	31.4296070
120.6347327	31.4296059
120.6347321	31.4296048
120.6347316	31.4296037
120.6347310	31.4296026
120.6347305	31.4296016
120.6347300	31.4296005
120.6347294	31.4295994
120.6347289	31.4295984
120.6347284	31.4295974
120.6347278	31.4295963
120.6347273	31.4295953
120.6347268	31.4295943
120.6347263	31.4295933
120.6347258	31.4295923
120.6347253	31.4295912
120.6347248	31.4295903
120.6347243	31.4295893
120.6347238	31.4295883
120.6347233	31.4295873
120.6347228	31.4295864
120.6347224	31.4295854
120.6347219	31.4295845
120.6347214	31.4295836
120.6347210	31.4295827
120.6347205	31.4295818
120.6347201	31.4295809
120.6347197	31.4295801
120.6347193	31.4295793
120.6347185	31.4295777
120.6347177	31.4295761
120.6347169	31.4295747
120.6347162	31.4295733
120.6347156	31.4295721
120.6347150	31.4295709
120.6347144	31.4295698
120.6347139	31.4295688
120.6347134	31.4295679
120.6347129	31.4295668
120.6347124	31.4295659
120.6347119	31.4295650
120.6347117	31.4295641
120.6347113	31.4295633
120.6347108	31.4295623
120.6347104	31.4295615
120.6347099	31.4295604
120.6347092	31.4295592
120.6347088	31.4295583
120.6347083	31.4295573
120.6347078	31.4295562
120.6347072	31.4295551
120.6347066	31.4295539
120.6347060	31.4295526
120.6347053	31.4295513
120.6347046	31.4295500
120.6347039	31.4295486
120.6347032	31.4295471
120.6347024	31.4295456
120.6347016	31.4295441
120.6347008	31.4295425
120.6347000	31.4295410
120.6346992	31.4295394
120.6346984	31.4295378
120.6346976	31.4295363
120.6346968	31.4295347
120.6346960	31.4295331
120.6346952	31.4295315
120.6346944	31.4295299
120.6346936	31.4295282
120.6346928	31.4295266
120.6346920	31.4295250
120.6346912	31.4295234
120.6346904	31.4295217
120.6346896	31.4295201
120.6346888	31.4295185
120.6346880	31.4295168
120.6346871	31.4295152
120.6346863	31.4295135
120.6346854	31.4295119
120.6346846	31.4295102
120.6346842	31.4295094
120.6346837	31.4295086
120.6346833	31.4295078
120.6346829	31.4295069
120.6346825	31.4295061
120.6346820	31.4295053
120.6346816	31.4295044
120.6346812	31.4295036
120.6346808	31.4295028
120.6346803	31.4295019
120.6346799	31.4295011
120.6346795	31.4295002
120.6346790	31.4294994
120.6346786	31.4294985
120.6346782	31.4294977
120.6346778	31.4294968
120.6346773	31.4294960
120.6346769	31.4294952
120.6346765	31.4294943
120.6346760	31.4294935
120.6346756	31.4294926
120.6346752	31.4294918
120.6346748	31.4294910
120.6346739	31.4294893
120.6346731	31.4294877
120.6346723	31.4294861
120.6346715	31.4294846
120.6346707	31.4294831
120.6346700	31.4294816
120.6346693	31.4294802
120.6346685	31.4294788
120.6346679	31.4294775
120.6346672	31.4294762
120.6346666	31.4294749
120.6346659	31.4294737
120.6346653	31.4294726
120.6346648	31.4294715
120.6346643	31.4294705
120.6346638	31.4294695
120.6346632	31.4294684
120.6346628	31.4294675
120.6346624	31.4294667
120.6346619	31.4294657
120.6346615	31.4294649
120.6346610	31.4294640
120.6346605	31.4294629
120.6346599	31.4294617
120.6346594	31.4294608
120.6346589	31.4294598
120.6346584	31.4294587
120.6346578	31.4294576
120.6346573	31.4294564
120.6346567	31.4294552
120.6346560	31.4294539
120.6346553	31.4294526
120.6346547	31.4294512
120.6346539	31.4294498
120.6346532	31.4294483
120.6346525	31.4294468
120.6346517	31.4294452
120.6346509	31.4294437
120.6346501	31.4294420
120.6346493	31.4294404
120.6346488	31.4294395
120.6346484	31.4294387
120.6346480	31.4294378
120.6346476	31.4294370
120.6346471	31.4294361
120.6346467	31.4294353
120.6346463	31.4294344
120.6346458	31.4294336
120.6346454	31.4294327
120.6346450	31.4294319
120.6346445	31.4294310
120.6346441	31.4294302
120.6346437	31.4294294
120.6346432	31.4294285
120.6346428	31.4294277
120.6346423	31.4294268
120.6346419	31.4294260
120.6346415	31.4294251
120.6346410	31.4294243
120.6346406	31.4294234
120.6346401	31.4294226
120.6346397	31.4294217
120.6346393	31.4294209
120.6346388	31.4294201
120.6346384	31.4294192
120.6346379	31.4294184
120.6346375	31.4294175
120.6346371	31.4294167
120.6346366	31.4294158
120.6346361	31.4294150
120.6346357	31.4294142
120.6346352	31.4294133
120.6346348	31.4294125
120.6346343	31.4294116
120.6346339	31.4294108
120.6346334	31.4294100
120.6346325	31.4294084
120.6346317	31.4294068
120.6346309	31.4294053
120.6346301	31.4294039
120.6346294	31.4294025
120.6346287	31.4294013
120.6346280	31.4294001
120.6346275	31.4293990
120.6346270	31.4293981
120.6346265	31.4293972
120.6346259	31.4293962
120.6346254	31.4293953
120.6346250	31.4293944
120.6346245	31.4293934
120.6346240	31.4293924
120.6346234	31.4293912
120.6346229	31.4293903
120.6346224	31.4293893
120.6346218	31.4293882
120.6346211	31.4293870
120.6346205	31.4293856
120.6346198	31.4293843
120.6346190	31.4293828
120.6346182	31.4293813
120.6346174	31.4293797
120.6346169	31.4293788
120.6346165	31.4293780
120.6346161	31.4293771
120.6346156	31.4293763
120.6346151	31.4293754
120.6346147	31.4293745
120.6346142	31.4293735
120.6346137	31.4293726
120.6346132	31.4293717
120.6346127	31.4293707
120.6346122	31.4293697
120.6346117	31.4293688
120.6346112	31.4293678
120.6346107	31.4293668
120.6346101	31.4293658
120.6346096	31.4293648
120.6346091	31.4293637
120.6346085	31.4293627
120.6346079	31.4293616
120.6346074	31.4293606
120.6346068	31.4293595
120.6346063	31.4293584
120.6346057	31.4293574
120.6346051	31.4293563
120.6346045	31.4293552
120.6346039	31.4293541
120.6346033	31.4293529
120.6346027	31.4293518
120.6346021	31.4293507
120.6346015	31.4293495
120.6346009	31.4293483
120.6346003	31.4293472
120.6345997	31.4293460
120.6345990	31.4293448
120.6345984	31.4293436
120.6345978	31.4293424
120.6345972	31.4293411
120.6345965	31.4293399
120.6345959	31.4293386
120.6345952	31.4293374
120.6345946	31.4293361
120.6345939	31.4293348
120.6345932	31.4293336
120.6345926	31.4293323
120.6345919	31.4293310
120.6345912	31.4293296
120.6345905	31.4293283
120.6345898	31.4293270
120.6345892	31.4293256
120.6345885	31.4293243
120.6345878	31.4293229
120.6345871	31.4293215
120.6345863	31.4293202
120.6345856	31.4293188
120.6345849	31.4293174
120.6345842	31.4293160
120.6345835	31.4293146
120.6345828	31.4293132
120.6345820	31.4293117
120.6345813	31.4293103
120.6345806	31.4293088
120.6345798	31.4293074
120.6345791	31.4293059
120.6345783	31.4293044
120.6345776	31.4293029
120.6345768	31.4293014
120.6345761	31.4292999
120.6345753	31.4292984
120.6345745	31.4292969
120.6345738	31.4292954
120.6345730	31.4292938
120.6345722	31.4292923
120.6345714	31.4292907
120.6345706	31.4292892
120.6345698	31.4292876
120.6345690	31.4292860
120.6345682	31.4292844
120.6345674	31.4292828
120.6345665	31.4292812
120.6345657	31.4292796
120.6345649	31.4292780
120.6345641	31.4292763
120.6345632	31.4292747
120.6345624	31.4292730
120.6345615	31.4292714
120.6345607	31.4292697
120.6345599	31.4292680
120.6345590	31.4292664
120.6345582	31.4292647
120.6345573	31.4292630
120.6345564	31.4292613
120.6345556	31.4292595
120.6345547	31.4292578
120.6345538	31.4292561
120.6345530	31.4292543
120.6345521	31.4292526
120.6345512	31.4292508
120.6345504	31.4292491
120.6345495	31.4292473
120.6345486	31.4292455
120.6345477	31.4292437
120.6345468	31.4292419
120.6345459	31.4292401
120.6345451	31.4292383
120.6345442	31.4292365
120.6345433	31.4292347
120.6345424	31.4292328
120.6345415	31.4292310
120.6345406	31.4292291
120.6345397	31.4292273
120.6345387	31.4292254
120.6345378	31.4292236
120.6345369	31.4292217
120.6345360	31.4292198
120.6345351	31.4292179
120.6345341	31.4292160
120.6345332	31.4292142
120.6345323	31.4292123
120.6345313	31.4292103
120.6345304	31.4292084
120.6345294	31.4292065
120.6345285	31.4292046
120.6345275	31.4292026
120.6345266	31.4292007
120.6345256	31.4291988
120.6345246	31.4291968
120.6345237	31.4291948
120.6345227	31.4291929
120.6345217	31.4291909
120.6345208	31.4291889
120.6345198	31.4291869
120.6345188	31.4291849
120.6345178	31.4291829
120.6345168	31.4291809
120.6345159	31.4291789
120.6345149	31.4291769
120.6345139	31.4291749
120.6345129	31.4291729
120.6345119	31.4291708
120.6345109	31.4291688
120.6345099	31.4291668
120.6345088	31.4291647
120.6345078	31.4291626
120.6345068	31.4291606
120.6345058	31.4291585
120.6345048	31.4291564
120.6345037	31.4291544
120.6345027	31.4291523
120.6345017	31.4291502
120.6345006	31.4291481
120.6344996	31.4291460
120.6344985	31.4291439
120.6344975	31.4291418
120.6344964	31.4291397
120.6344954	31.4291375
120.6344943	31.4291354
120.6344932	31.4291333
120.6344922	31.4291312
120.6344911	31.4291290
120.6344900	31.4291269
120.6344889	31.4291247
120.6344878	31.4291226
120.6344867	31.4291204
120.6344856	31.4291182
120.6344845	31.4291161
120.6344834	31.4291139
120.6344823	31.4291117
120.6344812	31.4291095
120.6344801	31.4291074
120.6344790	31.4291052
120.6344779	31.4291030
120.6344768	31.4291008
120.6344756	31.4290986
120.6344745	31.4290964
120.6344734	31.4290942
120.6344722	31.4290919
120.6344711	31.4290897
120.6344700	31.4290875
120.6344688	31.4290853
120.6344677	31.4290830
120.6344666	31.4290808
120.6344654	31.4290786
120.6344643	31.4290763
120.6344631	31.4290741
120.6344620	31.4290718
120.6344608	31.4290696
120.6344596	31.4290673
120.6344585	31.4290650
120.6344573	31.4290628
120.6344562	31.4290605
120.6344550	31.4290582
120.6344538	31.4290560
120.6344527	31.4290537
120.6344515	31.4290514
120.6344504	31.4290491
120.6344492	31.4290468
120.6344480	31.4290445
120.6344468	31.4290423
120.6344457	31.4290400
120.6344445	31.4290377
120.6344433	31.4290354
120.6344421	31.4290330
120.6344410	31.4290307
120.6344398	31.4290284
120.6344386	31.4290261
120.6344374	31.4290238
120.6344362	31.4290215
120.6344351	31.4290192
120.6344339	31.4290168
120.6344327	31.4290145
120.6344315	31.4290122
120.6344304	31.4290099
120.6344292	31.4290076
120.6344280	31.4290053
120.6344268	31.4290030
120.6344257	31.4290007
120.6344245	31.4289984
120.6344234	31.4289961
120.6344222	31.4289939
120.6344211	31.4289916
120.6344199	31.4289893
120.6344188	31.4289871
120.6344177	31.4289849
120.6344165	31.4289826
120.6344154	31.4289804
120.6344143	31.4289782
120.6344132	31.4289761
120.6344121	31.4289739
120.6344110	31.4289717
120.6344099	31.4289696
120.6344088	31.4289674
120.6344077	31.4289653
120.6344067	31.4289632
120.6344056	31.4289611
120.6344045	31.4289590
120.6344035	31.4289569
120.6344024	31.4289548
120.6344013	31.4289528
120.6344003	31.4289507
120.6343993	31.4289487
120.6343982	31.4289466
120.6343972	31.4289446
120.6343962	31.4289426
120.6343952	31.4289406
120.6343942	31.4289386
120.6343932	31.4289367
120.6343922	31.4289347
120.6343912	31.4289327
120.6343902	31.4289308
120.6343892	31.4289289
120.6343882	31.4289269
120.6343872	31.4289250
120.6343863	31.4289231
120.6343853	31.4289212
120.6343844	31.4289193
120.6343834	31.4289175
120.6343825	31.4289156
120.6343815	31.4289137
120.6343806	31.4289119
120.6343797	31.4289101
120.6343787	31.4289082
120.6343778	31.4289064
120.6343769	31.4289046
120.6343760	31.4289028
120.6343751	31.4289010
120.6343742	31.4288993
120.6343733	31.4288975
120.6343724	31.4288957
120.6343715	31.4288940
120.6343706	31.4288922
120.6343698	31.4288905
120.6343689	31.4288888
120.6343680	31.4288871
120.6343672	31.4288854
120.6343663	31.4288837
120.6343654	31.4288820
120.6343646	31.4288803
120.6343637	31.4288786
120.6343629	31.4288769
120.6343620	31.4288753
120.6343612	31.4288736
120.6343604	31.4288720
120.6343595	31.4288704
120.6343587	31.4288687
120.6343579	31.4288671
120.6343571	31.4288655
120.6343563	31.4288639
120.6343555	31.4288623
120.6343547	31.4288607
120.6343539	31.4288592
120.6343531	31.4288576
120.6343523	31.4288560
120.6343515	31.4288545
120.6343507	31.4288529
120.6343499	31.4288514
120.6343492	31.4288499
120.6343484	31.4288484
120.6343476	31.4288469
120.6343469	31.4288454
120.6343461	31.4288439
120.6343454	31.4288424
120.6343446	31.4288409
120.6343439	31.4288395
120.6343431	31.4288380
120.6343424	31.4288366
120.6343417	31.4288352
120.6343409	31.4288338
120.6343402	31.4288324
120.6343395	31.4288310
120.6343388	31.4288296
120.6343381	31.4288283
120.6343374	31.4288269
120.6343367	31.4288256
120.6343359	31.4288243
120.6343353	31.4288230
120.6343346	31.4288217
120.6343339	31.4288204
120.6343332	31.4288192
120.6343326	31.4288179
120.6343319	31.4288167
120.6343313	31.4288155
120.6343307	31.4288144
120.6343301	31.4288132
120.6343295	31.4288121
120.6343289	31.4288110
120.6343283	31.4288099
120.6343277	31.4288088
120.6343272	31.4288078
120.6343266	31.4288068
120.6343261	31.4288058
120.6343256	31.4288048
120.6343251	31.4288039
120.6343246	31.4288030
120.6343241	31.4288021
120.6343237	31.4288012
120.6343232	31.4288003
120.6343228	31.4287995
120.6343220	31.4287979
120.6343212	31.4287965
120.6343204	31.4287951
120.6343198	31.4287938
120.6343191	31.4287926
120.6343185	31.4287915
120.6343180	31.4287905
120.6343176	31.4287896
120.6343169	31.4287884
120.6343164	31.4287875
120.6343159	31.4287865
120.6343155	31.4287857
