120.7799661	31.5936766
120.7799653	31.5936772
120.7799644	31.5936778
120.7799636	31.5936784
120.7799624	31.5936792
120.7799615	31.5936799
120.7799604	31.5936806
120.7799592	31.5936815
120.7799579	31.5936824
120.7799564	31.5936834
120.7799549	31.5936844
120.7799532	31.5936856
120.7799523	31.5936861
120.7799514	31.5936867
120.7799505	31.5936873
120.7799496	31.5936880
120.7799486	31.5936886
120.7799476	31.5936893
120.7799466	31.5936899
120.7799455	31.5936906
120.7799445	31.5936913
120.7799434	31.5936920
120.7799423	31.5936927
120.7799411	31.5936935
120.7799400	31.5936942
120.7799388	31.5936950
120.7799376	31.5936957
120.7799364	31.5936965
120.7799352	31.5936973
120.7799339	31.5936981
120.7799326	31.5936989
120.7799313	31.5936997
120.7799300	31.5937006
120.7799286	31.5937014
120.7799272	31.5937023
120.7799258	31.5937031
120.7799243	31.5937040
120.7799229	31.5937049
120.7799214	31.5937058
120.7799199	31.5937067
120.7799184	31.5937076
120.7799168	31.5937085
120.7799152	31.5937095
120.7799136	31.5937104
120.7799120	31.5937114
120.7799103	31.5937124
120.7799087	31.5937133
120.7799070	31.5937143
120.7799052	31.5937154
120.7799035	31.5937164
120.7799017	31.5937174
120.7798999	31.5937185
120.7798981	31.5937195
120.7798962	31.5937206
120.7798943	31.5937216
120.7798924	31.5937227
120.7798905	31.5937238
120.7798885	31.5937249
120.7798865	31.5937260
120.7798845	31.5937271
120.7798825	31.5937283
120.7798805	31.5937294
120.7798784	31.5937306
120.7798763	31.5937317
120.7798742	31.5937329
120.7798720	31.5937340
120.7798699	31.5937352
120.7798677	31.5937364
120.7798655	31.5937376
120.7798633	31.5937388
120.7798610	31.5937400
120.7798587	31.5937413
120.7798564	31.5937425
120.7798541	31.5937437
120.7798518	31.5937450
120.7798495	31.5937462
120.7798472	31.5937475
120.7798448	31.5937487
120.7798425	31.5937500
120.7798402	31.5937513
120.7798378	31.5937525
120.7798355	31.5937538
120.7798332	31.5937550
120.7798308	31.5937563
120.7798285	31.5937576
120.7798261	31.5937588
120.7798238	31.5937601
120.7798214	31.5937614
120.7798190	31.5937627
120.7798166	31.5937640
120.7798142	31.5937654
120.7798118	31.5937667
120.7798094	31.5937681
120.7798070	31.5937694
120.7798045	31.5937708
120.7798021	31.5937722
120.7797996	31.5937735
120.7797972	31.5937749
120.7797947	31.5937763
120.7797922	31.5937777
120.7797897	31.5937792
120.7797871	31.5937806
120.7797846	31.5937820
120.7797821	31.5937835
120.7797795	31.5937849
120.7797769	31.5937863
120.7797743	31.5937878
120.7797717	31.5937893
120.7797691	31.5937907
120.7797665	31.5937922
120.7797638	31.5937937
120.7797612	31.5937952
120.7797585	31.5937968
120.7797558	31.5937983
120.7797531	31.5937998
120.7797504	31.5938014
120.7797477	31.5938029
120.7797450	31.5938045
120.7797422	31.5938060
120.7797395	31.5938076
120.7797367	31.5938092
120.7797339	31.5938108
120.7797311	31.5938123
120.7797283	31.5938139
120.7797255	31.5938155
120.7797227	31.5938171
120.7797199	31.5938188
120.7797170	31.5938204
120.7797142	31.5938220
120.7797114	31.5938236
120.7797085	31.5938252
120.7797057	31.5938268
120.7797028	31.5938283
120.7797000	31.5938299
120.7796971	31.5938315
120.7796943	31.5938331
120.7796915	31.5938346
120.7796886	31.5938362
120.7796858	31.5938378
120.7796830	31.5938393
120.7796802	31.5938409
120.7796774	31.5938424
120.7796746	31.5938440
120.7796718	31.5938455
120.7796691	31.5938470
120.7796663	31.5938486
120.7796636	31.5938501
120.7796608	31.5938516
120.7796581	31.5938531
120.7796554	31.5938546
120.7796526	31.5938561
120.7796499	31.5938576
120.7796472	31.5938591
120.7796445	31.5938606
120.7796417	31.5938621
120.7796390	31.5938636
120.7796363	31.5938651
120.7796336	31.5938666
120.7796308	31.5938682
120.7796281	31.5938697
120.7796254	31.5938712
120.7796227	31.5938727
120.7796199	31.5938742
120.7796172	31.5938757
120.7796145	31.5938772
120.7796118	31.5938787
120.7796090	31.5938802
120.7796063	31.5938817
120.7796036	31.5938832
120.7796009	31.5938847
120.7795981	31.5938862
120.7795954	31.5938877
120.7795927	31.5938892
120.7795900	31.5938907
120.7795873	31.5938923
120.7795845	31.5938938
120.7795818	31.5938953
120.7795791	31.5938968
120.7795764	31.5938983
120.7795737	31.5938998
120.7795709	31.5939013
120.7795682	31.5939029
120.7795655	31.5939044
120.7795628	31.5939059
120.7795600	31.5939074
120.7795573	31.5939090
120.7795546	31.5939105
120.7795519	31.5939120
120.7795491	31.5939135
120.7795464	31.5939151
120.7795437	31.5939166
120.7795409	31.5939181
120.7795382	31.5939197
120.7795355	31.5939212
120.7795327	31.5939227
120.7795300	31.5939243
120.7795272	31.5939258
120.7795245	31.5939274
120.7795217	31.5939289
120.7795190	31.5939305
120.7795162	31.5939320
120.7795135	31.5939336
120.7795107	31.5939351
120.7795080	31.5939366
120.7795052	31.5939382
120.7795025	31.5939397
120.7794997	31.5939413
120.7794970	31.5939428
120.7794942	31.5939444
120.7794914	31.5939459
120.7794887	31.5939475
120.7794859	31.5939490
120.7794832	31.5939506
120.7794804	31.5939521
120.7794776	31.5939536
120.7794749	31.5939552
120.7794721	31.5939567
120.7794694	31.5939582
120.7794666	31.5939598
120.7794638	31.5939613
120.7794611	31.5939628
120.7794583	31.5939644
120.7794556	31.5939659
120.7794528	31.5939675
120.7794501	31.5939690
120.7794473	31.5939705
120.7794446	31.5939721
120.7794418	31.5939736
120.7794391	31.5939751
120.7794363	31.5939767
120.7794336	31.5939782
120.7794308	31.5939797
120.7794281	31.5939813
120.7794253	31.5939828
120.7794226	31.5939843
120.7794198	31.5939859
120.7794171	31.5939874
120.7794143	31.5939890
120.7794116	31.5939905
120.7794088	31.5939920
120.7794061	31.5939936
120.7794033	31.5939951
120.7794006	31.5939966
120.7793978	31.5939982
120.7793951	31.5939997
120.7793923	31.5940013
120.7793896	31.5940028
120.7793868	31.5940043
120.7793841	31.5940059
120.7793813	31.5940074
120.7793786	31.5940090
120.7793758	31.5940105
120.7793731	31.5940121
120.7793703	31.5940136
120.7793676	31.5940152
120.7793648	31.5940167
120.7793620	31.5940183
120.7793593	31.5940198
120.7793565	31.5940214
120.7793538	31.5940229
120.7793510	31.5940245
120.7793483	31.5940260
120.7793455	31.5940276
120.7793427	31.5940291
120.7793400	31.5940307
120.7793372	31.5940322
120.7793344	31.5940338
120.7793317	31.5940354
120.7793289	31.5940369
120.7793262	31.5940385
120.7793234	31.5940400
120.7793206	31.5940416
120.7793179	31.5940432
120.7793151	31.5940447
120.7793124	31.5940463
120.7793096	31.5940479
120.7793069	31.5940494
120.7793041	31.5940510
120.7793014	31.5940526
120.7792986	31.5940541
120.7792959	31.5940557
120.7792931	31.5940573
120.7792904	31.5940588
120.7792876	31.5940604
120.7792849	31.5940620
120.7792821	31.5940635
120.7792794	31.5940651
120.7792766	31.5940667
120.7792739	31.5940682
120.7792711	31.5940698
120.7792684	31.5940714
120.7792657	31.5940729
120.7792629	31.5940745
120.7792602	31.5940760
120.7792574	31.5940776
120.7792547	31.5940791
120.7792519	31.5940807
120.7792492	31.5940823
120.7792465	31.5940838
120.7792437	31.5940854
120.7792410	31.5940869
120.7792382	31.5940884
120.7792355	31.5940900
120.7792328	31.5940915
120.7792301	31.5940931
120.7792274	31.5940946
120.7792247	31.5940961
120.7792220	31.5940976
120.7792193	31.5940992
120.7792166	31.5941007
120.7792139	31.5941022
120.7792113	31.5941037
120.7792086	31.5941052
120.7792060	31.5941066
120.7792034	31.5941081
120.7792008	31.5941096
120.7791982	31.5941111
120.7791956	31.5941125
120.7791930	31.5941140
120.7791905	31.5941155
120.7791879	31.5941169
120.7791854	31.5941184
120.7791829	31.5941198
120.7791804	31.5941213
120.7791779	31.5941227
120.7791754	31.5941242
120.7791730	31.5941256
120.7791705	31.5941270
120.7791681	31.5941285
120.7791657	31.5941299
120.7791632	31.5941313
120.7791609	31.5941327
120.7791585	31.5941342
120.7791561	31.5941356
120.7791538	31.5941370
120.7791514	31.5941384
120.7791491	31.5941399
120.7791468	31.5941412
120.7791445	31.5941426
120.7791422	31.5941440
120.7791400	31.5941454
120.7791378	31.5941467
120.7791355	31.5941481
120.7791334	31.5941494
120.7791312	31.5941507
120.7791290	31.5941520
120.7791269	31.5941533
120.7791248	31.5941546
120.7791227	31.5941559
120.7791207	31.5941571
120.7791186	31.5941584
120.7791166	31.5941596
120.7791145	31.5941608
120.7791126	31.5941620
120.7791106	31.5941632
120.7791087	31.5941644
120.7791067	31.5941655
120.7791048	31.5941667
120.7791030	31.5941678
120.7791011	31.5941689
120.7790993	31.5941700
120.7790975	31.5941711
120.7790957	31.5941721
120.7790939	31.5941732
120.7790922	31.5941743
120.7790905	31.5941753
120.7790887	31.5941763
120.7790870	31.5941774
120.7790853	31.5941784
120.7790836	31.5941794
120.7790819	31.5941804
120.7790803	31.5941814
120.7790786	31.5941825
120.7790769	31.5941835
120.7790753	31.5941844
120.7790736	31.5941854
120.7790720	31.5941864
120.7790704	31.5941874
120.7790688	31.5941884
120.7790672	31.5941893
120.7790656	31.5941903
120.7790640	31.5941912
120.7790624	31.5941922
120.7790608	31.5941932
120.7790593	31.5941941
120.7790577	31.5941951
120.7790561	31.5941960
120.7790545	31.5941970
120.7790529	31.5941979
120.7790513	31.5941989
120.7790497	31.5941999
120.7790481	31.5942008
120.7790465	31.5942018
120.7790448	31.5942028
120.7790432	31.5942038
120.7790415	31.5942048
120.7790399	31.5942058
120.7790382	31.5942068
120.7790365	31.5942078
120.7790348	31.5942088
120.7790331	31.5942099
120.7790314	31.5942109
120.7790296	31.5942119
120.7790279	31.5942130
120.7790261	31.5942140
120.7790243	31.5942151
120.7790225	31.5942161
120.7790207	31.5942172
120.7790189	31.5942182
120.7790171	31.5942193
120.7790152	31.5942203
120.7790133	31.5942214
120.7790114	31.5942225
120.7790095	31.5942235
120.7790075	31.5942246
120.7790056	31.5942257
120.7790036	31.5942267
120.7790016	31.5942278
120.7789996	31.5942289
120.7789976	31.5942299
120.7789956	31.5942310
120.7789935	31.5942321
120.7789915	31.5942331
120.7789894	31.5942342
120.7789873	31.5942353
120.7789852	31.5942364
120.7789831	31.5942374
120.7789810	31.5942385
120.7789789	31.5942396
120.7789767	31.5942407
120.7789746	31.5942418
120.7789724	31.5942429
120.7789702	31.5942440
120.7789680	31.5942451
120.7789658	31.5942462
120.7789635	31.5942473
120.7789613	31.5942484
120.7789590	31.5942495
120.7789568	31.5942507
120.7789545	31.5942518
120.7789522	31.5942529
120.7789499	31.5942541
120.7789476	31.5942552
120.7789453	31.5942563
120.7789429	31.5942575
120.7789406	31.5942587
120.7789382	31.5942598
120.7789359	31.5942610
120.7789335	31.5942621
120.7789311	31.5942633
120.7789287	31.5942645
120.7789263	31.5942657
120.7789239	31.5942670
120.7789215	31.5942682
120.7789191	31.5942694
120.7789167	31.5942707
120.7789142	31.5942719
120.7789118	31.5942731
120.7789093	31.5942744
120.7789069	31.5942757
120.7789044	31.5942769
120.7789019	31.5942782
120.7788994	31.5942794
120.7788969	31.5942807
120.7788944	31.5942820
120.7788918	31.5942833
120.7788893	31.5942846
120.7788867	31.5942858
120.7788841	31.5942871
120.7788815	31.5942884
120.7788789	31.5942897
120.7788763	31.5942910
120.7788737	31.5942923
120.7788711	31.5942937
120.7788684	31.5942950
120.7788658	31.5942963
120.7788631	31.5942976
120.7788604	31.5942989
120.7788577	31.5943003
120.7788550	31.5943016
120.7788523	31.5943030
120.7788496	31.5943043
120.7788468	31.5943057
120.7788441	31.5943070
120.7788413	31.5943084
120.7788385	31.5943097
120.7788358	31.5943111
120.7788330	31.5943125
120.7788302	31.5943138
120.7788273	31.5943152
120.7788245	31.5943166
120.7788217	31.5943179
120.7788188	31.5943193
120.7788159	31.5943207
120.7788130	31.5943221
120.7788102	31.5943234
120.7788072	31.5943248
120.7788043	31.5943262
120.7788014	31.5943276
120.7787985	31.5943290
120.7787955	31.5943304
120.7787926	31.5943317
120.7787896	31.5943331
120.7787867	31.5943345
120.7787837	31.5943359
120.7787807	31.5943373
120.7787778	31.5943387
120.7787748	31.5943400
120.7787719	31.5943414
120.7787689	31.5943428
120.7787660	31.5943441
120.7787631	31.5943455
120.7787601	31.5943469
120.7787572	31.5943482
120.7787543	31.5943496
120.7787514	31.5943509
120.7787485	31.5943523
120.7787456	31.5943536
120.7787427	31.5943549
120.7787398	31.5943562
120.7787370	31.5943575
120.7787341	31.5943588
120.7787312	31.5943601
120.7787283	31.5943613
120.7787255	31.5943626
120.7787226	31.5943638
120.7787197	31.5943650
120.7787168	31.5943662
120.7787140	31.5943674
120.7787111	31.5943687
120.7787081	31.5943698
120.7787052	31.5943710
120.7787023	31.5943722
120.7786993	31.5943733
120.7786963	31.5943745
120.7786933	31.5943756
120.7786903	31.5943767
120.7786873	31.5943779
120.7786842	31.5943790
120.7786812	31.5943801
120.7786781	31.5943813
120.7786750	31.5943824
120.7786719	31.5943835
120.7786688	31.5943846
120.7786657	31.5943857
120.7786626	31.5943868
120.7786594	31.5943879
120.7786563	31.5943891
120.7786531	31.5943902
120.7786499	31.5943913
120.7786467	31.5943924
120.7786435	31.5943935
120.7786403	31.5943946
120.7786371	31.5943957
120.7786339	31.5943968
120.7786306	31.5943979
120.7786274	31.5943990
120.7786241	31.5944001
120.7786208	31.5944012
120.7786176	31.5944023
120.7786143	31.5944034
120.7786110	31.5944045
120.7786076	31.5944056
120.7786043	31.5944067
120.7786010	31.5944079
120.7785976	31.5944090
120.7785943	31.5944101
120.7785909	31.5944112
120.7785875	31.5944123
120.7785841	31.5944134
120.7785808	31.5944145
120.7785774	31.5944157
120.7785740	31.5944168
120.7785705	31.5944180
120.7785671	31.5944191
120.7785637	31.5944203
120.7785602	31.5944214
120.7785568	31.5944225
120.7785533	31.5944237
120.7785499	31.5944248
120.7785464	31.5944260
120.7785429	31.5944271
120.7785394	31.5944283
120.7785359	31.5944294
120.7785324	31.5944305
120.7785289	31.5944317
120.7785253	31.5944328
120.7785218	31.5944339
120.7785183	31.5944350
120.7785147	31.5944362
120.7785112	31.5944373
120.7785077	31.5944384
120.7785041	31.5944394
120.7785006	31.5944405
120.7784971	31.5944416
120.7784935	31.5944426
120.7784900	31.5944437
120.7784865	31.5944447
120.7784830	31.5944458
120.7784795	31.5944468
120.7784760	31.5944478
120.7784725	31.5944488
120.7784690	31.5944498
120.7784656	31.5944508
120.7784621	31.5944518
120.7784586	31.5944528
120.7784552	31.5944537
120.7784518	31.5944547
120.7784483	31.5944556
120.7784449	31.5944565
120.7784415	31.5944574
120.7784381	31.5944584
120.7784347	31.5944593
120.7784313	31.5944601
120.7784280	31.5944610
120.7784246	31.5944619
120.7784213	31.5944628
120.7784179	31.5944636
120.7784146	31.5944645
120.7784112	31.5944653
120.7784079	31.5944661
120.7784046	31.5944669
120.7784013	31.5944677
120.7783980	31.5944685
120.7783947	31.5944693
120.7783913	31.5944701
120.7783880	31.5944709
120.7783847	31.5944716
120.7783813	31.5944723
120.7783780	31.5944731
120.7783746	31.5944738
120.7783712	31.5944745
120.7783678	31.5944752
120.7783644	31.5944759
120.7783610	31.5944766
120.7783576	31.5944773
120.7783542	31.5944780
120.7783508	31.5944786
120.7783473	31.5944793
120.7783438	31.5944799
120.7783404	31.5944805
120.7783369	31.5944812
120.7783334	31.5944818
120.7783299	31.5944824
120.7783264	31.5944829
120.7783229	31.5944835
120.7783193	31.5944841
120.7783158	31.5944846
120.7783122	31.5944851
120.7783087	31.5944856
120.7783051	31.5944861
120.7783015	31.5944865
120.7782979	31.5944869
120.7782943	31.5944873
120.7782906	31.5944877
120.7782870	31.5944880
120.7782834	31.5944884
120.7782797	31.5944887
120.7782761	31.5944889
120.7782724	31.5944892
120.7782687	31.5944895
120.7782650	31.5944897
120.7782613	31.5944899
120.7782576	31.5944901
120.7782539	31.5944903
120.7782502	31.5944904
120.7782465	31.5944906
120.7782428	31.5944907
120.7782390	31.5944908
120.7782353	31.5944909
120.7782315	31.5944910
120.7782278	31.5944910
120.7782240	31.5944911
120.7782203	31.5944911
120.7782165	31.5944911
120.7782127	31.5944910
120.7782090	31.5944910
120.7782052	31.5944910
120.7782014	31.5944909
120.7781976	31.5944908
120.7781938	31.5944907
120.7781900	31.5944906
120.7781862	31.5944905
120.7781824	31.5944903
120.7781786	31.5944901
120.7781747	31.5944900
120.7781709	31.5944898
120.7781671	31.5944895
120.7781632	31.5944893
120.7781594	31.5944891
120.7781555	31.5944888
120.7781517	31.5944886
120.7781478	31.5944883
120.7781440	31.5944880
120.7781401	31.5944877
120.7781362	31.5944874
120.7781323	31.5944871
120.7781285	31.5944867
120.7781246	31.5944863
120.7781207	31.5944860
120.7781168	31.5944856
120.7781129	31.5944851
120.7781090	31.5944847
120.7781051	31.5944842
120.7781012	31.5944838
120.7780973	31.5944833
120.7780934	31.5944828
120.7780895	31.5944823
120.7780855	31.5944817
120.7780816	31.5944812
120.7780777	31.5944806
120.7780738	31.5944800
120.7780699	31.5944794
120.7780660	31.5944788
120.7780621	31.5944782
120.7780582	31.5944775
120.7780542	31.5944768
120.7780503	31.5944761
120.7780464	31.5944754
120.7780425	31.5944747
120.7780386	31.5944739
120.7780347	31.5944732
120.7780308	31.5944724
120.7780268	31.5944716
120.7780229	31.5944708
120.7780190	31.5944700
120.7780151	31.5944692
120.7780111	31.5944683
120.7780072	31.5944675
120.7780033	31.5944666
120.7779994	31.5944658
120.7779954	31.5944649
120.7779915	31.5944640
120.7779875	31.5944632
120.7779836	31.5944623
120.7779797	31.5944614
120.7779757	31.5944604
120.7779718	31.5944595
120.7779679	31.5944586
120.7779639	31.5944577
120.7779600	31.5944567
120.7779561	31.5944557
120.7779521	31.5944548
120.7779482	31.5944538
120.7779443	31.5944528
120.7779403	31.5944518
120.7779364	31.5944508
120.7779325	31.5944499
120.7779285	31.5944488
120.7779246	31.5944478
120.7779206	31.5944468
120.7779167	31.5944458
120.7779128	31.5944447
120.7779088	31.5944437
120.7779048	31.5944427
120.7779009	31.5944416
120.7778969	31.5944405
120.7778930	31.5944395
120.7778890	31.5944384
120.7778850	31.5944373
120.7778810	31.5944362
120.7778770	31.5944351
120.7778730	31.5944340
120.7778690	31.5944328
120.7778650	31.5944317
120.7778610	31.5944305
120.7778569	31.5944294
120.7778529	31.5944282
120.7778488	31.5944269
120.7778448	31.5944257
120.7778407	31.5944244
120.7778366	31.5944231
120.7778325	31.5944218
120.7778283	31.5944205
120.7778242	31.5944191
120.7778200	31.5944177
120.7778158	31.5944163
120.7778116	31.5944149
120.7778074	31.5944135
120.7778032	31.5944120
120.7777990	31.5944105
120.7777948	31.5944090
120.7777905	31.5944075
120.7777862	31.5944059
120.7777819	31.5944043
120.7777776	31.5944027
120.7777733	31.5944011
120.7777690	31.5943995
120.7777646	31.5943978
120.7777603	31.5943961
120.7777559	31.5943944
120.7777516	31.5943926
120.7777472	31.5943909
120.7777428	31.5943891
120.7777384	31.5943873
120.7777340	31.5943855
120.7777296	31.5943836
120.7777251	31.5943818
120.7777207	31.5943800
120.7777162	31.5943781
120.7777117	31.5943763
120.7777072	31.5943744
120.7777027	31.5943725
120.7776981	31.5943706
120.7776936	31.5943687
120.7776890	31.5943668
120.7776845	31.5943649
120.7776799	31.5943630
120.7776753	31.5943611
120.7776707	31.5943592
120.7776662	31.5943573
120.7776616	31.5943554
120.7776570	31.5943535
120.7776524	31.5943516
120.7776479	31.5943497
120.7776433	31.5943478
120.7776387	31.5943459
120.7776342	31.5943440
120.7776297	31.5943421
120.7776252	31.5943402
120.7776206	31.5943383
120.7776162	31.5943364
120.7776117	31.5943345
120.7776072	31.5943326
120.7776028	31.5943307
120.7775984	31.5943288
120.7775940	31.5943268
120.7775897	31.5943249
120.7775853	31.5943230
120.7775810	31.5943211
120.7775768	31.5943192
120.7775726	31.5943173
120.7775684	31.5943154
120.7775642	31.5943135
120.7775601	31.5943116
120.7775561	31.5943097
120.7775520	31.5943078
120.7775480	31.5943060
120.7775440	31.5943041
120.7775401	31.5943023
120.7775362	31.5943005
120.7775323	31.5942987
120.7775284	31.5942969
120.7775246	31.5942951
120.7775208	31.5942933
120.7775171	31.5942916
120.7775133	31.5942898
120.7775096	31.5942881
120.7775060	31.5942863
120.7775023	31.5942846
120.7774987	31.5942829
120.7774951	31.5942812
120.7774916	31.5942796
120.7774881	31.5942780
120.7774846	31.5942763
120.7774812	31.5942747
120.7774778	31.5942731
120.7774744	31.5942715
120.7774711	31.5942700
120.7774678	31.5942684
120.7774645	31.5942669
120.7774613	31.5942654
120.7774581	31.5942638
120.7774549	31.5942624
120.7774518	31.5942609
120.7774487	31.5942594
120.7774456	31.5942580
120.7774425	31.5942565
120.7774394	31.5942551
120.7774363	31.5942536
120.7774333	31.5942522
120.7774303	31.5942508
120.7774273	31.5942493
120.7774243	31.5942479
120.7774213	31.5942465
120.7774183	31.5942451
120.7774153	31.5942437
120.7774124	31.5942423
120.7774094	31.5942409
120.7774065	31.5942395
120.7774036	31.5942381
120.7774007	31.5942367
120.7773977	31.5942353
120.7773948	31.5942339
120.7773919	31.5942325
120.7773890	31.5942310
120.7773861	31.5942296
120.7773831	31.5942282
120.7773802	31.5942268
120.7773773	31.5942254
120.7773744	31.5942239
120.7773715	31.5942225
120.7773686	31.5942210
120.7773656	31.5942196
120.7773627	31.5942181
120.7773598	31.5942167
120.7773569	31.5942152
120.7773540	31.5942138
120.7773511	31.5942123
120.7773482	31.5942109
120.7773452	31.5942094
120.7773423	31.5942080
120.7773394	31.5942065
120.7773365	31.5942050
120.7773336	31.5942036
120.7773307	31.5942021
120.7773278	31.5942007
120.7773249	31.5941992
120.7773220	31.5941977
120.7773191	31.5941962
120.7773162	31.5941948
120.7773132	31.5941933
120.7773103	31.5941918
120.7773074	31.5941903
120.7773045	31.5941888
120.7773016	31.5941873
120.7772987	31.5941858
120.7772958	31.5941843
120.7772929	31.5941828
120.7772899	31.5941813
120.7772870	31.5941798
120.7772841	31.5941783
120.7772812	31.5941768
120.7772783	31.5941753
120.7772754	31.5941738
120.7772725	31.5941723
120.7772696	31.5941708
120.7772667	31.5941692
120.7772638	31.5941677
120.7772609	31.5941662
120.7772580	31.5941647
120.7772551	31.5941632
120.7772522	31.5941617
120.7772493	31.5941602
120.7772464	31.5941587
120.7772435	31.5941572
120.7772406	31.5941557
120.7772377	31.5941542
120.7772348	31.5941527
120.7772319	31.5941512
120.7772290	31.5941497
120.7772261	31.5941482
120.7772232	31.5941467
120.7772203	31.5941451
120.7772174	31.5941436
120.7772145	31.5941421
120.7772116	31.5941406
120.7772087	31.5941391
120.7772058	31.5941376
120.7772029	31.5941361
120.7772000	31.5941346
120.7771971	31.5941331
120.7771942	31.5941316
120.7771913	31.5941301
120.7771884	31.5941286
120.7771856	31.5941271
120.7771827	31.5941256
120.7771798	31.5941241
120.7771769	31.5941226
120.7771740	31.5941211
120.7771711	31.5941195
120.7771682	31.5941180
120.7771653	31.5941165
120.7771624	31.5941150
120.7771595	31.5941136
120.7771566	31.5941121
120.7771537	31.5941106
120.7771507	31.5941091
120.7771478	31.5941076
120.7771449	31.5941061
120.7771420	31.5941046
120.7771391	31.5941031
120.7771361	31.5941017
120.7771332	31.5941002
120.7771303	31.5940988
120.7771273	31.5940973
120.7771244	31.5940959
120.7771214	31.5940944
120.7771185	31.5940930
120.7771156	31.5940915
120.7771126	31.5940901
120.7771097	31.5940887
120.7771068	31.5940872
120.7771039	31.5940858
120.7771010	31.5940844
120.7770981	31.5940830
120.7770952	31.5940816
120.7770923	31.5940802
120.7770894	31.5940788
120.7770866	31.5940774
120.7770837	31.5940760
120.7770808	31.5940747
120.7770780	31.5940733
120.7770752	31.5940719
120.7770724	31.5940706
120.7770695	31.5940693
120.7770667	31.5940679
120.7770640	31.5940666
120.7770612	31.5940653
120.7770584	31.5940640
120.7770556	31.5940627
120.7770529	31.5940614
120.7770501	31.5940601
120.7770474	31.5940588
120.7770447	31.5940575
120.7770420	31.5940562
120.7770393	31.5940550
120.7770366	31.5940537
120.7770339	31.5940525
120.7770312	31.5940512
120.7770285	31.5940500
120.7770259	31.5940487
120.7770233	31.5940475
120.7770206	31.5940463
120.7770180	31.5940450
120.7770154	31.5940438
120.7770128	31.5940426
120.7770103	31.5940414
120.7770077	31.5940402
120.7770051	31.5940390
120.7770026	31.5940378
120.7770000	31.5940366
120.7769975	31.5940354
120.7769950	31.5940342
120.7769925	31.5940330
120.7769900	31.5940319
120.7769875	31.5940307
120.7769851	31.5940295
120.7769826	31.5940284
120.7769802	31.5940272
120.7769778	31.5940261
120.7769753	31.5940249
120.7769729	31.5940238
120.7769706	31.5940226
120.7769682	31.5940215
120.7769658	31.5940204
120.7769634	31.5940192
120.7769611	31.5940181
120.7769587	31.5940170
120.7769564	31.5940158
120.7769540	31.5940147
120.7769516	31.5940136
120.7769493	31.5940125
120.7769469	31.5940114
120.7769446	31.5940102
120.7769422	31.5940091
120.7769399	31.5940079
120.7769375	31.5940068
120.7769351	31.5940057
120.7769328	31.5940045
120.7769304	31.5940034
120.7769281	31.5940023
120.7769257	31.5940012
120.7769234	31.5940000
120.7769210	31.5939989
120.7769187	31.5939977
120.7769164	31.5939966
120.7769140	31.5939955
120.7769117	31.5939943
120.7769093	31.5939932
120.7769070	31.5939920
120.7769046	31.5939909
120.7769023	31.5939898
120.7769000	31.5939886
120.7768976	31.5939875
120.7768953	31.5939863
120.7768929	31.5939852
120.7768906	31.5939840
120.7768883	31.5939829
120.7768859	31.5939817
120.7768836	31.5939806
120.7768812	31.5939794
120.7768789	31.5939783
120.7768765	31.5939771
120.7768742	31.5939759
120.7768718	31.5939748
120.7768695	31.5939736
120.7768671	31.5939725
120.7768647	31.5939713
120.7768624	31.5939701
120.7768600	31.5939690
120.7768577	31.5939678
120.7768553	31.5939666
120.7768529	31.5939655
120.7768506	31.5939643
120.7768482	31.5939631
120.7768458	31.5939619
120.7768435	31.5939607
120.7768411	31.5939595
120.7768387	31.5939584
120.7768364	31.5939572
120.7768340	31.5939560
120.7768316	31.5939549
120.7768292	31.5939537
120.7768269	31.5939525
120.7768245	31.5939513
120.7768221	31.5939502
120.7768198	31.5939490
120.7768174	31.5939478
120.7768151	31.5939466
120.7768127	31.5939455
120.7768104	31.5939443
120.7768081	31.5939431
120.7768057	31.5939420
120.7768034	31.5939408
120.7768011	31.5939396
120.7767988	31.5939385
120.7767966	31.5939373
120.7767943	31.5939361
120.7767920	31.5939350
120.7767898	31.5939338
120.7767876	31.5939326
120.7767853	31.5939314
120.7767831	31.5939303
120.7767810	31.5939291
120.7767788	31.5939279
120.7767767	31.5939267
120.7767745	31.5939255
120.7767724	31.5939243
120.7767703	31.5939231
120.7767682	31.5939219
120.7767662	31.5939207
120.7767641	31.5939195
120.7767621	31.5939183
120.7767601	31.5939171
120.7767581	31.5939159
120.7767561	31.5939147
120.7767542	31.5939135
120.7767522	31.5939123
120.7767503	31.5939111
120.7767484	31.5939099
120.7767465	31.5939087
120.7767447	31.5939074
120.7767429	31.5939062
120.7767411	31.5939049
120.7767393	31.5939037
120.7767375	31.5939024
120.7767357	31.5939012
120.7767340	31.5938999
120.7767323	31.5938987
120.7767305	31.5938974
120.7767288	31.5938962
120.7767271	31.5938949
120.7767255	31.5938937
120.7767238	31.5938924
120.7767222	31.5938912
120.7767205	31.5938899
120.7767189	31.5938886
120.7767173	31.5938874
120.7767157	31.5938862
120.7767142	31.5938849
120.7767127	31.5938837
120.7767112	31.5938824
120.7767097	31.5938812
120.7767082	31.5938800
120.7767067	31.5938787
120.7767053	31.5938775
120.7767038	31.5938763
120.7767024	31.5938750
120.7767010	31.5938738
120.7766996	31.5938726
120.7766982	31.5938713
120.7766969	31.5938701
120.7766955	31.5938688
120.7766941	31.5938676
120.7766928	31.5938663
120.7766914	31.5938650
120.7766901	31.5938638
120.7766888	31.5938625
120.7766874	31.5938612
120.7766861	31.5938598
120.7766848	31.5938585
120.7766835	31.5938572
120.7766822	31.5938558
120.7766809	31.5938545
120.7766796	31.5938531
120.7766783	31.5938517
120.7766771	31.5938504
120.7766758	31.5938490
120.7766746	31.5938476
120.7766733	31.5938461
120.7766721	31.5938447
120.7766710	31.5938432
120.7766698	31.5938418
120.7766686	31.5938403
120.7766675	31.5938388
120.7766663	31.5938373
120.7766652	31.5938358
120.7766641	31.5938343
120.7766630	31.5938328
120.7766619	31.5938313
120.7766609	31.5938297
120.7766599	31.5938281
120.7766589	31.5938266
120.7766579	31.5938250
120.7766570	31.5938234
120.7766560	31.5938218
120.7766551	31.5938201
120.7766542	31.5938185
120.7766533	31.5938169
120.7766524	31.5938152
120.7766516	31.5938136
120.7766507	31.5938119
120.7766499	31.5938102
120.7766491	31.5938085
120.7766483	31.5938068
120.7766475	31.5938051
120.7766468	31.5938033
120.7766460	31.5938016
120.7766453	31.5937999
120.7766447	31.5937981
120.7766440	31.5937964
120.7766434	31.5937946
120.7766428	31.5937928
120.7766423	31.5937910
120.7766417	31.5937892
120.7766412	31.5937874
120.7766407	31.5937856
120.7766402	31.5937838
120.7766398	31.5937820
120.7766393	31.5937802
120.7766389	31.5937783
120.7766385	31.5937765
120.7766381	31.5937746
120.7766378	31.5937727
120.7766375	31.5937709
120.7766372	31.5937690
120.7766369	31.5937671
120.7766366	31.5937652
120.7766364	31.5937632
120.7766362	31.5937613
120.7766360	31.5937594
120.7766359	31.5937575
120.7766357	31.5937555
120.7766356	31.5937536
120.7766356	31.5937516
120.7766355	31.5937496
120.7766355	31.5937476
120.7766355	31.5937457
120.7766355	31.5937437
120.7766356	31.5937417
120.7766357	31.5937396
120.7766358	31.5937376
120.7766359	31.5937356
120.7766361	31.5937336
120.7766363	31.5937315
120.7766365	31.5937295
120.7766368	31.5937275
120.7766371	31.5937254
120.7766374	31.5937234
120.7766377	31.5937213
120.7766381	31.5937193
120.7766385	31.5937172
120.7766389	31.5937152
120.7766394	31.5937132
120.7766399	31.5937111
120.7766404	31.5937091
120.7766410	31.5937070
120.7766416	31.5937050
120.7766422	31.5937029
120.7766428	31.5937009
120.7766435	31.5936988
120.7766442	31.5936968
120.7766449	31.5936947
120.7766457	31.5936926
120.7766465	31.5936906
120.7766474	31.5936885
120.7766483	31.5936865
120.7766492	31.5936844
120.7766501	31.5936823
120.7766511	31.5936803
120.7766521	31.5936783
120.7766531	31.5936763
120.7766542	31.5936742
120.7766553	31.5936722
120.7766565	31.5936702
120.7766577	31.5936682
120.7766589	31.5936661
120.7766602	31.5936641
120.7766614	31.5936621
120.7766628	31.5936601
120.7766641	31.5936580
120.7766655	31.5936560
120.7766670	31.5936540
120.7766685	31.5936520
120.7766700	31.5936500
120.7766716	31.5936480
120.7766731	31.5936460
120.7766747	31.5936441
120.7766764	31.5936421
120.7766780	31.5936401
120.7766797	31.5936381
120.7766814	31.5936362
120.7766831	31.5936342
120.7766848	31.5936322
120.7766866	31.5936303
120.7766884	31.5936283
120.7766902	31.5936263
120.7766920	31.5936244
120.7766938	31.5936224
120.7766956	31.5936204
120.7766975	31.5936184
120.7766994	31.5936164
120.7767013	31.5936144
120.7767033	31.5936124
120.7767052	31.5936104
120.7767072	31.5936084
120.7767092	31.5936063
120.7767112	31.5936043
120.7767133	31.5936023
120.7767153	31.5936002
120.7767173	31.5935981
120.7767193	31.5935960
120.7767213	31.5935939
120.7767234	31.5935917
120.7767254	31.5935896
120.7767275	31.5935874
120.7767295	31.5935852
120.7767316	31.5935831
120.7767336	31.5935809
120.7767357	31.5935786
120.7767378	31.5935764
120.7767399	31.5935742
120.7767420	31.5935720
120.7767441	31.5935698
120.7767462	31.5935676
120.7767483	31.5935654
120.7767503	31.5935632
120.7767524	31.5935610
120.7767545	31.5935588
120.7767565	31.5935565
120.7767585	31.5935543
120.7767605	31.5935520
120.7767625	31.5935498
120.7767645	31.5935475
120.7767665	31.5935453
120.7767685	31.5935430
120.7767705	31.5935408
120.7767724	31.5935385
120.7767744	31.5935363
120.7767764	31.5935340
120.7767784	31.5935318
120.7767803	31.5935296
120.7767823	31.5935273
120.7767843	31.5935251
120.7767862	31.5935228
120.7767882	31.5935206
120.7767901	31.5935183
120.7767921	31.5935161
120.7767940	31.5935138
120.7767960	31.5935115
120.7767980	31.5935093
120.7768000	31.5935070
120.7768020	31.5935047
120.7768040	31.5935025
120.7768059	31.5935002
120.7768079	31.5934979
120.7768099	31.5934956
120.7768119	31.5934934
120.7768139	31.5934911
120.7768159	31.5934888
120.7768179	31.5934865
120.7768199	31.5934842
120.7768220	31.5934819
120.7768240	31.5934796
120.7768260	31.5934774
120.7768280	31.5934751
120.7768301	31.5934728
120.7768321	31.5934705
120.7768341	31.5934682
120.7768362	31.5934659
120.7768383	31.5934636
120.7768404	31.5934613
120.7768425	31.5934591
120.7768447	31.5934568
120.7768468	31.5934545
120.7768489	31.5934523
120.7768511	31.5934500
120.7768532	31.5934477
120.7768553	31.5934454
120.7768575	31.5934431
120.7768596	31.5934408
120.7768618	31.5934386
120.7768640	31.5934363
120.7768661	31.5934340
120.7768683	31.5934317
120.7768705	31.5934294
120.7768726	31.5934270
120.7768748	31.5934247
120.7768770	31.5934224
120.7768792	31.5934201
120.7768815	31.5934178
120.7768837	31.5934155
120.7768860	31.5934132
120.7768883	31.5934109
120.7768906	31.5934086
120.7768929	31.5934062
120.7768951	31.5934039
120.7768974	31.5934016
120.7768997	31.5933993
120.7769020	31.5933969
120.7769043	31.5933946
120.7769066	31.5933923
120.7769090	31.5933899
120.7769113	31.5933876
120.7769136	31.5933852
120.7769159	31.5933829
120.7769182	31.5933805
120.7769206	31.5933782
120.7769229	31.5933758
120.7769252	31.5933735
120.7769276	31.5933711
120.7769299	31.5933688
120.7769323	31.5933664
120.7769346	31.5933640
120.7769370	31.5933617
120.7769394	31.5933593
120.7769417	31.5933569
120.7769441	31.5933546
120.7769465	31.5933522
120.7769488	31.5933498
120.7769512	31.5933474
120.7769536	31.5933450
120.7769560	31.5933427
120.7769584	31.5933403
120.7769608	31.5933379
120.7769632	31.5933355
120.7769656	31.5933331
120.7769680	31.5933307
120.7769704	31.5933283
120.7769728	31.5933259
120.7769752	31.5933235
120.7769776	31.5933211
120.7769800	31.5933187
120.7769824	31.5933163
120.7769849	31.5933139
120.7769873	31.5933115
120.7769897	31.5933090
120.7769921	31.5933066
120.7769945	31.5933042
120.7769970	31.5933018
120.7769994	31.5932994
120.7770018	31.5932970
120.7770043	31.5932945
120.7770067	31.5932921
120.7770092	31.5932897
120.7770116	31.5932872
120.7770141	31.5932848
120.7770165	31.5932823
120.7770190	31.5932799
120.7770214	31.5932775
120.7770239	31.5932750
120.7770264	31.5932726
120.7770289	31.5932701
120.7770314	31.5932677
120.7770339	31.5932652
120.7770364	31.5932628
120.7770389	31.5932603
120.7770415	31.5932578
120.7770440	31.5932554
120.7770465	31.5932529
120.7770490	31.5932504
120.7770516	31.5932480
120.7770541	31.5932455
120.7770566	31.5932430
120.7770592	31.5932405
120.7770617	31.5932380
120.7770643	31.5932356
120.7770668	31.5932331
120.7770694	31.5932306
120.7770719	31.5932281
120.7770745	31.5932256
120.7770770	31.5932231
120.7770796	31.5932207
120.7770821	31.5932182
120.7770847	31.5932157
120.7770873	31.5932132
120.7770898	31.5932107
120.7770924	31.5932082
120.7770950	31.5932057
120.7770976	31.5932032
120.7771001	31.5932007
120.7771027	31.5931982
120.7771053	31.5931957
120.7771079	31.5931932
120.7771105	31.5931907
120.7771131	31.5931882
120.7771157	31.5931856
120.7771183	31.5931831
120.7771209	31.5931806
120.7771235	31.5931781
120.7771262	31.5931756
120.7771288	31.5931731
120.7771314	31.5931705
120.7771340	31.5931680
120.7771367	31.5931655
120.7771393	31.5931629
120.7771419	31.5931604
120.7771446	31.5931579
120.7771472	31.5931553
120.7771498	31.5931528
120.7771525	31.5931503
120.7771551	31.5931477
120.7771578	31.5931452
120.7771604	31.5931427
120.7771631	31.5931401
120.7771657	31.5931376
120.7771683	31.5931351
120.7771710	31.5931325
120.7771736	31.5931300
120.7771762	31.5931275
120.7771787	31.5931250
120.7771813	31.5931224
120.7771838	31.5931199
120.7771863	31.5931174
120.7771888	31.5931149
120.7771914	31.5931124
120.7771939	31.5931100
120.7771963	31.5931075
120.7771988	31.5931050
120.7772013	31.5931026
120.7772038	31.5931001
120.7772062	31.5930977
120.7772086	31.5930952
120.7772110	31.5930928
120.7772134	31.5930904
120.7772158	31.5930880
120.7772182	31.5930856
120.7772206	31.5930832
120.7772229	31.5930808
120.7772253	31.5930784
120.7772277	31.5930760
120.7772301	31.5930737
120.7772324	31.5930713
120.7772348	31.5930689
120.7772371	31.5930665
120.7772395	31.5930641
120.7772419	31.5930618
120.7772442	31.5930594
120.7772466	31.5930570
120.7772489	31.5930547
120.7772513	31.5930523
120.7772536	31.5930499
120.7772559	31.5930476
120.7772583	31.5930452
120.7772606	31.5930428
120.7772629	31.5930405
120.7772652	31.5930381
120.7772675	31.5930357
120.7772698	31.5930334
120.7772721	31.5930310
120.7772744	31.5930286
120.7772767	31.5930262
120.7772789	31.5930238
120.7772812	31.5930215
120.7772835	31.5930191
120.7772857	31.5930167
120.7772880	31.5930143
120.7772902	31.5930119
120.7772925	31.5930095
120.7772947	31.5930071
120.7772969	31.5930047
120.7772991	31.5930023
120.7773013	31.5930000
120.7773036	31.5929976
120.7773058	31.5929952
120.7773080	31.5929928
120.7773102	31.5929904
120.7773124	31.5929880
120.7773146	31.5929856
120.7773167	31.5929832
120.7773189	31.5929809
120.7773211	31.5929785
120.7773232	31.5929761
120.7773254	31.5929737
120.7773275	31.5929714
120.7773297	31.5929690
120.7773318	31.5929666
120.7773340	31.5929642
120.7773361	31.5929618
120.7773382	31.5929595
120.7773404	31.5929571
120.7773425	31.5929547
120.7773446	31.5929523
120.7773468	31.5929500
120.7773489	31.5929476
120.7773510	31.5929452
120.7773531	31.5929429
120.7773552	31.5929405
120.7773573	31.5929381
120.7773594	31.5929358
120.7773615	31.5929334
120.7773636	31.5929310
120.7773657	31.5929287
120.7773678	31.5929263
120.7773699	31.5929239
120.7773720	31.5929216
120.7773741	31.5929192
120.7773762	31.5929169
120.7773783	31.5929145
120.7773804	31.5929122
120.7773825	31.5929098
120.7773846	31.5929075
120.7773867	31.5929052
120.7773888	31.5929028
120.7773908	31.5929005
120.7773929	31.5928982
120.7773949	31.5928959
120.7773970	31.5928936
120.7773990	31.5928913
120.7774011	31.5928890
120.7774031	31.5928868
120.7774051	31.5928845
120.7774071	31.5928823
120.7774091	31.5928800
120.7774111	31.5928778
120.7774131	31.5928756
120.7774151	31.5928734
120.7774170	31.5928712
120.7774190	31.5928690
120.7774209	31.5928669
120.7774229	31.5928647
120.7774248	31.5928626
120.7774268	31.5928604
120.7774287	31.5928583
120.7774306	31.5928561
120.7774325	31.5928540
120.7774344	31.5928519
120.7774363	31.5928498
120.7774381	31.5928477
120.7774400	31.5928456
120.7774419	31.5928436
120.7774437	31.5928415
120.7774456	31.5928394
120.7774474	31.5928374
120.7774493	31.5928353
120.7774511	31.5928333
120.7774529	31.5928313
120.7774547	31.5928293
120.7774565	31.5928273
120.7774583	31.5928253
120.7774601	31.5928233
120.7774619	31.5928213
120.7774637	31.5928193
120.7774654	31.5928173
120.7774672	31.5928154
120.7774689	31.5928134
120.7774707	31.5928115
120.7774724	31.5928096
120.7774742	31.5928077
120.7774759	31.5928058
120.7774776	31.5928039
120.7774793	31.5928020
120.7774810	31.5928001
120.7774826	31.5927982
120.7774843	31.5927964
120.7774860	31.5927945
120.7774876	31.5927927
120.7774893	31.5927908
120.7774909	31.5927890
120.7774926	31.5927872
120.7774942	31.5927853
120.7774959	31.5927835
120.7774975	31.5927817
120.7774992	31.5927798
120.7775009	31.5927780
120.7775025	31.5927762
120.7775042	31.5927744
120.7775058	31.5927725
120.7775075	31.5927707
120.7775091	31.5927689
120.7775108	31.5927670
120.7775125	31.5927652
120.7775141	31.5927634
120.7775158	31.5927615
120.7775175	31.5927597
120.7775191	31.5927579
120.7775208	31.5927561
120.7775224	31.5927543
120.7775241	31.5927525
120.7775257	31.5927507
120.7775274	31.5927489
120.7775290	31.5927471
120.7775306	31.5927454
120.7775322	31.5927436
120.7775339	31.5927418
120.7775355	31.5927401
120.7775371	31.5927384
120.7775387	31.5927366
120.7775402	31.5927349
120.7775418	31.5927332
120.7775434	31.5927315
120.7775449	31.5927298
120.7775465	31.5927281
120.7775480	31.5927265
120.7775496	31.5927248
120.7775511	31.5927232
120.7775526	31.5927215
120.7775541	31.5927199
120.7775556	31.5927183
120.7775571	31.5927167
120.7775586	31.5927151
120.7775601	31.5927135
120.7775616	31.5927119
120.7775631	31.5927104
120.7775646	31.5927088
120.7775660	31.5927073
120.7775675	31.5927057
120.7775689	31.5927042
120.7775704	31.5927027
120.7775718	31.5927012
120.7775733	31.5926997
120.7775748	31.5926982
120.7775763	31.5926968
120.7775777	31.5926953
120.7775792	31.5926939
120.7775806	31.5926925
120.7775821	31.5926911
120.7775835	31.5926897
120.7775850	31.5926883
120.7775864	31.5926869
120.7775878	31.5926855
120.7775893	31.5926842
120.7775907	31.5926828
120.7775921	31.5926815
120.7775935	31.5926802
120.7775949	31.5926788
120.7775963	31.5926775
120.7775977	31.5926762
120.7775991	31.5926749
120.7776005	31.5926737
120.7776019	31.5926724
120.7776033	31.5926712
120.7776047	31.5926699
120.7776061	31.5926687
120.7776075	31.5926674
120.7776089	31.5926662
120.7776102	31.5926650
120.7776116	31.5926638
120.7776130	31.5926626
120.7776143	31.5926614
120.7776156	31.5926603
120.7776169	31.5926591
120.7776182	31.5926579
120.7776196	31.5926567
120.7776209	31.5926556
120.7776222	31.5926544
120.7776235	31.5926533
120.7776247	31.5926522
120.7776260	31.5926510
120.7776272	31.5926499
120.7776284	31.5926488
120.7776296	31.5926476
120.7776308	31.5926465
120.7776319	31.5926453
120.7776331	31.5926442
120.7776342	31.5926431
120.7776354	31.5926420
120.7776365	31.5926409
120.7776376	31.5926397
120.7776387	31.5926386
120.7776398	31.5926375
120.7776408	31.5926364
120.7776419	31.5926353
120.7776429	31.5926342
120.7776440	31.5926331
120.7776450	31.5926321
120.7776460	31.5926310
120.7776471	31.5926299
120.7776481	31.5926289
120.7776491	31.5926278
120.7776501	31.5926267
120.7776512	31.5926256
120.7776522	31.5926245
120.7776532	31.5926235
120.7776543	31.5926224
120.7776554	31.5926213
120.7776565	31.5926202
120.7776576	31.5926191
120.7776588	31.5926181
120.7776600	31.5926170
120.7776612	31.5926159
120.7776624	31.5926148
120.7776636	31.5926138
120.7776648	31.5926127
120.7776661	31.5926117
120.7776674	31.5926106
120.7776687	31.5926096
120.7776700	31.5926085
120.7776713	31.5926075
120.7776728	31.5926066
120.7776743	31.5926057
120.7776758	31.5926048
120.7776774	31.5926040
120.7776789	31.5926031
120.7776805	31.5926023
120.7776821	31.5926015
120.7776838	31.5926006
120.7776854	31.5925998
120.7776871	31.5925990
120.7776887	31.5925982
120.7776904	31.5925975
120.7776921	31.5925967
120.7776939	31.5925960
120.7776956	31.5925952
120.7776974	31.5925945
120.7776992	31.5925937
120.7777009	31.5925930
120.7777027	31.5925923
120.7777046	31.5925916
120.7777064	31.5925910
120.7777083	31.5925903
120.7777102	31.5925897
120.7777121	31.5925892
120.7777140	31.5925886
120.7777159	31.5925880
120.7777179	31.5925875
120.7777198	31.5925869
120.7777218	31.5925864
120.7777238	31.5925859
120.7777258	31.5925853
120.7777278	31.5925848
120.7777298	31.5925843
120.7777319	31.5925839
120.7777339	31.5925834
120.7777360	31.5925829
120.7777381	31.5925825
120.7777402	31.5925821
120.7777423	31.5925817
120.7777444	31.5925812
120.7777465	31.5925808
120.7777485	31.5925803
120.7777506	31.5925799
120.7777526	31.5925794
120.7777547	31.5925790
120.7777567	31.5925786
120.7777588	31.5925782
120.7777609	31.5925778
120.7777630	31.5925774
120.7777651	31.5925771
120.7777673	31.5925767
120.7777694	31.5925764
120.7777716	31.5925761
120.7777737	31.5925758
120.7777759	31.5925755
120.7777781	31.5925752
120.7777802	31.5925750
120.7777824	31.5925747
120.7777846	31.5925745
120.7777869	31.5925743
120.7777891	31.5925741
120.7777913	31.5925739
120.7777936	31.5925738
120.7777958	31.5925737
120.7777981	31.5925736
120.7778003	31.5925735
120.7778026	31.5925734
120.7778049	31.5925734
120.7778072	31.5925733
120.7778095	31.5925733
120.7778118	31.5925733
120.7778141	31.5925733
120.7778164	31.5925733
120.7778187	31.5925734
120.7778211	31.5925734
120.7778234	31.5925735
120.7778257	31.5925736
120.7778281	31.5925737
120.7778304	31.5925738
120.7778328	31.5925740
120.7778351	31.5925742
120.7778375	31.5925744
120.7778398	31.5925746
120.7778422	31.5925748
120.7778446	31.5925750
120.7778470	31.5925752
120.7778494	31.5925755
120.7778517	31.5925758
120.7778541	31.5925761
120.7778565	31.5925764
120.7778589	31.5925768
120.7778613	31.5925771
120.7778637	31.5925775
120.7778661	31.5925779
120.7778685	31.5925783
120.7778709	31.5925788
120.7778733	31.5925792
120.7778758	31.5925797
120.7778782	31.5925802
120.7778806	31.5925807
120.7778830	31.5925812
120.7778854	31.5925818
120.7778878	31.5925824
120.7778902	31.5925830
120.7778927	31.5925836
120.7778951	31.5925842
120.7778975	31.5925848
120.7778999	31.5925855
120.7779023	31.5925862
120.7779047	31.5925869
120.7779071	31.5925876
120.7779095	31.5925883
120.7779120	31.5925891
120.7779144	31.5925898
120.7779168	31.5925906
120.7779192	31.5925914
120.7779216	31.5925922
120.7779240	31.5925930
120.7779264	31.5925939
120.7779288	31.5925947
120.7779312	31.5925956
120.7779336	31.5925965
120.7779361	31.5925973
120.7779385	31.5925982
120.7779409	31.5925991
120.7779433	31.5926000
120.7779458	31.5926009
120.7779482	31.5926019
120.7779506	31.5926028
120.7779531	31.5926038
120.7779556	31.5926048
120.7779580	31.5926057
120.7779605	31.5926067
120.7779629	31.5926078
120.7779654	31.5926088
120.7779679	31.5926098
120.7779704	31.5926108
120.7779729	31.5926119
120.7779753	31.5926129
120.7779778	31.5926140
120.7779803	31.5926151
120.7779828	31.5926162
120.7779853	31.5926173
120.7779879	31.5926183
120.7779904	31.5926194
120.7779929	31.5926205
120.7779954	31.5926216
120.7779980	31.5926228
120.7780005	31.5926239
120.7780030	31.5926250
120.7780055	31.5926262
120.7780081	31.5926273
120.7780106	31.5926285
120.7780132	31.5926296
120.7780157	31.5926308
120.7780182	31.5926320
120.7780208	31.5926332
120.7780233	31.5926344
120.7780258	31.5926356
120.7780284	31.5926368
120.7780309	31.5926380
120.7780335	31.5926392
120.7780361	31.5926405
120.7780387	31.5926417
120.7780413	31.5926430
120.7780438	31.5926442
120.7780464	31.5926455
120.7780490	31.5926468
120.7780516	31.5926480
120.7780542	31.5926493
120.7780568	31.5926506
120.7780594	31.5926519
120.7780620	31.5926532
120.7780646	31.5926545
120.7780672	31.5926558
120.7780698	31.5926571
120.7780724	31.5926584
120.7780751	31.5926597
120.7780777	31.5926610
120.7780803	31.5926624
120.7780830	31.5926637
120.7780857	31.5926650
120.7780883	31.5926663
120.7780910	31.5926676
120.7780936	31.5926690
120.7780963	31.5926703
120.7780990	31.5926716
120.7781017	31.5926730
120.7781044	31.5926743
120.7781071	31.5926756
120.7781098	31.5926770
120.7781125	31.5926783
120.7781152	31.5926797
120.7781179	31.5926810
120.7781206	31.5926824
120.7781234	31.5926837
120.7781261	31.5926851
120.7781288	31.5926864
120.7781316	31.5926878
120.7781343	31.5926892
120.7781371	31.5926905
120.7781398	31.5926919
120.7781426	31.5926933
120.7781454	31.5926947
120.7781481	31.5926961
120.7781509	31.5926975
120.7781537	31.5926989
120.7781565	31.5927003
120.7781593	31.5927017
120.7781621	31.5927032
120.7781649	31.5927046
120.7781677	31.5927060
120.7781706	31.5927074
120.7781734	31.5927089
120.7781762	31.5927103
120.7781791	31.5927117
120.7781819	31.5927132
120.7781848	31.5927146
120.7781877	31.5927161
120.7781905	31.5927175
120.7781934	31.5927190
120.7781964	31.5927205
120.7781993	31.5927220
120.7782022	31.5927235
120.7782052	31.5927250
120.7782082	31.5927265
120.7782111	31.5927280
120.7782141	31.5927295
120.7782171	31.5927310
120.7782201	31.5927325
120.7782231	31.5927340
120.7782261	31.5927355
120.7782291	31.5927371
120.7782321	31.5927386
120.7782351	31.5927401
120.7782381	31.5927417
120.7782412	31.5927432
120.7782442	31.5927447
120.7782472	31.5927463
120.7782503	31.5927478
120.7782533	31.5927494
120.7782563	31.5927509
120.7782594	31.5927524
120.7782624	31.5927539
120.7782654	31.5927555
120.7782684	31.5927570
120.7782715	31.5927585
120.7782745	31.5927601
120.7782776	31.5927616
120.7782806	31.5927632
120.7782837	31.5927647
120.7782867	31.5927663
120.7782898	31.5927678
120.7782929	31.5927694
120.7782960	31.5927709
120.7782990	31.5927725
120.7783021	31.5927741
120.7783052	31.5927756
120.7783083	31.5927772
120.7783114	31.5927788
120.7783145	31.5927804
120.7783176	31.5927820
120.7783207	31.5927836
120.7783238	31.5927853
120.7783269	31.5927869
120.7783301	31.5927885
120.7783332	31.5927902
120.7783363	31.5927918
120.7783394	31.5927935
120.7783425	31.5927951
120.7783457	31.5927968
120.7783488	31.5927984
120.7783519	31.5928001
120.7783551	31.5928018
120.7783582	31.5928035
120.7783613	31.5928051
120.7783645	31.5928068
120.7783676	31.5928085
120.7783708	31.5928102
120.7783739	31.5928119
120.7783770	31.5928137
120.7783801	31.5928154
120.7783832	31.5928172
120.7783864	31.5928189
120.7783895	31.5928207
120.7783926	31.5928224
120.7783957	31.5928242
120.7783988	31.5928259
120.7784020	31.5928277
120.7784051	31.5928295
120.7784082	31.5928313
120.7784114	31.5928330
120.7784145	31.5928348
120.7784176	31.5928366
120.7784208	31.5928384
120.7784239	31.5928402
120.7784271	31.5928420
120.7784302	31.5928438
120.7784334	31.5928456
120.7784366	31.5928474
120.7784397	31.5928492
120.7784429	31.5928510
120.7784461	31.5928528
120.7784493	31.5928546
120.7784525	31.5928564
120.7784557	31.5928582
120.7784589	31.5928600
120.7784621	31.5928618
120.7784653	31.5928636
120.7784686	31.5928654
120.7784718	31.5928672
120.7784750	31.5928691
120.7784782	31.5928709
120.7784814	31.5928727
120.7784847	31.5928745
120.7784879	31.5928763
120.7784911	31.5928782
120.7784944	31.5928800
120.7784976	31.5928818
120.7785009	31.5928837
120.7785041	31.5928855
120.7785074	31.5928873
120.7785106	31.5928891
120.7785139	31.5928909
120.7785171	31.5928927
120.7785204	31.5928946
120.7785237	31.5928964
120.7785269	31.5928982
120.7785302	31.5929000
120.7785335	31.5929018
120.7785368	31.5929036
120.7785401	31.5929055
120.7785434	31.5929073
120.7785467	31.5929091
120.7785500	31.5929109
120.7785533	31.5929127
120.7785566	31.5929146
120.7785599	31.5929164
120.7785632	31.5929182
120.7785665	31.5929200
120.7785698	31.5929218
120.7785732	31.5929237
120.7785765	31.5929255
120.7785799	31.5929273
120.7785832	31.5929292
120.7785866	31.5929310
120.7785899	31.5929328
120.7785933	31.5929346
120.7785966	31.5929364
120.7786000	31.5929383
120.7786034	31.5929401
120.7786068	31.5929419
120.7786102	31.5929437
120.7786136	31.5929455
120.7786170	31.5929473
120.7786204	31.5929491
120.7786238	31.5929509
120.7786272	31.5929527
120.7786306	31.5929545
120.7786340	31.5929563
120.7786375	31.5929581
120.7786409	31.5929599
120.7786444	31.5929617
120.7786478	31.5929634
120.7786513	31.5929652
120.7786547	31.5929670
120.7786582	31.5929688
120.7786617	31.5929706
120.7786651	31.5929724
120.7786686	31.5929741
120.7786721	31.5929759
120.7786756	31.5929777
120.7786790	31.5929795
120.7786825	31.5929813
120.7786860	31.5929830
120.7786895	31.5929848
120.7786930	31.5929866
120.7786965	31.5929884
120.7787000	31.5929902
120.7787035	31.5929920
120.7787070	31.5929938
120.7787105	31.5929956
120.7787141	31.5929974
120.7787176	31.5929992
120.7787211	31.5930010
120.7787246	31.5930028
120.7787282	31.5930046
120.7787317	31.5930064
120.7787352	31.5930082
120.7787388	31.5930100
120.7787423	31.5930118
120.7787458	31.5930136
120.7787493	31.5930154
120.7787529	31.5930172
120.7787564	31.5930190
120.7787599	31.5930208
120.7787634	31.5930225
120.7787669	31.5930243
120.7787704	31.5930261
120.7787739	31.5930278
120.7787774	31.5930296
120.7787809	31.5930314
120.7787843	31.5930331
120.7787878	31.5930348
120.7787912	31.5930366
120.7787947	31.5930383
120.7787981	31.5930400
120.7788015	31.5930417
120.7788049	31.5930435
120.7788083	31.5930452
120.7788117	31.5930469
120.7788150	31.5930485
120.7788184	31.5930502
120.7788217	31.5930519
120.7788251	31.5930536
120.7788284	31.5930553
120.7788317	31.5930569
120.7788350	31.5930586
120.7788383	31.5930602
120.7788417	31.5930619
120.7788450	31.5930636
120.7788483	31.5930652
120.7788516	31.5930669
120.7788549	31.5930685
120.7788582	31.5930702
120.7788616	31.5930719
120.7788649	31.5930736
120.7788683	31.5930752
120.7788716	31.5930769
120.7788750	31.5930786
120.7788784	31.5930803
120.7788817	31.5930820
120.7788851	31.5930837
120.7788885	31.5930854
120.7788919	31.5930871
120.7788952	31.5930887
120.7788986	31.5930904
120.7789020	31.5930921
120.7789053	31.5930938
120.7789087	31.5930955
120.7789121	31.5930972
120.7789154	31.5930989
120.7789188	31.5931005
120.7789221	31.5931022
120.7789255	31.5931039
120.7789288	31.5931056
120.7789322	31.5931072
120.7789355	31.5931089
120.7789388	31.5931106
120.7789421	31.5931122
120.7789454	31.5931139
120.7789487	31.5931155
120.7789519	31.5931172
120.7789552	31.5931188
120.7789584	31.5931205
120.7789617	31.5931221
120.7789649	31.5931237
120.7789681	31.5931253
120.7789713	31.5931270
120.7789745	31.5931286
120.7789776	31.5931302
120.7789808	31.5931318
120.7789839	31.5931334
120.7789871	31.5931350
120.7789902	31.5931365
120.7789933	31.5931381
120.7789964	31.5931397
120.7789995	31.5931413
120.7790025	31.5931428
120.7790056	31.5931444
120.7790087	31.5931460
120.7790118	31.5931475
120.7790148	31.5931491
120.7790179	31.5931506
120.7790210	31.5931522
120.7790241	31.5931538
120.7790271	31.5931553
120.7790302	31.5931569
120.7790333	31.5931585
120.7790363	31.5931600
120.7790394	31.5931616
120.7790425	31.5931631
120.7790456	31.5931646
120.7790487	31.5931661
120.7790519	31.5931677
120.7790550	31.5931692
120.7790581	31.5931707
120.7790612	31.5931722
120.7790644	31.5931738
120.7790675	31.5931753
120.7790707	31.5931768
120.7790738	31.5931783
120.7790770	31.5931799
120.7790801	31.5931814
120.7790833	31.5931829
120.7790865	31.5931844
120.7790897	31.5931859
120.7790929	31.5931875
120.7790961	31.5931890
120.7790993	31.5931905
120.7791025	31.5931920
120.7791057	31.5931935
120.7791089	31.5931950
120.7791121	31.5931965
120.7791154	31.5931980
120.7791186	31.5931995
120.7791218	31.5932010
120.7791251	31.5932025
120.7791283	31.5932040
120.7791316	31.5932055
120.7791349	31.5932070
120.7791381	31.5932085
120.7791414	31.5932100
120.7791447	31.5932115
120.7791479	31.5932130
120.7791512	31.5932145
120.7791545	31.5932160
120.7791578	31.5932175
120.7791611	31.5932190
120.7791644	31.5932205
120.7791677	31.5932220
120.7791709	31.5932235
120.7791742	31.5932250
120.7791775	31.5932266
120.7791808	31.5932281
120.7791841	31.5932296
120.7791873	31.5932311
120.7791906	31.5932327
120.7791939	31.5932342
120.7791972	31.5932357
120.7792005	31.5932373
120.7792038	31.5932388
120.7792071	31.5932403
120.7792104	31.5932419
120.7792137	31.5932434
120.7792170	31.5932450
120.7792203	31.5932465
120.7792236	31.5932481
120.7792269	31.5932497
120.7792302	31.5932512
120.7792335	31.5932528
120.7792368	31.5932544
120.7792401	31.5932560
120.7792435	31.5932576
120.7792468	31.5932592
120.7792501	31.5932608
120.7792534	31.5932624
120.7792567	31.5932641
120.7792601	31.5932657
120.7792634	31.5932673
120.7792667	31.5932689
120.7792701	31.5932706
120.7792734	31.5932722
120.7792767	31.5932738
120.7792800	31.5932755
120.7792834	31.5932771
120.7792867	31.5932788
120.7792900	31.5932804
120.7792934	31.5932821
120.7792967	31.5932837
120.7793001	31.5932854
120.7793034	31.5932870
120.7793067	31.5932887
120.7793101	31.5932903
120.7793134	31.5932920
120.7793167	31.5932937
120.7793201	31.5932953
120.7793234	31.5932970
120.7793268	31.5932987
120.7793301	31.5933003
120.7793334	31.5933020
120.7793368	31.5933037
120.7793402	31.5933053
120.7793435	31.5933070
120.7793469	31.5933087
120.7793502	31.5933103
120.7793536	31.5933120
120.7793569	31.5933137
120.7793602	31.5933153
120.7793636	31.5933170
120.7793669	31.5933187
120.7793703	31.5933203
120.7793736	31.5933219
120.7793769	31.5933235
120.7793802	31.5933252
120.7793835	31.5933268
120.7793868	31.5933284
120.7793901	31.5933300
120.7793934	31.5933316
120.7793966	31.5933332
120.7793999	31.5933348
120.7794031	31.5933364
120.7794064	31.5933380
120.7794096	31.5933396
120.7794128	31.5933411
120.7794160	31.5933427
120.7794192	31.5933442
120.7794223	31.5933458
120.7794255	31.5933473
120.7794286	31.5933489
120.7794318	31.5933504
120.7794349	31.5933519
120.7794380	31.5933535
120.7794411	31.5933550
120.7794442	31.5933565
120.7794473	31.5933580
120.7794504	31.5933596
120.7794535	31.5933611
120.7794566	31.5933626
120.7794597	31.5933641
120.7794628	31.5933656
120.7794658	31.5933671
120.7794689	31.5933687
120.7794720	31.5933702
120.7794750	31.5933717
120.7794781	31.5933732
120.7794812	31.5933747
120.7794842	31.5933762
120.7794873	31.5933777
120.7794904	31.5933792
120.7794934	31.5933807
120.7794965	31.5933822
120.7794995	31.5933837
120.7795026	31.5933852
120.7795056	31.5933867
120.7795087	31.5933882
120.7795117	31.5933897
120.7795148	31.5933912
120.7795178	31.5933927
120.7795208	31.5933942
120.7795239	31.5933957
120.7795269	31.5933972
120.7795299	31.5933987
120.7795330	31.5934002
120.7795360	31.5934017
120.7795390	31.5934032
120.7795420	31.5934046
120.7795451	31.5934061
120.7795481	31.5934076
120.7795511	31.5934091
120.7795541	31.5934106
120.7795571	31.5934121
120.7795601	31.5934135
120.7795631	31.5934150
120.7795661	31.5934165
120.7795690	31.5934180
120.7795720	31.5934194
120.7795750	31.5934209
120.7795780	31.5934224
120.7795809	31.5934239
120.7795839	31.5934253
120.7795869	31.5934268
120.7795898	31.5934283
120.7795928	31.5934298
120.7795957	31.5934312
120.7795987	31.5934327
120.7796016	31.5934342
120.7796046	31.5934357
120.7796075	31.5934371
120.7796104	31.5934386
120.7796134	31.5934401
120.7796163	31.5934415
120.7796192	31.5934430
120.7796221	31.5934444
120.7796249	31.5934459
120.7796278	31.5934474
120.7796307	31.5934488
120.7796335	31.5934502
120.7796364	31.5934517
120.7796392	31.5934531
120.7796420	31.5934545
120.7796449	31.5934560
120.7796477	31.5934574
120.7796504	31.5934588
120.7796532	31.5934602
120.7796560	31.5934616
120.7796587	31.5934630
120.7796615	31.5934644
120.7796642	31.5934658
120.7796669	31.5934671
120.7796696	31.5934685
120.7796724	31.5934699
120.7796751	31.5934712
120.7796778	31.5934726
120.7796804	31.5934739
120.7796831	31.5934753
120.7796858	31.5934766
120.7796884	31.5934779
120.7796911	31.5934793
120.7796937	31.5934806
120.7796963	31.5934819
120.7796989	31.5934832
120.7797015	31.5934845
120.7797041	31.5934858
120.7797067	31.5934871
120.7797092	31.5934884
120.7797118	31.5934897
120.7797143	31.5934910
120.7797169	31.5934923
120.7797194	31.5934935
120.7797219	31.5934948
120.7797244	31.5934961
120.7797268	31.5934973
120.7797293	31.5934986
120.7797318	31.5934998
120.7797342	31.5935011
120.7797366	31.5935023
120.7797390	31.5935036
120.7797414	31.5935048
120.7797438	31.5935060
120.7797462	31.5935072
120.7797486	31.5935084
120.7797510	31.5935097
120.7797533	31.5935109
120.7797557	31.5935121
120.7797580	31.5935133
120.7797603	31.5935145
120.7797626	31.5935156
120.7797649	31.5935168
120.7797672	31.5935180
120.7797695	31.5935192
120.7797717	31.5935203
120.7797740	31.5935215
120.7797762	31.5935227
120.7797785	31.5935238
120.7797807	31.5935250
120.7797829	31.5935261
120.7797851	31.5935272
120.7797873	31.5935284
120.7797895	31.5935295
120.7797917	31.5935306
120.7797938	31.5935317
120.7797960	31.5935328
120.7797981	31.5935339
120.7798002	31.5935350
120.7798023	31.5935361
120.7798044	31.5935372
120.7798065	31.5935382
120.7798086	31.5935393
120.7798106	31.5935404
120.7798127	31.5935414
120.7798147	31.5935425
120.7798168	31.5935435
120.7798188	31.5935445
120.7798208	31.5935456
120.7798228	31.5935466
120.7798248	31.5935476
120.7798268	31.5935486
120.7798287	31.5935496
120.7798307	31.5935506
120.7798326	31.5935516
120.7798346	31.5935526
120.7798365	31.5935536
120.7798384	31.5935546
120.7798403	31.5935556
120.7798422	31.5935565
120.7798440	31.5935575
120.7798459	31.5935585
120.7798478	31.5935594
120.7798496	31.5935603
120.7798515	31.5935613
120.7798533	31.5935622
120.7798552	31.5935631
120.7798570	31.5935640
120.7798588	31.5935650
120.7798606	31.5935659
120.7798624	31.5935667
120.7798642	31.5935676
120.7798660	31.5935685
120.7798678	31.5935694
120.7798695	31.5935702
120.7798713	31.5935711
120.7798731	31.5935719
120.7798748	31.5935727
120.7798766	31.5935735
120.7798783	31.5935743
120.7798801	31.5935751
120.7798818	31.5935759
120.7798835	31.5935767
120.7798852	31.5935774
120.7798870	31.5935781
120.7798887	31.5935788
120.7798905	31.5935795
120.7798923	31.5935801
120.7798940	31.5935807
120.7798958	31.5935813
120.7798975	31.5935819
120.7798992	31.5935825
120.7799010	31.5935830
120.7799027	31.5935836
120.7799045	31.5935841
120.7799063	31.5935846
120.7799080	31.5935851
120.7799098	31.5935856
120.7799116	31.5935861
120.7799134	31.5935865
120.7799152	31.5935870
120.7799170	31.5935874
120.7799188	31.5935878
120.7799206	31.5935882
120.7799224	31.5935886
120.7799243	31.5935889
120.7799262	31.5935891
120.7799280	31.5935894
120.7799299	31.5935896
120.7799318	31.5935898
120.7799337	31.5935900
120.7799356	31.5935902
120.7799375	31.5935903
120.7799394	31.5935905
120.7799413	31.5935906
120.7799432	31.5935907
120.7799451	31.5935908
120.7799471	31.5935908
120.7799490	31.5935908
120.7799509	31.5935908
120.7799529	31.5935908
120.7799548	31.5935907
120.7799568	31.5935907
120.7799587	31.5935906
120.7799607	31.5935904
120.7799626	31.5935902
120.7799645	31.5935900
120.7799664	31.5935898
120.7799683	31.5935895
120.7799702	31.5935893
120.7799721	31.5935890
120.7799740	31.5935886
120.7799759	31.5935883
120.7799778	31.5935879
120.7799798	31.5935875
120.7799817	31.5935871
120.7799836	31.5935866
120.7799855	31.5935861
120.7799874	31.5935856
120.7799893	31.5935851
120.7799912	31.5935846
120.7799931	31.5935840
120.7799950	31.5935834
120.7799969	31.5935828
120.7799987	31.5935822
120.7800005	31.5935815
120.7800023	31.5935809
120.7800040	31.5935802
120.7800058	31.5935795
120.7800076	31.5935788
120.7800093	31.5935780
120.7800111	31.5935773
120.7800128	31.5935765
120.7800145	31.5935756
120.7800163	31.5935748
120.7800180	31.5935739
120.7800197	31.5935731
120.7800214	31.5935721
120.7800231	31.5935712
120.7800247	31.5935703
120.7800264	31.5935693
120.7800281	31.5935683
120.7800297	31.5935673
120.7800314	31.5935662
120.7800330	31.5935652
120.7800346	31.5935641
120.7800362	31.5935630
120.7800378	31.5935620
120.7800395	31.5935609
120.7800411	31.5935597
120.7800428	31.5935586
120.7800444	31.5935574
120.7800460	31.5935561
120.7800477	31.5935549
120.7800494	31.5935536
120.7800510	31.5935523
120.7800527	31.5935510
120.7800544	31.5935497
120.7800561	31.5935484
120.7800579	31.5935470
120.7800596	31.5935456
120.7800613	31.5935442
120.7800631	31.5935428
120.7800649	31.5935414
120.7800667	31.5935399
120.7800685	31.5935384
120.7800703	31.5935369
120.7800722	31.5935354
120.7800741	31.5935339
120.7800760	31.5935324
120.7800779	31.5935309
120.7800798	31.5935294
120.7800817	31.5935278
120.7800837	31.5935263
120.7800856	31.5935247
120.7800875	31.5935232
120.7800895	31.5935216
120.7800914	31.5935201
120.7800933	31.5935185
120.7800952	31.5935170
120.7800972	31.5935154
120.7800991	31.5935139
120.7801010	31.5935123
120.7801029	31.5935108
120.7801048	31.5935093
120.7801068	31.5935078
120.7801087	31.5935063
120.7801107	31.5935048
120.7801126	31.5935034
120.7801146	31.5935019
120.7801165	31.5935004
120.7801184	31.5934990
120.7801203	31.5934975
120.7801222	31.5934961
120.7801241	31.5934946
120.7801259	31.5934932
120.7801278	31.5934918
120.7801296	31.5934903
120.7801315	31.5934889
120.7801333	31.5934875
120.7801351	31.5934861
120.7801369	31.5934847
120.7801387	31.5934833
120.7801405	31.5934819
120.7801423	31.5934805
120.7801442	31.5934792
120.7801460	31.5934778
120.7801478	31.5934765
120.7801496	31.5934752
120.7801514	31.5934739
120.7801532	31.5934726
120.7801549	31.5934713
120.7801567	31.5934700
120.7801584	31.5934687
120.7801602	31.5934674
120.7801619	31.5934661
120.7801637	31.5934649
120.7801654	31.5934636
120.7801671	31.5934623
120.7801688	31.5934611
120.7801705	31.5934598
120.7801722	31.5934586
120.7801739	31.5934573
120.7801755	31.5934561
120.7801772	31.5934549
120.7801789	31.5934537
120.7801806	31.5934525
120.7801823	31.5934514
120.7801840	31.5934502
120.7801857	31.5934490
120.7801874	31.5934479
120.7801890	31.5934467
120.7801907	31.5934456
120.7801923	31.5934444
120.7801940	31.5934433
120.7801956	31.5934422
120.7801972	31.5934411
120.7801989	31.5934400
120.7802005	31.5934388
120.7802021	31.5934377
120.7802037	31.5934366
120.7802053	31.5934356
120.7802069	31.5934345
120.7802085	31.5934334
120.7802101	31.5934323
120.7802116	31.5934312
120.7802132	31.5934301
120.7802148	31.5934291
120.7802163	31.5934280
120.7802179	31.5934269
120.7802194	31.5934259
120.7802210	31.5934248
120.7802225	31.5934238
120.7802241	31.5934227
120.7802256	31.5934217
120.7802271	31.5934207
120.7802286	31.5934196
120.7802301	31.5934186
120.7802316	31.5934176
120.7802331	31.5934166
120.7802346	31.5934156
120.7802361	31.5934146
120.7802376	31.5934136
120.7802391	31.5934126
120.7802406	31.5934116
120.7802420	31.5934106
120.7802435	31.5934096
120.7802449	31.5934086
120.7802464	31.5934076
120.7802479	31.5934065
120.7802493	31.5934055
120.7802508	31.5934045
120.7802523	31.5934035
120.7802537	31.5934025
120.7802552	31.5934014
120.7802567	31.5934004
120.7802582	31.5933994
120.7802596	31.5933984
120.7802611	31.5933973
120.7802626	31.5933963
120.7802641	31.5933953
120.7802656	31.5933943
120.7802671	31.5933932
120.7802685	31.5933922
120.7802700	31.5933912
120.7802715	31.5933902
120.7802730	31.5933891
120.7802745	31.5933881
120.7802760	31.5933871
120.7802775	31.5933861
120.7802790	31.5933851
120.7802805	31.5933840
120.7802820	31.5933830
120.7802835	31.5933820
120.7802850	31.5933810
120.7802865	31.5933800
120.7802880	31.5933789
120.7802896	31.5933779
120.7802911	31.5933769
120.7802926	31.5933759
120.7802941	31.5933748
120.7802956	31.5933738
120.7802971	31.5933728
120.7802987	31.5933718
120.7803002	31.5933707
120.7803017	31.5933696
120.7803032	31.5933685
120.7803047	31.5933674
120.7803062	31.5933663
120.7803077	31.5933652
120.7803092	31.5933641
120.7803108	31.5933630
120.7803123	31.5933620
120.7803138	31.5933609
120.7803153	31.5933598
120.7803169	31.5933587
120.7803184	31.5933576
120.7803199	31.5933565
120.7803214	31.5933554
120.7803230	31.5933543
120.7803245	31.5933532
120.7803260	31.5933520
120.7803276	31.5933509
120.7803291	31.5933498
120.7803306	31.5933487
120.7803322	31.5933476
120.7803337	31.5933465
120.7803352	31.5933453
120.7803368	31.5933442
120.7803383	31.5933430
120.7803398	31.5933419
120.7803414	31.5933408
120.7803429	31.5933396
120.7803445	31.5933385
120.7803460	31.5933374
120.7803476	31.5933362
120.7803491	31.5933351
120.7803507	31.5933339
120.7803522	31.5933328
120.7803538	31.5933316
120.7803553	31.5933305
120.7803569	31.5933293
120.7803584	31.5933282
120.7803600	31.5933270
120.7803615	31.5933258
120.7803630	31.5933246
120.7803646	31.5933234
120.7803661	31.5933222
120.7803676	31.5933210
120.7803691	31.5933198
120.7803706	31.5933185
120.7803722	31.5933173
120.7803737	31.5933161
120.7803752	31.5933149
120.7803767	31.5933136
120.7803782	31.5933124
120.7803797	31.5933112
120.7803813	31.5933099
120.7803828	31.5933087
120.7803843	31.5933075
120.7803858	31.5933062
120.7803874	31.5933050
120.7803889	31.5933037
120.7803904	31.5933025
120.7803920	31.5933013
120.7803935	31.5933001
120.7803951	31.5932989
120.7803966	31.5932977
120.7803982	31.5932965
120.7803998	31.5932953
120.7804013	31.5932941
120.7804029	31.5932929
120.7804044	31.5932917
120.7804060	31.5932905
120.7804076	31.5932893
120.7804091	31.5932881
120.7804107	31.5932869
120.7804122	31.5932857
120.7804138	31.5932845
120.7804154	31.5932833
120.7804170	31.5932821
120.7804185	31.5932809
120.7804201	31.5932796
120.7804217	31.5932784
120.7804232	31.5932772
120.7804248	31.5932760
120.7804264	31.5932748
120.7804280	31.5932736
120.7804296	31.5932724
120.7804312	31.5932712
120.7804328	31.5932699
120.7804344	31.5932687
120.7804360	31.5932675
120.7804376	31.5932663
120.7804392	31.5932651
120.7804408	31.5932638
120.7804425	31.5932626
120.7804441	31.5932614
120.7804457	31.5932602
120.7804473	31.5932589
120.7804489	31.5932577
120.7804505	31.5932565
120.7804521	31.5932552
120.7804538	31.5932540
120.7804554	31.5932528
120.7804570	31.5932515
120.7804586	31.5932503
120.7804602	31.5932490
120.7804618	31.5932478
120.7804634	31.5932465
120.7804651	31.5932453
120.7804667	31.5932440
120.7804683	31.5932428
120.7804699	31.5932415
120.7804716	31.5932402
120.7804732	31.5932390
120.7804748	31.5932377
120.7804765	31.5932365
120.7804781	31.5932352
120.7804797	31.5932339
120.7804814	31.5932327
120.7804830	31.5932314
120.7804847	31.5932301
120.7804863	31.5932288
120.7804880	31.5932276
120.7804897	31.5932263
120.7804914	31.5932251
120.7804930	31.5932238
120.7804947	31.5932226
120.7804964	31.5932213
120.7804980	31.5932201
120.7804997	31.5932188
120.7805014	31.5932176
120.7805030	31.5932163
120.7805047	31.5932151
120.7805063	31.5932139
120.7805080	31.5932126
120.7805096	31.5932114
120.7805113	31.5932102
120.7805129	31.5932090
120.7805145	31.5932078
120.7805161	31.5932066
120.7805177	31.5932054
120.7805193	31.5932042
120.7805209	31.5932030
120.7805225	31.5932018
120.7805240	31.5932006
120.7805256	31.5931994
120.7805271	31.5931982
120.7805287	31.5931971
120.7805302	31.5931959
120.7805318	31.5931947
120.7805333	31.5931936
120.7805348	31.5931924
120.7805363	31.5931913
120.7805378	31.5931901
120.7805393	31.5931890
120.7805408	31.5931879
120.7805423	31.5931867
120.7805438	31.5931856
120.7805453	31.5931845
120.7805467	31.5931834
120.7805482	31.5931823
120.7805497	31.5931812
120.7805511	31.5931801
120.7805526	31.5931790
120.7805540	31.5931779
120.7805555	31.5931768
120.7805569	31.5931757
120.7805583	31.5931746
120.7805598	31.5931736
120.7805612	31.5931725
120.7805626	31.5931714
120.7805640	31.5931704
120.7805654	31.5931693
120.7805668	31.5931683
120.7805682	31.5931672
120.7805696	31.5931662
120.7805710	31.5931651
120.7805724	31.5931641
120.7805738	31.5931631
120.7805751	31.5931621
120.7805765	31.5931610
120.7805778	31.5931600
120.7805792	31.5931590
120.7805805	31.5931580
120.7805819	31.5931570
120.7805832	31.5931561
120.7805845	31.5931551
120.7805859	31.5931541
120.7805872	31.5931531
120.7805885	31.5931521
120.7805899	31.5931511
120.7805912	31.5931501
120.7805926	31.5931491
120.7805939	31.5931481
120.7805953	31.5931471
120.7805966	31.5931461
120.7805980	31.5931451
120.7805994	31.5931441
120.7806007	31.5931431
120.7806021	31.5931421
120.7806035	31.5931411
120.7806048	31.5931400
120.7806062	31.5931390
120.7806076	31.5931380
120.7806090	31.5931369
120.7806104	31.5931359
120.7806118	31.5931349
120.7806131	31.5931338
120.7806145	31.5931328
120.7806159	31.5931317
120.7806173	31.5931307
120.7806187	31.5931296
120.7806201	31.5931286
120.7806216	31.5931275
120.7806230	31.5931264
120.7806244	31.5931254
120.7806258	31.5931243
120.7806272	31.5931233
120.7806286	31.5931222
120.7806301	31.5931211
120.7806315	31.5931201
120.7806329	31.5931190
120.7806344	31.5931179
120.7806358	31.5931169
120.7806372	31.5931158
120.7806387	31.5931148
120.7806401	31.5931137
120.7806416	31.5931126
120.7806430	31.5931116
120.7806445	31.5931105
120.7806459	31.5931095
120.7806474	31.5931084
120.7806489	31.5931073
120.7806503	31.5931063
120.7806518	31.5931052
120.7806532	31.5931042
120.7806547	31.5931031
120.7806562	31.5931020
120.7806577	31.5931010
120.7806592	31.5930999
120.7806606	31.5930989
120.7806621	31.5930978
120.7806636	31.5930967
120.7806651	31.5930956
120.7806666	31.5930945
120.7806680	31.5930935
120.7806695	31.5930924
120.7806710	31.5930913
120.7806725	31.5930902
120.7806740	31.5930891
120.7806755	31.5930880
120.7806770	31.5930869
120.7806785	31.5930858
120.7806800	31.5930847
120.7806815	31.5930836
120.7806829	31.5930825
120.7806844	31.5930814
120.7806859	31.5930804
120.7806874	31.5930793
120.7806888	31.5930782
120.7806903	31.5930771
120.7806918	31.5930760
120.7806932	31.5930749
120.7806946	31.5930738
120.7806960	31.5930728
120.7806974	31.5930717
120.7806988	31.5930706
120.7807002	31.5930696
120.7807016	31.5930685
120.7807030	31.5930675
120.7807043	31.5930664
120.7807057	31.5930654
120.7807071	31.5930643
120.7807084	31.5930633
120.7807098	31.5930623
120.7807111	31.5930613
120.7807124	31.5930602
120.7807138	31.5930592
120.7807151	31.5930582
120.7807164	31.5930572
120.7807177	31.5930562
120.7807190	31.5930552
120.7807203	31.5930543
120.7807216	31.5930533
120.7807229	31.5930523
120.7807242	31.5930514
120.7807255	31.5930505
120.7807268	31.5930495
120.7807280	31.5930486
120.7807293	31.5930477
120.7807306	31.5930468
120.7807318	31.5930458
120.7807331	31.5930449
120.7807343	31.5930440
120.7807356	31.5930431
120.7807368	31.5930422
120.7807380	31.5930413
120.7807392	31.5930404
120.7807404	31.5930395
120.7807417	31.5930387
120.7807429	31.5930378
120.7807441	31.5930369
120.7807452	31.5930360
120.7807464	31.5930351
120.7807476	31.5930342
120.7807488	31.5930333
120.7807499	31.5930324
120.7807511	31.5930315
120.7807522	31.5930306
120.7807534	31.5930298
120.7807545	31.5930289
120.7807557	31.5930280
120.7807568	31.5930271
120.7807579	31.5930263
120.7807591	31.5930254
120.7807602	31.5930246
120.7807613	31.5930237
120.7807624	31.5930229
120.7807635	31.5930220
120.7807646	31.5930212
120.7807657	31.5930203
120.7807668	31.5930195
120.7807678	31.5930187
120.7807689	31.5930179
120.7807700	31.5930171
120.7807711	31.5930163
120.7807722	31.5930155
120.7807733	31.5930147
120.7807744	31.5930139
120.7807755	31.5930131
120.7807765	31.5930122
120.7807776	31.5930114
120.7807787	31.5930106
120.7807798	31.5930098
120.7807809	31.5930090
120.7807820	31.5930082
120.7807832	31.5930073
120.7807843	31.5930065
120.7807854	31.5930057
120.7807865	31.5930049
120.7807876	31.5930040
120.7807887	31.5930032
120.7807898	31.5930024
120.7807909	31.5930015
120.7807920	31.5930006
120.7807931	31.5929998
120.7807942	31.5929989
120.7807953	31.5929981
120.7807964	31.5929972
120.7807975	31.5929964
120.7807986	31.5929955
120.7807997	31.5929946
120.7808008	31.5929938
120.7808019	31.5929929
120.7808030	31.5929921
120.7808041	31.5929912
120.7808052	31.5929904
120.7808063	31.5929895
120.7808074	31.5929886
120.7808085	31.5929878
120.7808096	31.5929869
120.7808107	31.5929861
120.7808118	31.5929852
120.7808129	31.5929844
120.7808140	31.5929835
120.7808151	31.5929827
120.7808162	31.5929818
120.7808173	31.5929810
120.7808184	31.5929801
120.7808195	31.5929793
120.7808206	31.5929784
120.7808216	31.5929776
120.7808227	31.5929768
120.7808238	31.5929759
120.7808249	31.5929751
120.7808260	31.5929743
120.7808270	31.5929735
120.7808281	31.5929726
120.7808291	31.5929718
120.7808302	31.5929710
120.7808312	31.5929702
120.7808323	31.5929694
120.7808333	31.5929686
120.7808343	31.5929678
120.7808354	31.5929671
120.7808364	31.5929663
120.7808374	31.5929655
120.7808384	31.5929647
120.7808394	31.5929640
120.7808404	31.5929632
120.7808414	31.5929624
120.7808424	31.5929617
120.7808434	31.5929609
120.7808444	31.5929602
120.7808454	31.5929594
120.7808464	31.5929587
120.7808474	31.5929580
120.7808483	31.5929572
120.7808493	31.5929565
120.7808503	31.5929558
120.7808513	31.5929550
120.7808522	31.5929543
120.7808532	31.5929536
120.7808541	31.5929528
120.7808551	31.5929521
120.7808560	31.5929514
120.7808570	31.5929507
120.7808579	31.5929500
120.7808589	31.5929493
120.7808598	31.5929485
120.7808607	31.5929478
120.7808616	31.5929471
120.7808626	31.5929464
120.7808635	31.5929457
120.7808644	31.5929450
120.7808653	31.5929443
120.7808662	31.5929437
120.7808671	31.5929430
120.7808680	31.5929423
120.7808689	31.5929416
120.7808698	31.5929409
120.7808707	31.5929403
120.7808716	31.5929396
120.7808725	31.5929389
120.7808734	31.5929383
120.7808742	31.5929376
120.7808751	31.5929370
120.7808760	31.5929363
120.7808768	31.5929356
120.7808777	31.5929350
120.7808786	31.5929344
120.7808794	31.5929337
120.7808802	31.5929331
120.7808811	31.5929325
120.7808819	31.5929318
120.7808827	31.5929313
120.7808842	31.5929301
120.7808857	31.5929290
120.7808872	31.5929279
120.7808886	31.5929268
120.7808899	31.5929258
120.7808912	31.5929249
120.7808924	31.5929240
120.7808935	31.5929231
120.7808946	31.5929223
120.7808956	31.5929216
120.7808964	31.5929209
120.7808975	31.5929201
120.7808984	31.5929194
120.7808992	31.5929187
120.7809002	31.5929180
120.7809011	31.5929173
120.7809022	31.5929165
120.7809030	31.5929159
120.7809040	31.5929152
120.7809050	31.5929144
120.7809062	31.5929135
120.7809074	31.5929126
120.7809087	31.5929116
120.7809100	31.5929106
120.7809115	31.5929095
120.7809130	31.5929084
120.7809146	31.5929072
120.7809154	31.5929066
120.7809162	31.5929060
120.7809171	31.5929054
120.7809179	31.5929047
120.7809188	31.5929041
120.7809197	31.5929034
120.7809206	31.5929027
120.7809215	31.5929020
120.7809225	31.5929013
120.7809234	31.5929006
120.7809244	31.5928999
120.7809253	31.5928992
120.7809263	31.5928985
120.7809273	31.5928977
120.7809283	31.5928970
120.7809293	31.5928962
120.7809303	31.5928955
120.7809313	31.5928947
120.7809324	31.5928939
120.7809334	31.5928931
120.7809345	31.5928923
120.7809355	31.5928915
120.7809366	31.5928907
120.7809377	31.5928898
120.7809388	31.5928890
120.7809399	31.5928881
120.7809410	31.5928873
120.7809422	31.5928864
120.7809433	31.5928855
120.7809445	31.5928846
120.7809457	31.5928837
120.7809468	31.5928828
120.7809480	31.5928819
120.7809493	31.5928809
120.7809505	31.5928800
120.7809517	31.5928790
120.7809530	31.5928781
120.7809542	31.5928771
120.7809555	31.5928762
120.7809568	31.5928752
120.7809581	31.5928742
120.7809594	31.5928732
120.7809607	31.5928721
120.7809621	31.5928711
120.7809634	31.5928701
120.7809647	31.5928691
120.7809661	31.5928681
120.7809674	31.5928670
120.7809687	31.5928660
120.7809701	31.5928650
120.7809714	31.5928640
120.7809727	31.5928630
120.7809741	31.5928620
120.7809754	31.5928609
120.7809767	31.5928599
120.7809780	31.5928589
120.7809793	31.5928579
120.7809806	31.5928569
120.7809820	31.5928559
120.7809833	31.5928549
120.7809846	31.5928539
120.7809860	31.5928529
120.7809873	31.5928518
120.7809887	31.5928508
120.7809900	31.5928498
120.7809914	31.5928488
120.7809927	31.5928477
120.7809941	31.5928467
120.7809954	31.5928457
120.7809968	31.5928447
120.7809982	31.5928436
120.7809995	31.5928426
120.7810009	31.5928416
120.7810023	31.5928405
120.7810036	31.5928395
120.7810050	31.5928384
120.7810064	31.5928374
120.7810078	31.5928364
120.7810092	31.5928353
120.7810105	31.5928343
120.7810119	31.5928333
120.7810133	31.5928323
120.7810147	31.5928312
120.7810161	31.5928302
120.7810175	31.5928292
120.7810189	31.5928282
120.7810203	31.5928271
120.7810217	31.5928261
120.7810231	31.5928251
120.7810245	31.5928241
120.7810258	31.5928230
120.7810272	31.5928220
120.7810286	31.5928210
120.7810300	31.5928200
120.7810315	31.5928189
120.7810329	31.5928179
120.7810343	31.5928169
120.7810357	31.5928158
120.7810371	31.5928148
120.7810386	31.5928137
120.7810400	31.5928126
120.7810414	31.5928115
120.7810429	31.5928104
120.7810444	31.5928093
120.7810458	31.5928082
120.7810473	31.5928071
120.7810488	31.5928060
120.7810503	31.5928049
120.7810518	31.5928038
120.7810533	31.5928027
120.7810548	31.5928016
120.7810563	31.5928004
120.7810578	31.5927993
120.7810593	31.5927982
120.7810609	31.5927970
120.7810624	31.5927959
120.7810639	31.5927947
120.7810655	31.5927936
120.7810670	31.5927924
120.7810686	31.5927913
120.7810702	31.5927902
120.7810717	31.5927891
120.7810733	31.5927879
120.7810749	31.5927868
120.7810765	31.5927856
120.7810781	31.5927845
120.7810797	31.5927833
120.7810813	31.5927822
120.7810829	31.5927810
120.7810845	31.5927799
120.7810861	31.5927787
120.7810877	31.5927775
120.7810894	31.5927764
120.7810910	31.5927752
120.7810927	31.5927740
120.7810943	31.5927728
120.7810960	31.5927717
120.7810976	31.5927705
120.7810993	31.5927693
120.7811010	31.5927681
120.7811027	31.5927669
120.7811044	31.5927657
120.7811060	31.5927646
120.7811077	31.5927634
120.7811094	31.5927622
120.7811111	31.5927610
120.7811128	31.5927598
120.7811145	31.5927587
120.7811162	31.5927575
120.7811178	31.5927563
120.7811195	31.5927552
120.7811212	31.5927540
120.7811228	31.5927529
120.7811245	31.5927517
120.7811261	31.5927506
120.7811277	31.5927494
120.7811294	31.5927483
120.7811310	31.5927471
120.7811327	31.5927460
120.7811343	31.5927448
120.7811359	31.5927436
120.7811376	31.5927424
120.7811392	31.5927413
120.7811408	31.5927401
120.7811425	31.5927389
120.7811441	31.5927377
120.7811457	31.5927365
120.7811474	31.5927354
120.7811490	31.5927342
120.7811507	31.5927330
120.7811523	31.5927318
120.7811540	31.5927306
120.7811556	31.5927294
120.7811573	31.5927283
120.7811589	31.5927271
120.7811606	31.5927259
120.7811622	31.5927247
120.7811639	31.5927235
120.7811655	31.5927223
120.7811672	31.5927211
120.7811688	31.5927200
120.7811705	31.5927188
120.7811721	31.5927176
120.7811738	31.5927164
120.7811754	31.5927152
120.7811771	31.5927141
120.7811788	31.5927129
120.7811804	31.5927117
120.7811821	31.5927105
120.7811838	31.5927093
120.7811854	31.5927081
120.7811871	31.5927069
120.7811888	31.5927057
120.7811904	31.5927046
120.7811921	31.5927034
120.7811938	31.5927022
120.7811955	31.5927010
120.7811971	31.5926998
120.7811988	31.5926986
120.7812005	31.5926974
120.7812022	31.5926962
120.7812039	31.5926950
120.7812056	31.5926938
120.7812073	31.5926927
120.7812090	31.5926915
120.7812107	31.5926903
120.7812124	31.5926891
120.7812142	31.5926879
120.7812159	31.5926867
120.7812176	31.5926855
120.7812193	31.5926843
120.7812210	31.5926831
120.7812227	31.5926819
120.7812244	31.5926807
120.7812262	31.5926796
120.7812279	31.5926784
120.7812296	31.5926772
120.7812313	31.5926760
120.7812331	31.5926748
120.7812348	31.5926736
120.7812365	31.5926723
120.7812382	31.5926711
120.7812400	31.5926699
120.7812417	31.5926687
120.7812434	31.5926675
120.7812451	31.5926662
120.7812469	31.5926650
120.7812486	31.5926638
120.7812504	31.5926626
120.7812521	31.5926614
120.7812538	31.5926602
120.7812556	31.5926589
120.7812573	31.5926577
120.7812590	31.5926565
120.7812608	31.5926552
120.7812625	31.5926540
120.7812643	31.5926528
120.7812660	31.5926516
120.7812678	31.5926503
120.7812695	31.5926491
120.7812713	31.5926478
120.7812730	31.5926466
120.7812747	31.5926454
120.7812765	31.5926441
120.7812782	31.5926429
120.7812800	31.5926416
120.7812817	31.5926404
120.7812835	31.5926391
120.7812852	31.5926379
120.7812870	31.5926366
120.7812887	31.5926354
120.7812905	31.5926341
120.7812922	31.5926329
120.7812940	31.5926316
120.7812957	31.5926304
120.7812975	31.5926291
120.7812992	31.5926279
120.7813010	31.5926266
120.7813027	31.5926254
120.7813045	31.5926241
120.7813063	31.5926229
120.7813080	31.5926217
120.7813098	31.5926204
120.7813115	31.5926192
120.7813133	31.5926180
120.7813151	31.5926167
120.7813168	31.5926155
120.7813186	31.5926143
120.7813204	31.5926130
120.7813221	31.5926118
120.7813239	31.5926106
120.7813257	31.5926093
120.7813275	31.5926081
120.7813292	31.5926068
120.7813310	31.5926056
120.7813328	31.5926043
120.7813345	31.5926031
120.7813363	31.5926018
120.7813381	31.5926006
120.7813399	31.5925993
120.7813416	31.5925981
120.7813434	31.5925968
120.7813452	31.5925955
120.7813470	31.5925942
120.7813487	31.5925930
120.7813505	31.5925917
120.7813523	31.5925904
120.7813541	31.5925891
120.7813558	31.5925879
120.7813576	31.5925866
120.7813594	31.5925853
120.7813612	31.5925840
120.7813629	31.5925828
120.7813647	31.5925815
120.7813665	31.5925802
120.7813683	31.5925789
120.7813700	31.5925776
120.7813718	31.5925764
120.7813736	31.5925751
120.7813754	31.5925738
120.7813772	31.5925725
120.7813789	31.5925713
120.7813807	31.5925700
120.7813825	31.5925687
120.7813843	31.5925675
120.7813861	31.5925662
120.7813879	31.5925649
120.7813897	31.5925636
120.7813915	31.5925623
120.7813933	31.5925611
120.7813951	31.5925598
120.7813969	31.5925585
120.7813986	31.5925572
120.7814004	31.5925559
120.7814023	31.5925547
120.7814040	31.5925534
120.7814058	31.5925521
120.7814076	31.5925508
120.7814094	31.5925495
120.7814112	31.5925482
120.7814130	31.5925469
120.7814148	31.5925456
120.7814166	31.5925443
120.7814184	31.5925430
120.7814202	31.5925417
120.7814220	31.5925404
120.7814238	31.5925391
120.7814257	31.5925378
120.7814275	31.5925365
120.7814293	31.5925352
120.7814311	31.5925339
120.7814329	31.5925326
120.7814347	31.5925313
120.7814365	31.5925300
120.7814383	31.5925287
120.7814401	31.5925274
120.7814419	31.5925261
120.7814437	31.5925248
120.7814455	31.5925235
120.7814473	31.5925222
120.7814492	31.5925209
120.7814510	31.5925196
120.7814528	31.5925183
120.7814546	31.5925169
120.7814564	31.5925156
120.7814582	31.5925143
120.7814600	31.5925130
120.7814618	31.5925117
120.7814636	31.5925104
120.7814654	31.5925091
120.7814673	31.5925078
120.7814691	31.5925065
120.7814709	31.5925052
120.7814727	31.5925039
120.7814745	31.5925025
120.7814763	31.5925012
120.7814781	31.5924999
120.7814799	31.5924986
120.7814816	31.5924973
120.7814834	31.5924961
120.7814852	31.5924948
120.7814870	31.5924935
120.7814887	31.5924922
120.7814905	31.5924910
120.7814922	31.5924897
120.7814940	31.5924884
120.7814957	31.5924872
120.7814974	31.5924860
120.7814991	31.5924847
120.7815008	31.5924835
120.7815025	31.5924823
120.7815042	31.5924810
120.7815059	31.5924798
120.7815075	31.5924786
120.7815092	31.5924774
120.7815108	31.5924762
120.7815124	31.5924750
120.7815141	31.5924738
120.7815157	31.5924727
120.7815173	31.5924715
120.7815188	31.5924703
120.7815204	31.5924691
120.7815220	31.5924679
120.7815236	31.5924668
120.7815251	31.5924656
120.7815267	31.5924645
120.7815282	31.5924633
120.7815297	31.5924622
120.7815312	31.5924611
120.7815327	31.5924600
120.7815342	31.5924589
120.7815356	31.5924578
120.7815370	31.5924567
120.7815384	31.5924557
120.7815398	31.5924546
120.7815412	31.5924536
120.7815426	31.5924525
120.7815439	31.5924515
120.7815453	31.5924505
120.7815466	31.5924495
120.7815479	31.5924486
120.7815492	31.5924476
120.7815505	31.5924466
120.7815518	31.5924456
120.7815531	31.5924446
120.7815544	31.5924437
120.7815556	31.5924427
120.7815569	31.5924418
120.7815581	31.5924408
120.7815594	31.5924399
120.7815606	31.5924389
120.7815619	31.5924380
120.7815631	31.5924371
120.7815643	31.5924362
120.7815655	31.5924352
120.7815667	31.5924343
120.7815679	31.5924334
120.7815690	31.5924325
120.7815702	31.5924317
120.7815714	31.5924308
120.7815725	31.5924299
120.7815737	31.5924291
120.7815748	31.5924283
120.7815759	31.5924274
120.7815770	31.5924266
120.7815781	31.5924258
120.7815792	31.5924249
120.7815803	31.5924241
120.7815814	31.5924233
120.7815825	31.5924225
120.7815836	31.5924217
120.7815847	31.5924209
120.7815857	31.5924201
120.7815868	31.5924194
120.7815878	31.5924186
120.7815889	31.5924178
120.7815899	31.5924171
120.7815909	31.5924163
120.7815919	31.5924155
120.7815929	31.5924148
120.7815940	31.5924140
120.7815950	31.5924132
120.7815960	31.5924125
120.7815970	31.5924118
120.7815980	31.5924110
120.7815990	31.5924103
120.7816000	31.5924095
120.7816010	31.5924088
120.7816020	31.5924081
120.7816029	31.5924074
120.7816039	31.5924067
120.7816049	31.5924060
120.7816058	31.5924053
120.7816068	31.5924045
120.7816077	31.5924038
120.7816086	31.5924031
120.7816096	31.5924025
120.7816105	31.5924018
120.7816114	31.5924011
120.7816123	31.5924004
120.7816132	31.5923997
120.7816141	31.5923991
120.7816150	31.5923984
120.7816158	31.5923977
120.7816167	31.5923970
120.7816176	31.5923964
120.7816184	31.5923957
120.7816193	31.5923951
120.7816201	31.5923944
120.7816209	31.5923938
120.7816218	31.5923932
120.7816226	31.5923925
120.7816234	31.5923919
120.7816243	31.5923913
120.7816251	31.5923906
120.7816259	31.5923900
120.7816267	31.5923894
120.7816275	31.5923888
120.7816283	31.5923881
120.7816291	31.5923875
120.7816299	31.5923869
120.7816307	31.5923862
120.7816315	31.5923856
120.7816323	31.5923850
120.7816331	31.5923844
120.7816339	31.5923838
120.7816347	31.5923832
120.7816355	31.5923825
120.7816362	31.5923819
120.7816370	31.5923813
120.7816385	31.5923801
120.7816400	31.5923789
120.7816415	31.5923777
120.7816430	31.5923765
120.7816445	31.5923753
120.7816460	31.5923741
120.7816474	31.5923729
120.7816489	31.5923717
120.7816503	31.5923704
120.7816518	31.5923692
120.7816533	31.5923680
120.7816547	31.5923668
120.7816562	31.5923656
120.7816576	31.5923643
120.7816591	31.5923631
120.7816599	31.5923624
120.7816606	31.5923618
120.7816613	31.5923612
120.7816621	31.5923605
120.7816628	31.5923599
120.7816636	31.5923593
120.7816643	31.5923586
120.7816651	31.5923580
120.7816658	31.5923573
120.7816666	31.5923567
120.7816674	31.5923560
120.7816681	31.5923554
120.7816689	31.5923547
120.7816696	31.5923541
120.7816704	31.5923534
120.7816711	31.5923527
120.7816719	31.5923521
120.7816726	31.5923514
120.7816734	31.5923507
120.7816741	31.5923500
120.7816748	31.5923494
120.7816756	31.5923487
120.7816763	31.5923480
120.7816771	31.5923473
120.7816778	31.5923466
120.7816785	31.5923459
120.7816793	31.5923452
120.7816800	31.5923445
120.7816807	31.5923438
120.7816815	31.5923431
120.7816822	31.5923424
120.7816829	31.5923417
120.7816836	31.5923410
120.7816843	31.5923403
120.7816850	31.5923396
120.7816857	31.5923388
120.7816864	31.5923381
120.7816871	31.5923374
120.7816878	31.5923366
120.7816884	31.5923359
120.7816891	31.5923351
120.7816897	31.5923344
120.7816903	31.5923336
120.7816910	31.5923329
120.7816916	31.5923321
120.7816922	31.5923313
120.7816928	31.5923306
120.7816934	31.5923298
120.7816941	31.5923290
120.7816947	31.5923282
120.7816952	31.5923275
120.7816958	31.5923267
120.7816964	31.5923259
120.7816970	31.5923251
120.7816975	31.5923243
120.7816981	31.5923235
120.7816987	31.5923227
120.7816992	31.5923219
120.7816997	31.5923211
120.7817002	31.5923202
120.7817007	31.5923194
120.7817012	31.5923186
120.7817017	31.5923178
120.7817022	31.5923169
120.7817026	31.5923161
120.7817031	31.5923153
120.7817035	31.5923144
120.7817040	31.5923136
120.7817044	31.5923128
120.7817048	31.5923119
120.7817052	31.5923111
120.7817056	31.5923102
120.7817060	31.5923094
120.7817064	31.5923085
120.7817068	31.5923077
120.7817072	31.5923069
120.7817075	31.5923060
120.7817079	31.5923052
120.7817082	31.5923044
120.7817085	31.5923036
120.7817088	31.5923028
120.7817093	31.5923012
120.7817099	31.5922997
120.7817104	31.5922981
120.7817108	31.5922966
120.7817113	31.5922950
120.7817117	31.5922935
120.7817121	31.5922919
120.7817125	31.5922903
120.7817129	31.5922888
120.7817133	31.5922873
120.7817136	31.5922858
120.7817140	31.5922843
120.7817144	31.5922828
120.7817147	31.5922814
120.7817150	31.5922800
120.7817152	31.5922786
120.7817154	31.5922772
120.7817156	31.5922758
120.7817158	31.5922745
120.7817160	31.5922731
120.7817162	31.5922716
120.7817164	31.5922701
120.7817165	31.5922686
120.7817167	31.5922670
120.7817168	31.5922653
120.7817170	31.5922637
120.7817170	31.5922620
120.7817171	31.5922604
120.7817172	31.5922587
120.7817173	31.5922571
120.7817174	31.5922554
120.7817174	31.5922538
120.7817175	31.5922521
120.7817175	31.5922505
120.7817176	31.5922488
120.7817177	31.5922472
120.7817178	31.5922455
120.7817178	31.5922439
120.7817180	31.5922423
120.7817183	31.5922406
120.7817186	31.5922390
120.7817189	31.5922375
120.7817191	31.5922361
120.7817194	31.5922347
120.7817196	31.5922334
120.7817199	31.5922322
120.7817201	31.5922311
120.7817204	31.5922300
120.7817207	31.5922290
120.7817209	31.5922280
120.7817211	31.5922271
120.7817214	31.5922259
120.7817218	31.5922249
120.7817221	31.5922239
120.7817226	31.5922230
120.7817228	31.5922220
120.7817230	31.5922211
120.7817230	31.5922200
120.7817231	31.5922191
120.7817232	31.5922180
120.7817233	31.5922170
120.7817235	31.5922160
120.7817237	31.5922150
120.7817240	31.5922139
120.7817243	31.5922127
120.7817246	31.5922114
120.7817249	31.5922101
120.7817251	31.5922091
120.7817253	31.5922082
120.7817255	31.5922071
120.7817257	31.5922061
120.7817259	31.5922050
120.7817262	31.5922040
120.7817265	31.5922028
120.7817267	31.5922017
120.7817270	31.5922005
120.7817274	31.5921993
120.7817277	31.5921981
120.7817281	31.5921968
120.7817284	31.5921955
120.7817286	31.5921943
120.7817288	31.5921932
120.7817289	31.5921922
120.7817292	31.5921908
120.7817294	31.5921898
120.7817295	31.5921888
120.7817296	31.5921879
