120.7732022	31.5907118
120.7732042	31.5907099
120.7732061	31.5907080
120.7732080	31.5907061
120.7732100	31.5907042
120.7732119	31.5907023
120.7732138	31.5907004
120.7732157	31.5906985
120.7732176	31.5906966
120.7732195	31.5906948
120.7732214	31.5906929
120.7732233	31.5906910
120.7732252	31.5906891
120.7732271	31.5906873
120.7732290	31.5906854
120.7732308	31.5906836
120.7732327	31.5906817
120.7732346	31.5906798
120.7732365	31.5906780
120.7732383	31.5906761
120.7732402	31.5906743
120.7732421	31.5906725
120.7732439	31.5906706
120.7732458	31.5906688
120.7732477	31.5906669
120.7732495	31.5906651
120.7732513	31.5906633
120.7732532	31.5906615
120.7732550	31.5906597
120.7732569	31.5906579
120.7732587	31.5906561
120.7732606	31.5906543
120.7732624	31.5906525
120.7732642	31.5906507
120.7732660	31.5906489
120.7732679	31.5906471
120.7732697	31.5906453
120.7732715	31.5906435
120.7732733	31.5906418
120.7732751	31.5906400
120.7732769	31.5906382
120.7732787	31.5906365
120.7732805	31.5906347
120.7732823	31.5906330
120.7732841	31.5906312
120.7732859	31.5906294
120.7732877	31.5906277
120.7732895	31.5906260
120.7732913	31.5906242
120.7732931	31.5906225
120.7732948	31.5906207
120.7732966	31.5906190
120.7732984	31.5906172
120.7733002	31.5906155
120.7733019	31.5906137
120.7733037	31.5906120
120.7733055	31.5906103
120.7733072	31.5906085
120.7733090	31.5906068
120.7733107	31.5906051
120.7733125	31.5906033
120.7733142	31.5906016
120.7733160	31.5905999
120.7733177	31.5905982
120.7733194	31.5905965
120.7733211	31.5905948
120.7733229	31.5905930
120.7733246	31.5905913
120.7733263	31.5905897
120.7733280	31.5905880
120.7733297	31.5905863
120.7733314	31.5905846
120.7733330	31.5905830
120.7733347	31.5905813
120.7733364	31.5905796
120.7733381	31.5905779
120.7733398	31.5905762
120.7733414	31.5905746
120.7733431	31.5905729
120.7733448	31.5905712
120.7733465	31.5905695
120.7733482	31.5905678
120.7733498	31.5905661
120.7733515	31.5905644
120.7733532	31.5905628
120.7733549	31.5905611
120.7733566	31.5905594
120.7733583	31.5905577
120.7733600	31.5905560
120.7733617	31.5905543
120.7733634	31.5905526
120.7733651	31.5905509
120.7733668	31.5905492
120.7733685	31.5905474
120.7733702	31.5905457
120.7733719	31.5905440
120.7733736	31.5905423
120.7733754	31.5905406
120.7733771	31.5905388
120.7733788	31.5905371
120.7733805	31.5905354
120.7733822	31.5905337
120.7733840	31.5905319
120.7733857	31.5905302
120.7733874	31.5905285
120.7733892	31.5905267
120.7733909	31.5905250
120.7733927	31.5905232
120.7733944	31.5905215
120.7733961	31.5905197
120.7733979	31.5905179
120.7733996	31.5905161
120.7734014	31.5905144
120.7734032	31.5905126
120.7734049	31.5905108
120.7734067	31.5905090
120.7734085	31.5905072
120.7734102	31.5905054
120.7734120	31.5905036
120.7734138	31.5905018
120.7734156	31.5905000
120.7734174	31.5904981
120.7734192	31.5904963
120.7734210	31.5904945
120.7734228	31.5904926
120.7734246	31.5904908
120.7734265	31.5904889
120.7734283	31.5904871
120.7734301	31.5904852
120.7734320	31.5904834
120.7734338	31.5904815
120.7734357	31.5904796
120.7734375	31.5904778
120.7734394	31.5904759
120.7734413	31.5904740
120.7734431	31.5904722
120.7734450	31.5904703
120.7734469	31.5904684
120.7734488	31.5904665
120.7734507	31.5904646
120.7734526	31.5904627
120.7734545	31.5904608
120.7734565	31.5904589
120.7734584	31.5904570
120.7734603	31.5904550
120.7734623	31.5904531
120.7734642	31.5904512
120.7734662	31.5904492
120.7734682	31.5904473
120.7734702	31.5904453
120.7734722	31.5904433
120.7734742	31.5904414
120.7734762	31.5904394
120.7734782	31.5904374
120.7734802	31.5904354
120.7734822	31.5904334
120.7734843	31.5904314
120.7734863	31.5904294
120.7734884	31.5904274
120.7734904	31.5904254
120.7734925	31.5904234
120.7734946	31.5904214
120.7734966	31.5904194
120.7734987	31.5904173
120.7735008	31.5904153
120.7735029	31.5904133
120.7735050	31.5904113
120.7735071	31.5904092
120.7735092	31.5904072
120.7735113	31.5904051
120.7735134	31.5904031
120.7735155	31.5904010
120.7735177	31.5903990
120.7735198	31.5903969
120.7735219	31.5903949
120.7735240	31.5903928
120.7735262	31.5903908
120.7735283	31.5903887
120.7735305	31.5903866
120.7735326	31.5903846
120.7735348	31.5903825
120.7735369	31.5903804
120.7735391	31.5903783
120.7735413	31.5903762
120.7735434	31.5903742
120.7735456	31.5903721
120.7735478	31.5903700
120.7735500	31.5903679
120.7735521	31.5903658
120.7735543	31.5903637
120.7735565	31.5903615
120.7735587	31.5903594
120.7735609	31.5903573
120.7735631	31.5903551
120.7735652	31.5903530
120.7735675	31.5903509
120.7735697	31.5903487
120.7735719	31.5903466
120.7735741	31.5903444
120.7735763	31.5903423
120.7735785	31.5903401
120.7735807	31.5903380
120.7735829	31.5903358
120.7735852	31.5903337
120.7735874	31.5903315
120.7735896	31.5903293
120.7735919	31.5903272
120.7735941	31.5903250
120.7735964	31.5903228
120.7735986	31.5903206
120.7736009	31.5903185
120.7736032	31.5903163
120.7736054	31.5903141
120.7736077	31.5903119
120.7736100	31.5903097
120.7736122	31.5903075
120.7736145	31.5903053
120.7736168	31.5903031
120.7736191	31.5903009
120.7736214	31.5902987
120.7736237	31.5902965
120.7736260	31.5902943
120.7736283	31.5902920
120.7736306	31.5902898
120.7736329	31.5902876
120.7736352	31.5902854
120.7736375	31.5902831
120.7736398	31.5902809
120.7736422	31.5902787
120.7736445	31.5902764
120.7736468	31.5902742
120.7736491	31.5902719
120.7736515	31.5902697
120.7736538	31.5902674
120.7736561	31.5902652
120.7736585	31.5902629
120.7736608	31.5902606
120.7736632	31.5902584
120.7736655	31.5902561
120.7736679	31.5902538
120.7736702	31.5902516
120.7736726	31.5902493
120.7736750	31.5902470
120.7736773	31.5902447
120.7736797	31.5902424
120.7736821	31.5902401
120.7736845	31.5902379
120.7736869	31.5902356
120.7736892	31.5902333
120.7736916	31.5902310
120.7736940	31.5902287
120.7736964	31.5902264
120.7736988	31.5902241
120.7737012	31.5902218
120.7737036	31.5902195
120.7737060	31.5902172
120.7737084	31.5902149
120.7737109	31.5902126
120.7737133	31.5902102
120.7737157	31.5902079
120.7737181	31.5902056
120.7737205	31.5902033
120.7737229	31.5902010
120.7737254	31.5901986
120.7737278	31.5901963
120.7737302	31.5901940
120.7737327	31.5901917
120.7737351	31.5901893
120.7737375	31.5901870
120.7737400	31.5901846
120.7737424	31.5901823
120.7737448	31.5901799
120.7737473	31.5901776
120.7737497	31.5901752
120.7737521	31.5901729
120.7737546	31.5901705
120.7737570	31.5901681
120.7737595	31.5901658
120.7737619	31.5901634
120.7737643	31.5901610
120.7737668	31.5901587
120.7737692	31.5901563
120.7737717	31.5901539
120.7737741	31.5901515
120.7737765	31.5901491
120.7737790	31.5901467
120.7737814	31.5901443
120.7737838	31.5901419
120.7737863	31.5901395
120.7737887	31.5901371
120.7737911	31.5901347
120.7737935	31.5901322
120.7737960	31.5901298
120.7737984	31.5901274
120.7738008	31.5901250
120.7738032	31.5901225
120.7738056	31.5901201
120.7738081	31.5901176
120.7738105	31.5901152
120.7738129	31.5901127
120.7738153	31.5901103
120.7738177	31.5901078
120.7738202	31.5901054
120.7738226	31.5901029
120.7738250	31.5901005
120.7738274	31.5900980
120.7738299	31.5900955
120.7738323	31.5900931
120.7738348	31.5900906
120.7738372	31.5900882
120.7738397	31.5900857
120.7738421	31.5900832
120.7738446	31.5900808
120.7738471	31.5900783
120.7738495	31.5900758
120.7738520	31.5900734
120.7738545	31.5900709
120.7738569	31.5900684
120.7738594	31.5900660
120.7738619	31.5900635
120.7738644	31.5900610
120.7738669	31.5900585
120.7738694	31.5900560
120.7738719	31.5900536
120.7738744	31.5900511
120.7738769	31.5900486
120.7738794	31.5900461
120.7738819	31.5900436
120.7738844	31.5900411
120.7738869	31.5900386
120.7738894	31.5900361
120.7738920	31.5900336
120.7738945	31.5900311
120.7738971	31.5900286
120.7738996	31.5900261
120.7739022	31.5900236
120.7739047	31.5900211
120.7739073	31.5900185
120.7739098	31.5900160
120.7739124	31.5900135
120.7739149	31.5900110
120.7739175	31.5900085
120.7739201	31.5900059
120.7739226	31.5900034
120.7739252	31.5900009
120.7739278	31.5899983
120.7739304	31.5899958
120.7739329	31.5899933
120.7739355	31.5899907
120.7739381	31.5899882
120.7739407	31.5899856
120.7739433	31.5899831
120.7739459	31.5899805
120.7739484	31.5899780
120.7739510	31.5899754
120.7739536	31.5899728
120.7739562	31.5899703
120.7739588	31.5899677
120.7739614	31.5899652
120.7739641	31.5899626
120.7739667	31.5899600
120.7739693	31.5899575
120.7739719	31.5899549
120.7739745	31.5899523
120.7739771	31.5899498
120.7739798	31.5899472
120.7739824	31.5899446
120.7739850	31.5899420
120.7739877	31.5899394
120.7739903	31.5899369
120.7739929	31.5899343
120.7739955	31.5899317
120.7739982	31.5899291
120.7740008	31.5899265
120.7740034	31.5899238
120.7740061	31.5899212
120.7740087	31.5899186
120.7740114	31.5899160
120.7740140	31.5899134
120.7740166	31.5899108
120.7740193	31.5899081
120.7740219	31.5899055
120.7740246	31.5899029
120.7740272	31.5899003
120.7740299	31.5898976
120.7740325	31.5898950
120.7740352	31.5898923
120.7740378	31.5898897
120.7740405	31.5898871
120.7740432	31.5898844
120.7740458	31.5898818
120.7740485	31.5898792
120.7740511	31.5898765
120.7740538	31.5898739
120.7740564	31.5898712
120.7740591	31.5898685
120.7740618	31.5898659
120.7740644	31.5898632
120.7740671	31.5898606
120.7740698	31.5898579
120.7740725	31.5898553
120.7740751	31.5898526
120.7740778	31.5898499
120.7740805	31.5898473
120.7740832	31.5898446
120.7740859	31.5898419
120.7740886	31.5898392
120.7740913	31.5898366
120.7740940	31.5898339
120.7740967	31.5898312
120.7740994	31.5898285
120.7741021	31.5898258
120.7741048	31.5898231
120.7741075	31.5898205
120.7741102	31.5898178
120.7741129	31.5898151
120.7741157	31.5898124
120.7741184	31.5898097
120.7741211	31.5898070
120.7741238	31.5898043
120.7741265	31.5898016
120.7741293	31.5897989
120.7741320	31.5897962
120.7741347	31.5897934
120.7741375	31.5897907
120.7741402	31.5897880
120.7741429	31.5897853
120.7741457	31.5897826
120.7741484	31.5897798
120.7741512	31.5897771
120.7741539	31.5897744
120.7741566	31.5897716
120.7741594	31.5897689
120.7741621	31.5897661
120.7741649	31.5897634
120.7741676	31.5897606
120.7741704	31.5897578
120.7741732	31.5897551
120.7741759	31.5897523
120.7741787	31.5897496
120.7741814	31.5897468
120.7741842	31.5897440
120.7741870	31.5897412
120.7741898	31.5897384
120.7741925	31.5897357
120.7741953	31.5897329
120.7741981	31.5897301
120.7742009	31.5897273
120.7742037	31.5897245
120.7742065	31.5897217
120.7742094	31.5897189
120.7742122	31.5897162
120.7742150	31.5897134
120.7742178	31.5897106
120.7742207	31.5897078
120.7742235	31.5897050
120.7742263	31.5897021
120.7742292	31.5896993
120.7742320	31.5896965
120.7742349	31.5896937
120.7742377	31.5896909
120.7742406	31.5896881
120.7742434	31.5896853
120.7742463	31.5896824
120.7742491	31.5896796
120.7742520	31.5896768
120.7742549	31.5896739
120.7742578	31.5896711
120.7742606	31.5896683
120.7742635	31.5896654
120.7742664	31.5896626
120.7742692	31.5896598
120.7742721	31.5896569
120.7742750	31.5896541
120.7742779	31.5896512
120.7742808	31.5896484
120.7742837	31.5896455
120.7742865	31.5896427
120.7742894	31.5896398
120.7742923	31.5896369
120.7742952	31.5896341
120.7742981	31.5896312
120.7743010	31.5896283
120.7743039	31.5896255
120.7743068	31.5896226
120.7743097	31.5896197
120.7743126	31.5896168
120.7743155	31.5896140
120.7743185	31.5896111
120.7743214	31.5896082
120.7743243	31.5896053
120.7743273	31.5896024
120.7743302	31.5895995
120.7743332	31.5895966
120.7743361	31.5895937
120.7743390	31.5895908
120.7743420	31.5895879
120.7743450	31.5895849
120.7743479	31.5895820
120.7743509	31.5895791
120.7743538	31.5895762
120.7743568	31.5895733
120.7743598	31.5895704
120.7743628	31.5895674
120.7743657	31.5895645
120.7743687	31.5895616
120.7743717	31.5895587
120.7743747	31.5895557
120.7743777	31.5895528
120.7743807	31.5895499
120.7743837	31.5895469
120.7743867	31.5895440
120.7743897	31.5895411
120.7743927	31.5895381
120.7743958	31.5895352
120.7743988	31.5895322
120.7744018	31.5895293
120.7744048	31.5895263
120.7744078	31.5895234
120.7744109	31.5895204
120.7744139	31.5895175
120.7744169	31.5895145
120.7744200	31.5895115
120.7744230	31.5895085
120.7744260	31.5895056
120.7744291	31.5895026
120.7744321	31.5894996
120.7744351	31.5894966
120.7744382	31.5894936
120.7744412	31.5894906
120.7744442	31.5894876
120.7744472	31.5894846
120.7744502	31.5894816
120.7744532	31.5894786
120.7744562	31.5894756
120.7744592	31.5894726
120.7744622	31.5894695
120.7744652	31.5894665
120.7744682	31.5894635
120.7744713	31.5894604
120.7744743	31.5894574
120.7744773	31.5894544
120.7744803	31.5894513
120.7744833	31.5894483
120.7744863	31.5894453
120.7744894	31.5894422
120.7744924	31.5894392
120.7744954	31.5894361
120.7744984	31.5894331
120.7745015	31.5894300
120.7745045	31.5894270
120.7745075	31.5894239
120.7745106	31.5894208
120.7745136	31.5894178
120.7745166	31.5894147
120.7745197	31.5894116
120.7745227	31.5894086
120.7745258	31.5894055
120.7745288	31.5894024
120.7745319	31.5893993
120.7745349	31.5893963
120.7745380	31.5893932
120.7745410	31.5893901
120.7745441	31.5893870
120.7745472	31.5893840
120.7745502	31.5893809
120.7745533	31.5893778
120.7745564	31.5893747
120.7745595	31.5893716
120.7745626	31.5893686
120.7745657	31.5893655
120.7745688	31.5893624
120.7745719	31.5893593
120.7745750	31.5893562
120.7745781	31.5893531
120.7745813	31.5893501
120.7745844	31.5893470
120.7745875	31.5893439
120.7745906	31.5893408
120.7745938	31.5893377
120.7745969	31.5893346
120.7746000	31.5893315
120.7746032	31.5893284
120.7746063	31.5893253
120.7746094	31.5893222
120.7746126	31.5893191
120.7746157	31.5893161
120.7746189	31.5893130
120.7746220	31.5893099
120.7746252	31.5893068
120.7746283	31.5893037
120.7746315	31.5893006
120.7746347	31.5892975
120.7746378	31.5892943
120.7746410	31.5892912
120.7746441	31.5892881
120.7746473	31.5892850
120.7746505	31.5892819
120.7746536	31.5892788
120.7746568	31.5892757
120.7746600	31.5892725
120.7746631	31.5892694
120.7746663	31.5892663
120.7746695	31.5892632
120.7746727	31.5892600
120.7746758	31.5892569
120.7746790	31.5892538
120.7746822	31.5892506
120.7746853	31.5892475
120.7746885	31.5892443
120.7746917	31.5892411
120.7746948	31.5892380
120.7746980	31.5892348
120.7747012	31.5892316
120.7747043	31.5892285
120.7747075	31.5892253
120.7747107	31.5892221
120.7747139	31.5892189
120.7747170	31.5892157
120.7747202	31.5892126
120.7747234	31.5892094
120.7747265	31.5892062
120.7747297	31.5892030
120.7747329	31.5891998
120.7747361	31.5891966
120.7747392	31.5891934
120.7747424	31.5891902
120.7747456	31.5891870
120.7747488	31.5891838
120.7747520	31.5891806
120.7747552	31.5891774
120.7747584	31.5891742
120.7747616	31.5891710
120.7747648	31.5891678
120.7747679	31.5891645
120.7747711	31.5891613
120.7747743	31.5891581
120.7747775	31.5891549
120.7747807	31.5891517
120.7747839	31.5891485
120.7747871	31.5891452
120.7747904	31.5891420
120.7747936	31.5891388
120.7747968	31.5891356
120.7748000	31.5891324
120.7748032	31.5891291
120.7748064	31.5891259
120.7748096	31.5891227
120.7748129	31.5891195
120.7748161	31.5891162
120.7748193	31.5891130
120.7748225	31.5891097
120.7748258	31.5891065
120.7748290	31.5891033
120.7748322	31.5891000
120.7748355	31.5890968
120.7748387	31.5890936
120.7748420	31.5890903
120.7748452	31.5890871
120.7748485	31.5890838
120.7748517	31.5890806
120.7748550	31.5890773
120.7748582	31.5890741
120.7748615	31.5890708
120.7748647	31.5890676
120.7748680	31.5890643
120.7748713	31.5890611
120.7748745	31.5890578
120.7748778	31.5890546
120.7748811	31.5890513
120.7748843	31.5890481
120.7748876	31.5890448
120.7748909	31.5890416
120.7748941	31.5890383
120.7748974	31.5890351
120.7749007	31.5890318
120.7749040	31.5890286
120.7749073	31.5890253
120.7749105	31.5890221
120.7749138	31.5890188
120.7749171	31.5890155
120.7749204	31.5890123
120.7749237	31.5890090
120.7749270	31.5890058
120.7749303	31.5890025
120.7749336	31.5889992
120.7749369	31.5889960
120.7749402	31.5889927
120.7749435	31.5889894
120.7749468	31.5889862
120.7749502	31.5889829
120.7749535	31.5889797
120.7749568	31.5889764
120.7749601	31.5889732
120.7749635	31.5889699
120.7749668	31.5889666
120.7749701	31.5889634
120.7749734	31.5889601
120.7749768	31.5889568
120.7749801	31.5889536
120.7749835	31.5889503
120.7749868	31.5889470
120.7749901	31.5889438
120.7749935	31.5889405
120.7749968	31.5889372
120.7750002	31.5889339
120.7750035	31.5889307
120.7750069	31.5889274
120.7750102	31.5889241
120.7750135	31.5889208
120.7750169	31.5889175
120.7750202	31.5889142
120.7750235	31.5889109
120.7750269	31.5889076
120.7750302	31.5889043
120.7750335	31.5889010
120.7750369	31.5888977
120.7750402	31.5888944
120.7750435	31.5888911
120.7750469	31.5888878
120.7750502	31.5888845
120.7750536	31.5888812
120.7750569	31.5888778
120.7750603	31.5888745
120.7750636	31.5888712
120.7750670	31.5888679
120.7750703	31.5888646
120.7750737	31.5888612
120.7750770	31.5888579
120.7750804	31.5888546
120.7750838	31.5888513
120.7750872	31.5888480
120.7750906	31.5888447
120.7750940	31.5888413
120.7750974	31.5888380
120.7751008	31.5888347
120.7751042	31.5888314
120.7751075	31.5888281
120.7751109	31.5888247
120.7751143	31.5888214
120.7751177	31.5888181
120.7751211	31.5888147
120.7751245	31.5888114
120.7751279	31.5888081
120.7751313	31.5888047
120.7751347	31.5888014
120.7751381	31.5887981
120.7751415	31.5887947
120.7751448	31.5887914
120.7751482	31.5887880
120.7751516	31.5887846
120.7751550	31.5887813
120.7751583	31.5887779
120.7751617	31.5887746
120.7751651	31.5887712
120.7751684	31.5887678
120.7751718	31.5887645
120.7751752	31.5887611
120.7751786	31.5887577
120.7751820	31.5887544
120.7751853	31.5887510
120.7751887	31.5887476
120.7751921	31.5887442
120.7751955	31.5887409
120.7751989	31.5887375
120.7752022	31.5887341
120.7752056	31.5887307
120.7752090	31.5887273
120.7752124	31.5887240
120.7752158	31.5887206
120.7752192	31.5887172
120.7752225	31.5887138
120.7752259	31.5887105
120.7752293	31.5887071
120.7752326	31.5887037
120.7752360	31.5887004
120.7752393	31.5886970
120.7752427	31.5886937
120.7752460	31.5886903
120.7752493	31.5886870
120.7752527	31.5886836
120.7752560	31.5886803
120.7752593	31.5886769
120.7752626	31.5886736
120.7752659	31.5886703
120.7752692	31.5886670
120.7752725	31.5886636
120.7752758	31.5886603
120.7752791	31.5886570
120.7752824	31.5886537
120.7752857	31.5886504
120.7752890	31.5886471
120.7752923	31.5886439
120.7752956	31.5886406
120.7752989	31.5886373
120.7753022	31.5886341
120.7753054	31.5886308
120.7753087	31.5886275
120.7753120	31.5886243
120.7753152	31.5886210
120.7753185	31.5886178
120.7753217	31.5886145
120.7753250	31.5886113
120.7753282	31.5886081
120.7753315	31.5886048
120.7753347	31.5886016
120.7753379	31.5885984
120.7753412	31.5885951
120.7753444	31.5885919
120.7753476	31.5885887
120.7753508	31.5885854
120.7753540	31.5885822
120.7753572	31.5885790
120.7753604	31.5885758
120.7753636	31.5885726
120.7753668	31.5885694
120.7753700	31.5885662
120.7753732	31.5885630
120.7753764	31.5885598
120.7753796	31.5885566
120.7753827	31.5885534
120.7753859	31.5885502
120.7753891	31.5885470
120.7753922	31.5885438
120.7753954	31.5885407
120.7753985	31.5885375
120.7754017	31.5885343
120.7754048	31.5885312
120.7754080	31.5885280
120.7754111	31.5885249
120.7754142	31.5885218
120.7754174	31.5885187
120.7754205	31.5885156
120.7754236	31.5885125
120.7754267	31.5885094
120.7754299	31.5885063
120.7754330	31.5885032
120.7754361	31.5885001
120.7754392	31.5884970
120.7754423	31.5884939
120.7754454	31.5884908
120.7754485	31.5884877
120.7754516	31.5884847
120.7754547	31.5884816
120.7754577	31.5884785
120.7754608	31.5884755
120.7754639	31.5884724
120.7754670	31.5884694
120.7754701	31.5884663
120.7754731	31.5884633
120.7754762	31.5884602
120.7754793	31.5884572
120.7754824	31.5884541
120.7754854	31.5884511
120.7754885	31.5884481
120.7754916	31.5884451
120.7754946	31.5884420
120.7754977	31.5884390
120.7755007	31.5884360
120.7755038	31.5884330
120.7755068	31.5884300
120.7755099	31.5884270
120.7755129	31.5884240
120.7755159	31.5884210
120.7755189	31.5884180
120.7755220	31.5884150
120.7755250	31.5884121
120.7755280	31.5884091
120.7755310	31.5884061
120.7755340	31.5884031
120.7755370	31.5884002
120.7755400	31.5883972
120.7755430	31.5883942
120.7755460	31.5883913
120.7755489	31.5883883
120.7755519	31.5883853
120.7755549	31.5883824
120.7755578	31.5883794
120.7755608	31.5883765
120.7755638	31.5883736
120.7755667	31.5883706
120.7755697	31.5883677
120.7755726	31.5883648
120.7755756	31.5883618
120.7755785	31.5883589
120.7755815	31.5883560
120.7755844	31.5883531
120.7755873	31.5883502
120.7755903	31.5883473
120.7755932	31.5883444
120.7755961	31.5883415
120.7755991	31.5883387
120.7756020	31.5883358
120.7756049	31.5883329
120.7756078	31.5883300
120.7756107	31.5883272
120.7756136	31.5883243
120.7756165	31.5883214
120.7756194	31.5883186
120.7756223	31.5883157
120.7756252	31.5883129
120.7756280	31.5883100
120.7756309	31.5883071
120.7756338	31.5883043
120.7756366	31.5883015
120.7756395	31.5882986
120.7756423	31.5882958
120.7756451	31.5882929
120.7756480	31.5882901
120.7756508	31.5882873
120.7756536	31.5882844
120.7756564	31.5882816
120.7756593	31.5882788
120.7756621	31.5882760
120.7756649	31.5882731
120.7756677	31.5882703
120.7756704	31.5882675
120.7756732	31.5882647
120.7756760	31.5882619
120.7756788	31.5882591
120.7756816	31.5882563
120.7756843	31.5882535
120.7756871	31.5882507
120.7756899	31.5882479
120.7756926	31.5882451
120.7756954	31.5882424
120.7756981	31.5882396
120.7757009	31.5882368
120.7757036	31.5882340
120.7757064	31.5882313
120.7757091	31.5882285
120.7757119	31.5882258
120.7757146	31.5882231
120.7757174	31.5882203
120.7757201	31.5882176
120.7757228	31.5882149
120.7757255	31.5882121
120.7757283	31.5882094
120.7757310	31.5882067
120.7757337	31.5882040
120.7757364	31.5882013
120.7757391	31.5881986
120.7757418	31.5881958
120.7757445	31.5881931
120.7757472	31.5881905
120.7757499	31.5881878
120.7757526	31.5881851
120.7757553	31.5881824
120.7757580	31.5881797
120.7757606	31.5881770
120.7757633	31.5881743
120.7757660	31.5881717
120.7757687	31.5881690
120.7757713	31.5881663
120.7757740	31.5881636
120.7757767	31.5881610
120.7757793	31.5881583
120.7757820	31.5881557
120.7757846	31.5881530
120.7757873	31.5881504
120.7757899	31.5881477
120.7757925	31.5881451
120.7757952	31.5881424
120.7757978	31.5881398
120.7758004	31.5881372
120.7758031	31.5881345
120.7758057	31.5881319
120.7758083	31.5881293
120.7758109	31.5881267
120.7758135	31.5881241
120.7758161	31.5881215
120.7758187	31.5881189
120.7758213	31.5881164
120.7758239	31.5881138
120.7758264	31.5881112
120.7758290	31.5881086
120.7758316	31.5881061
120.7758341	31.5881035
120.7758367	31.5881010
120.7758393	31.5880984
120.7758418	31.5880958
120.7758444	31.5880933
120.7758469	31.5880908
120.7758495	31.5880882
120.7758520	31.5880857
120.7758546	31.5880832
120.7758571	31.5880806
120.7758596	31.5880781
120.7758622	31.5880756
120.7758647	31.5880731
120.7758672	31.5880706
120.7758697	31.5880681
120.7758723	31.5880656
120.7758748	31.5880631
120.7758773	31.5880606
120.7758798	31.5880581
120.7758823	31.5880557
120.7758848	31.5880532
120.7758873	31.5880507
120.7758899	31.5880483
120.7758923	31.5880458
120.7758948	31.5880433
120.7758973	31.5880409
120.7758998	31.5880385
120.7759023	31.5880360
120.7759048	31.5880336
120.7759073	31.5880312
120.7759098	31.5880287
120.7759123	31.5880263
120.7759148	31.5880239
120.7759173	31.5880215
120.7759198	31.5880191
120.7759223	31.5880167
120.7759247	31.5880143
120.7759272	31.5880119
120.7759297	31.5880095
120.7759322	31.5880071
120.7759347	31.5880047
120.7759372	31.5880023
120.7759396	31.5879999
120.7759421	31.5879976
120.7759446	31.5879952
120.7759470	31.5879928
120.7759495	31.5879905
120.7759520	31.5879881
120.7759544	31.5879858
120.7759569	31.5879834
120.7759593	31.5879811
120.7759618	31.5879788
120.7759642	31.5879764
120.7759666	31.5879741
120.7759691	31.5879718
120.7759715	31.5879695
120.7759739	31.5879672
120.7759763	31.5879649
120.7759788	31.5879625
120.7759812	31.5879602
120.7759836	31.5879579
120.7759860	31.5879557
120.7759884	31.5879534
120.7759908	31.5879511
120.7759932	31.5879488
120.7759956	31.5879466
120.7759979	31.5879443
120.7760003	31.5879420
120.7760026	31.5879398
120.7760050	31.5879375
120.7760073	31.5879353
120.7760097	31.5879331
120.7760120	31.5879309
120.7760143	31.5879286
120.7760166	31.5879264
120.7760189	31.5879242
120.7760212	31.5879220
120.7760235	31.5879198
120.7760258	31.5879177
120.7760281	31.5879155
120.7760303	31.5879133
120.7760326	31.5879111
120.7760348	31.5879090
120.7760370	31.5879068
120.7760393	31.5879046
120.7760415	31.5879025
120.7760437	31.5879003
120.7760459	31.5878982
120.7760482	31.5878961
120.7760504	31.5878939
120.7760526	31.5878918
120.7760548	31.5878897
120.7760570	31.5878875
120.7760592	31.5878854
120.7760614	31.5878833
120.7760636	31.5878812
120.7760658	31.5878791
120.7760680	31.5878770
120.7760701	31.5878749
120.7760723	31.5878728
120.7760745	31.5878707
120.7760767	31.5878686
120.7760788	31.5878665
120.7760810	31.5878645
120.7760832	31.5878624
120.7760853	31.5878603
120.7760875	31.5878583
120.7760897	31.5878562
120.7760918	31.5878542
120.7760940	31.5878521
120.7760961	31.5878501
120.7760983	31.5878481
120.7761005	31.5878461
120.7761026	31.5878440
120.7761048	31.5878420
120.7761070	31.5878400
120.7761091	31.5878379
120.7761113	31.5878359
120.7761134	31.5878339
120.7761156	31.5878320
120.7761178	31.5878300
120.7761199	31.5878280
120.7761221	31.5878260
120.7761242	31.5878240
120.7761264	31.5878221
120.7761286	31.5878201
120.7761308	31.5878182
120.7761329	31.5878162
120.7761351	31.5878143
120.7761373	31.5878123
120.7761394	31.5878104
120.7761416	31.5878085
120.7761437	31.5878065
120.7761459	31.5878046
120.7761481	31.5878027
120.7761502	31.5878008
120.7761524	31.5877989
120.7761545	31.5877970
120.7761567	31.5877951
120.7761588	31.5877932
120.7761610	31.5877913
120.7761631	31.5877894
120.7761653	31.5877875
120.7761674	31.5877856
120.7761696	31.5877837
120.7761717	31.5877819
120.7761738	31.5877800
120.7761760	31.5877782
120.7761781	31.5877763
120.7761803	31.5877745
120.7761824	31.5877726
120.7761845	31.5877708
120.7761866	31.5877690
120.7761888	31.5877672
120.7761909	31.5877654
120.7761930	31.5877636
120.7761951	31.5877618
120.7761972	31.5877600
120.7761993	31.5877582
120.7762014	31.5877565
120.7762035	31.5877547
120.7762056	31.5877529
120.7762077	31.5877512
120.7762098	31.5877494
120.7762119	31.5877477
120.7762140	31.5877459
120.7762161	31.5877442
120.7762182	31.5877424
120.7762203	31.5877407
120.7762223	31.5877389
120.7762244	31.5877372
120.7762265	31.5877355
120.7762285	31.5877337
120.7762306	31.5877320
120.7762326	31.5877303
120.7762347	31.5877285
120.7762367	31.5877268
120.7762387	31.5877251
120.7762407	31.5877234
120.7762427	31.5877217
120.7762448	31.5877200
120.7762467	31.5877183
120.7762487	31.5877166
120.7762507	31.5877149
120.7762527	31.5877132
120.7762547	31.5877115
120.7762566	31.5877098
120.7762586	31.5877082
120.7762605	31.5877065
120.7762625	31.5877048
120.7762644	31.5877031
120.7762663	31.5877015
120.7762682	31.5876998
120.7762701	31.5876982
120.7762719	31.5876965
120.7762738	31.5876949
120.7762756	31.5876932
120.7762775	31.5876916
120.7762793	31.5876900
120.7762811	31.5876883
120.7762829	31.5876867
120.7762847	31.5876851
120.7762865	31.5876835
120.7762882	31.5876819
120.7762900	31.5876803
120.7762918	31.5876787
120.7762935	31.5876771
120.7762953	31.5876755
120.7762970	31.5876739
120.7762987	31.5876723
120.7763004	31.5876708
120.7763021	31.5876692
120.7763038	31.5876676
120.7763054	31.5876660
120.7763071	31.5876644
120.7763088	31.5876629
120.7763104	31.5876613
120.7763121	31.5876598
120.7763137	31.5876582
120.7763153	31.5876567
120.7763170	31.5876551
120.7763186	31.5876536
120.7763202	31.5876521
120.7763217	31.5876505
120.7763233	31.5876490
120.7763249	31.5876475
120.7763264	31.5876460
120.7763280	31.5876445
120.7763295	31.5876430
120.7763310	31.5876416
120.7763326	31.5876401
120.7763341	31.5876386
120.7763355	31.5876372
120.7763370	31.5876358
120.7763385	31.5876344
120.7763400	31.5876330
120.7763414	31.5876316
120.7763429	31.5876302
120.7763443	31.5876288
120.7763457	31.5876274
120.7763471	31.5876261
120.7763485	31.5876247
120.7763499	31.5876234
120.7763513	31.5876220
120.7763527	31.5876207
120.7763540	31.5876194
120.7763554	31.5876181
120.7763567	31.5876168
120.7763580	31.5876155
120.7763593	31.5876142
120.7763607	31.5876129
120.7763620	31.5876117
120.7763633	31.5876104
120.7763646	31.5876092
120.7763658	31.5876080
120.7763671	31.5876067
120.7763684	31.5876055
120.7763697	31.5876043
120.7763710	31.5876031
120.7763722	31.5876018
120.7763735	31.5876006
120.7763747	31.5875994
120.7763760	31.5875982
120.7763772	31.5875970
120.7763785	31.5875958
120.7763797	31.5875946
120.7763809	31.5875934
120.7763821	31.5875923
120.7763834	31.5875911
120.7763846	31.5875899
120.7763858	31.5875888
120.7763870	31.5875877
120.7763881	31.5875865
120.7763893	31.5875854
120.7763904	31.5875843
120.7763916	31.5875832
120.7763927	31.5875821
120.7763938	31.5875810
120.7763949	31.5875799
120.7763961	31.5875788
120.7763971	31.5875778
120.7763982	31.5875767
120.7763993	31.5875757
120.7764004	31.5875746
120.7764014	31.5875736
120.7764025	31.5875726
120.7764035	31.5875716
120.7764045	31.5875706
120.7764056	31.5875696
120.7764066	31.5875686
120.7764075	31.5875677
120.7764085	31.5875667
120.7764095	31.5875657
120.7764105	31.5875648
120.7764115	31.5875639
120.7764125	31.5875629
120.7764134	31.5875620
120.7764144	31.5875611
120.7764153	31.5875602
120.7764163	31.5875593
120.7764172	31.5875584
120.7764181	31.5875575
120.7764190	31.5875567
120.7764199	31.5875558
120.7764208	31.5875549
120.7764217	31.5875541
120.7764225	31.5875533
120.7764234	31.5875524
120.7764243	31.5875516
120.7764251	31.5875508
120.7764260	31.5875499
120.7764268	31.5875491
120.7764277	31.5875483
120.7764285	31.5875475
120.7764293	31.5875467
120.7764301	31.5875459
120.7764309	31.5875451
120.7764318	31.5875443
120.7764326	31.5875435
120.7764334	31.5875428
120.7764342	31.5875420
120.7764350	31.5875412
120.7764358	31.5875404
120.7764366	31.5875397
120.7764373	31.5875389
120.7764381	31.5875381
120.7764389	31.5875374
120.7764397	31.5875366
120.7764404	31.5875359
120.7764412	31.5875352
120.7764419	31.5875344
120.7764427	31.5875337
120.7764434	31.5875330
120.7764441	31.5875323
120.7764448	31.5875315
120.7764455	31.5875308
120.7764462	31.5875301
120.7764469	31.5875294
120.7764475	31.5875287
120.7764482	31.5875280
120.7764489	31.5875273
120.7764502	31.5875260
120.7764515	31.5875246
120.7764528	31.5875233
120.7764541	31.5875220
120.7764553	31.5875207
120.7764565	31.5875195
120.7764577	31.5875182
120.7764589	31.5875170
120.7764601	31.5875158
120.7764612	31.5875146
120.7764623	31.5875134
120.7764634	31.5875123
120.7764645	31.5875112
120.7764655	31.5875101
120.7764665	31.5875090
120.7764675	31.5875080
120.7764685	31.5875070
120.7764695	31.5875060
120.7764704	31.5875050
120.7764713	31.5875040
120.7764722	31.5875031
120.7764731	31.5875022
120.7764739	31.5875013
120.7764748	31.5875004
120.7764757	31.5874995
120.7764765	31.5874985
120.7764774	31.5874976
120.7764783	31.5874966
120.7764792	31.5874957
120.7764801	31.5874947
120.7764810	31.5874938
120.7764819	31.5874929
120.7764827	31.5874920
120.7764835	31.5874912
120.7764842	31.5874905
120.7764848	31.5874898
120.7764857	31.5874888
120.7764865	31.5874880
120.7764872	31.5874871
120.7764880	31.5874865
120.7764888	31.5874858
120.7764896	31.5874849
120.7764904	31.5874841
120.7764914	31.5874831
120.7764922	31.5874824
120.7764930	31.5874815
120.7764939	31.5874806
120.7764949	31.5874797
120.7764960	31.5874786
120.7764972	31.5874775
120.7764984	31.5874763
120.7764997	31.5874750
120.7765010	31.5874737
120.7765018	31.5874730
120.7765025	31.5874723
120.7765032	31.5874716
120.7765040	31.5874709
120.7765047	31.5874701
120.7765055	31.5874693
120.7765063	31.5874686
120.7765071	31.5874677
120.7765079	31.5874669
120.7765088	31.5874661
120.7765096	31.5874652
120.7765104	31.5874644
120.7765113	31.5874635
120.7765122	31.5874626
120.7765131	31.5874617
120.7765140	31.5874608
120.7765149	31.5874599
120.7765158	31.5874590
120.7765168	31.5874580
120.7765177	31.5874571
120.7765187	31.5874561
120.7765197	31.5874552
120.7765207	31.5874542
120.7765217	31.5874532
120.7765227	31.5874522
120.7765237	31.5874512
120.7765248	31.5874502
120.7765259	31.5874491
120.7765269	31.5874481
120.7765280	31.5874470
120.7765291	31.5874460
120.7765302	31.5874449
120.7765314	31.5874438
120.7765325	31.5874427
120.7765336	31.5874416
120.7765348	31.5874405
120.7765359	31.5874394
120.7765371	31.5874383
120.7765383	31.5874372
120.7765395	31.5874360
120.7765407	31.5874349
120.7765419	31.5874338
120.7765431	31.5874326
120.7765443	31.5874315
120.7765455	31.5874303
120.7765467	31.5874292
120.7765479	31.5874280
120.7765492	31.5874268
120.7765504	31.5874256
120.7765516	31.5874244
120.7765529	31.5874232
120.7765541	31.5874220
120.7765554	31.5874208
120.7765567	31.5874196
120.7765579	31.5874184
120.7765592	31.5874172
120.7765605	31.5874159
120.7765618	31.5874147
120.7765631	31.5874135
120.7765643	31.5874123
120.7765656	31.5874111
120.7765669	31.5874099
120.7765682	31.5874086
120.7765695	31.5874074
120.7765708	31.5874062
120.7765721	31.5874049
120.7765735	31.5874037
120.7765748	31.5874024
120.7765762	31.5874012
120.7765776	31.5873999
120.7765790	31.5873987
120.7765804	31.5873974
120.7765818	31.5873962
120.7765832	31.5873949
120.7765846	31.5873937
120.7765861	31.5873924
120.7765875	31.5873912
120.7765890	31.5873899
120.7765905	31.5873886
120.7765919	31.5873874
120.7765934	31.5873861
120.7765950	31.5873849
120.7765965	31.5873836
120.7765980	31.5873824
120.7765996	31.5873811
120.7766012	31.5873799
120.7766028	31.5873787
120.7766044	31.5873775
120.7766061	31.5873763
120.7766078	31.5873751
120.7766094	31.5873739
120.7766111	31.5873727
120.7766128	31.5873715
120.7766146	31.5873703
120.7766163	31.5873692
120.7766181	31.5873680
120.7766198	31.5873668
120.7766216	31.5873657
120.7766234	31.5873645
120.7766252	31.5873634
120.7766270	31.5873623
120.7766288	31.5873612
120.7766306	31.5873601
120.7766324	31.5873590
120.7766343	31.5873579
120.7766361	31.5873568
120.7766379	31.5873558
120.7766398	31.5873548
120.7766417	31.5873538
120.7766436	31.5873528
120.7766455	31.5873518
120.7766474	31.5873508
120.7766493	31.5873498
120.7766512	31.5873489
120.7766531	31.5873479
120.7766551	31.5873470
120.7766570	31.5873461
120.7766590	31.5873451
120.7766609	31.5873442
120.7766629	31.5873433
120.7766649	31.5873424
120.7766669	31.5873415
120.7766689	31.5873407
120.7766709	31.5873398
120.7766729	31.5873389
120.7766749	31.5873381
120.7766769	31.5873372
120.7766789	31.5873364
120.7766809	31.5873356
120.7766829	31.5873348
120.7766849	31.5873340
120.7766870	31.5873332
120.7766890	31.5873324
120.7766910	31.5873316
120.7766931	31.5873308
120.7766951	31.5873300
120.7766972	31.5873293
120.7766993	31.5873285
120.7767014	31.5873278
120.7767035	31.5873271
120.7767056	31.5873264
120.7767077	31.5873257
120.7767098	31.5873250
120.7767120	31.5873243
120.7767141	31.5873236
120.7767163	31.5873229
120.7767185	31.5873223
120.7767207	31.5873216
120.7767229	31.5873209
120.7767251	31.5873202
120.7767273	31.5873196
120.7767295	31.5873189
120.7767318	31.5873183
120.7767340	31.5873177
120.7767363	31.5873171
120.7767385	31.5873165
120.7767408	31.5873159
120.7767430	31.5873154
120.7767453	31.5873148
120.7767476	31.5873143
120.7767499	31.5873137
120.7767521	31.5873132
120.7767544	31.5873127
120.7767567	31.5873122
120.7767590	31.5873118
120.7767612	31.5873113
120.7767635	31.5873109
120.7767658	31.5873104
120.7767680	31.5873101
120.7767703	31.5873097
120.7767726	31.5873093
120.7767748	31.5873090
120.7767771	31.5873086
120.7767794	31.5873083
120.7767817	31.5873080
120.7767839	31.5873077
120.7767862	31.5873074
120.7767885	31.5873071
120.7767908	31.5873068
120.7767931	31.5873065
120.7767955	31.5873063
120.7767978	31.5873061
120.7768001	31.5873058
120.7768024	31.5873056
120.7768047	31.5873054
120.7768071	31.5873052
120.7768094	31.5873050
120.7768118	31.5873048
120.7768141	31.5873047
120.7768164	31.5873045
120.7768188	31.5873044
120.7768211	31.5873042
120.7768235	31.5873041
120.7768259	31.5873040
120.7768283	31.5873039
120.7768306	31.5873038
120.7768330	31.5873037
120.7768354	31.5873037
120.7768378	31.5873036
120.7768402	31.5873035
120.7768426	31.5873035
120.7768450	31.5873034
120.7768474	31.5873034
120.7768498	31.5873034
120.7768522	31.5873033
120.7768546	31.5873033
120.7768571	31.5873033
120.7768595	31.5873032
120.7768620	31.5873032
120.7768644	31.5873032
120.7768669	31.5873031
120.7768694	31.5873031
120.7768718	31.5873031
120.7768743	31.5873032
120.7768768	31.5873032
120.7768793	31.5873032
120.7768818	31.5873032
120.7768843	31.5873032
120.7768868	31.5873032
120.7768893	31.5873033
120.7768918	31.5873033
120.7768944	31.5873034
120.7768969	31.5873035
120.7768995	31.5873035
120.7769020	31.5873036
120.7769046	31.5873037
120.7769071	31.5873038
120.7769097	31.5873039
120.7769123	31.5873040
120.7769149	31.5873042
120.7769175	31.5873043
120.7769201	31.5873044
120.7769227	31.5873046
120.7769253	31.5873047
120.7769280	31.5873049
120.7769306	31.5873050
120.7769332	31.5873052
120.7769359	31.5873054
120.7769385	31.5873056
120.7769412	31.5873059
120.7769438	31.5873061
120.7769464	31.5873063
120.7769491	31.5873066
120.7769517	31.5873068
120.7769544	31.5873071
120.7769570	31.5873074
120.7769597	31.5873077
120.7769623	31.5873080
120.7769650	31.5873083
120.7769676	31.5873087
120.7769703	31.5873091
120.7769729	31.5873095
120.7769755	31.5873099
120.7769782	31.5873103
120.7769808	31.5873107
120.7769835	31.5873111
120.7769861	31.5873116
120.7769887	31.5873121
120.7769913	31.5873126
120.7769940	31.5873131
120.7769966	31.5873136
120.7769992	31.5873141
120.7770018	31.5873146
120.7770045	31.5873152
120.7770071	31.5873158
120.7770097	31.5873164
120.7770123	31.5873170
120.7770149	31.5873177
120.7770175	31.5873184
120.7770201	31.5873191
120.7770227	31.5873198
120.7770252	31.5873205
120.7770278	31.5873213
120.7770304	31.5873220
120.7770329	31.5873228
120.7770355	31.5873236
120.7770380	31.5873244
120.7770406	31.5873253
120.7770431	31.5873261
120.7770457	31.5873270
120.7770482	31.5873279
120.7770508	31.5873288
120.7770534	31.5873297
120.7770559	31.5873306
120.7770585	31.5873316
120.7770610	31.5873326
120.7770636	31.5873336
120.7770662	31.5873347
120.7770687	31.5873357
120.7770713	31.5873368
120.7770738	31.5873379
120.7770764	31.5873390
120.7770789	31.5873401
120.7770815	31.5873413
120.7770840	31.5873424
120.7770866	31.5873436
120.7770891	31.5873448
120.7770916	31.5873460
120.7770942	31.5873473
120.7770967	31.5873485
120.7770993	31.5873497
120.7771018	31.5873510
120.7771044	31.5873523
120.7771069	31.5873536
120.7771095	31.5873549
120.7771120	31.5873562
120.7771145	31.5873575
120.7771171	31.5873588
120.7771197	31.5873600
120.7771222	31.5873613
120.7771248	31.5873626
120.7771273	31.5873639
120.7771299	31.5873653
120.7771324	31.5873666
120.7771350	31.5873679
120.7771375	31.5873692
120.7771401	31.5873706
120.7771427	31.5873719
120.7771453	31.5873733
120.7771478	31.5873746
120.7771504	31.5873760
120.7771530	31.5873773
120.7771556	31.5873787
120.7771582	31.5873800
120.7771608	31.5873814
120.7771634	31.5873828
120.7771661	31.5873842
120.7771687	31.5873855
120.7771714	31.5873869
120.7771740	31.5873882
120.7771767	31.5873896
120.7771793	31.5873910
120.7771820	31.5873923
120.7771847	31.5873937
120.7771873	31.5873951
120.7771900	31.5873965
120.7771927	31.5873979
120.7771954	31.5873993
120.7771980	31.5874007
120.7772007	31.5874021
120.7772034	31.5874035
120.7772061	31.5874049
120.7772088	31.5874062
120.7772115	31.5874076
120.7772142	31.5874090
120.7772169	31.5874104
120.7772196	31.5874118
120.7772223	31.5874132
120.7772250	31.5874147
120.7772278	31.5874161
120.7772305	31.5874175
120.7772333	31.5874189
120.7772360	31.5874203
120.7772388	31.5874217
120.7772415	31.5874231
120.7772443	31.5874245
120.7772471	31.5874260
120.7772499	31.5874274
120.7772527	31.5874288
120.7772555	31.5874302
120.7772583	31.5874317
120.7772611	31.5874331
120.7772640	31.5874346
120.7772668	31.5874360
120.7772697	31.5874374
120.7772726	31.5874389
120.7772754	31.5874403
120.7772783	31.5874418
120.7772812	31.5874433
120.7772840	31.5874448
120.7772869	31.5874463
120.7772898	31.5874477
120.7772927	31.5874492
120.7772956	31.5874507
120.7772986	31.5874522
120.7773015	31.5874537
120.7773045	31.5874552
120.7773074	31.5874567
120.7773104	31.5874582
120.7773134	31.5874598
120.7773163	31.5874613
120.7773193	31.5874628
120.7773223	31.5874643
120.7773253	31.5874659
120.7773284	31.5874674
120.7773314	31.5874689
120.7773344	31.5874705
120.7773374	31.5874720
120.7773405	31.5874736
120.7773435	31.5874752
120.7773465	31.5874767
120.7773496	31.5874783
120.7773526	31.5874799
120.7773557	31.5874815
120.7773588	31.5874831
120.7773619	31.5874846
120.7773649	31.5874862
120.7773680	31.5874878
120.7773712	31.5874894
120.7773743	31.5874910
120.7773774	31.5874926
120.7773805	31.5874942
120.7773836	31.5874958
120.7773868	31.5874974
120.7773899	31.5874990
120.7773931	31.5875007
120.7773963	31.5875023
120.7773994	31.5875039
120.7774026	31.5875055
120.7774058	31.5875072
120.7774089	31.5875088
120.7774121	31.5875105
120.7774153	31.5875121
120.7774185	31.5875137
120.7774217	31.5875154
120.7774249	31.5875171
120.7774281	31.5875187
120.7774313	31.5875204
120.7774345	31.5875220
120.7774378	31.5875237
120.7774410	31.5875254
120.7774442	31.5875270
120.7774475	31.5875287
120.7774507	31.5875304
120.7774539	31.5875321
120.7774572	31.5875337
120.7774604	31.5875354
120.7774637	31.5875371
120.7774670	31.5875388
120.7774703	31.5875405
120.7774735	31.5875422
120.7774768	31.5875439
120.7774801	31.5875456
120.7774834	31.5875473
120.7774867	31.5875490
120.7774900	31.5875507
120.7774933	31.5875524
120.7774966	31.5875541
120.7774999	31.5875558
120.7775032	31.5875576
120.7775065	31.5875593
120.7775098	31.5875610
120.7775132	31.5875627
120.7775165	31.5875644
120.7775198	31.5875662
120.7775232	31.5875679
120.7775265	31.5875696
120.7775298	31.5875714
120.7775332	31.5875731
120.7775365	31.5875749
120.7775399	31.5875766
120.7775432	31.5875784
120.7775466	31.5875801
120.7775500	31.5875818
120.7775533	31.5875836
120.7775567	31.5875854
120.7775601	31.5875871
120.7775635	31.5875889
120.7775668	31.5875906
120.7775702	31.5875924
120.7775736	31.5875942
120.7775770	31.5875959
120.7775804	31.5875977
120.7775838	31.5875995
120.7775872	31.5876013
120.7775906	31.5876030
120.7775940	31.5876048
120.7775974	31.5876066
120.7776009	31.5876084
120.7776043	31.5876102
120.7776077	31.5876120
120.7776111	31.5876138
120.7776145	31.5876156
120.7776179	31.5876174
120.7776214	31.5876192
120.7776248	31.5876210
120.7776282	31.5876228
120.7776316	31.5876246
120.7776351	31.5876264
120.7776385	31.5876282
120.7776420	31.5876300
120.7776454	31.5876318
120.7776488	31.5876336
120.7776523	31.5876355
120.7776557	31.5876373
120.7776592	31.5876391
120.7776626	31.5876409
120.7776661	31.5876427
120.7776696	31.5876446
120.7776730	31.5876464
120.7776765	31.5876482
120.7776800	31.5876501
120.7776834	31.5876519
120.7776869	31.5876537
120.7776904	31.5876556
120.7776939	31.5876574
120.7776974	31.5876592
120.7777008	31.5876611
120.7777043	31.5876629
120.7777078	31.5876648
120.7777113	31.5876666
120.7777148	31.5876684
120.7777183	31.5876703
120.7777218	31.5876721
120.7777254	31.5876740
120.7777289	31.5876758
120.7777324	31.5876776
120.7777359	31.5876795
120.7777394	31.5876813
120.7777429	31.5876832
120.7777465	31.5876850
120.7777500	31.5876869
120.7777535	31.5876887
120.7777570	31.5876906
120.7777606	31.5876924
120.7777641	31.5876943
120.7777677	31.5876961
120.7777712	31.5876980
120.7777747	31.5876998
120.7777783	31.5877017
120.7777818	31.5877035
120.7777854	31.5877054
120.7777889	31.5877073
120.7777925	31.5877091
120.7777960	31.5877110
120.7777996	31.5877128
120.7778031	31.5877147
120.7778066	31.5877166
120.7778101	31.5877185
120.7778136	31.5877203
120.7778171	31.5877222
120.7778206	31.5877241
120.7778241	31.5877259
120.7778276	31.5877278
120.7778310	31.5877296
120.7778345	31.5877315
120.7778380	31.5877333
120.7778415	31.5877352
120.7778449	31.5877370
120.7778484	31.5877389
120.7778518	31.5877407
120.7778553	31.5877425
120.7778587	31.5877444
120.7778622	31.5877462
120.7778656	31.5877480
120.7778690	31.5877499
120.7778725	31.5877517
120.7778759	31.5877535
120.7778793	31.5877553
120.7778828	31.5877572
120.7778862	31.5877590
120.7778896	31.5877608
120.7778930	31.5877626
120.7778964	31.5877644
120.7778998	31.5877662
120.7779032	31.5877680
120.7779066	31.5877698
120.7779100	31.5877716
120.7779134	31.5877733
120.7779168	31.5877751
120.7779202	31.5877769
120.7779236	31.5877787
120.7779269	31.5877804
120.7779303	31.5877822
120.7779337	31.5877840
120.7779370	31.5877857
120.7779404	31.5877875
120.7779437	31.5877892
120.7779470	31.5877910
120.7779504	31.5877927
120.7779537	31.5877945
120.7779570	31.5877962
120.7779603	31.5877980
120.7779636	31.5877997
120.7779669	31.5878014
120.7779702	31.5878032
120.7779735	31.5878049
120.7779768	31.5878066
120.7779801	31.5878084
120.7779833	31.5878101
120.7779866	31.5878118
120.7779899	31.5878135
120.7779932	31.5878153
120.7779964	31.5878170
120.7779997	31.5878187
120.7780029	31.5878204
120.7780062	31.5878221
120.7780094	31.5878238
120.7780126	31.5878255
120.7780159	31.5878272
120.7780191	31.5878290
120.7780223	31.5878307
120.7780256	31.5878324
120.7780288	31.5878341
120.7780320	31.5878358
120.7780352	31.5878374
120.7780384	31.5878391
120.7780416	31.5878408
120.7780448	31.5878425
120.7780480	31.5878442
120.7780511	31.5878459
120.7780543	31.5878475
120.7780574	31.5878492
120.7780605	31.5878508
120.7780636	31.5878525
120.7780667	31.5878541
120.7780698	31.5878557
120.7780728	31.5878573
120.7780759	31.5878590
120.7780789	31.5878606
120.7780820	31.5878622
120.7780850	31.5878637
120.7780880	31.5878653
120.7780910	31.5878669
120.7780939	31.5878685
120.7780969	31.5878700
120.7780998	31.5878716
120.7781028	31.5878732
120.7781057	31.5878747
120.7781086	31.5878762
120.7781115	31.5878778
120.7781144	31.5878793
120.7781173	31.5878808
120.7781201	31.5878823
120.7781230	31.5878838
120.7781258	31.5878853
120.7781286	31.5878868
120.7781314	31.5878883
120.7781342	31.5878898
120.7781370	31.5878913
120.7781398	31.5878928
120.7781425	31.5878942
120.7781452	31.5878957
120.7781480	31.5878972
120.7781507	31.5878986
120.7781534	31.5879000
120.7781560	31.5879015
120.7781587	31.5879029
120.7781613	31.5879043
120.7781640	31.5879057
120.7781666	31.5879071
120.7781692	31.5879085
120.7781718	31.5879098
120.7781744	31.5879112
120.7781769	31.5879126
120.7781794	31.5879139
120.7781820	31.5879152
120.7781845	31.5879166
120.7781869	31.5879179
120.7781894	31.5879192
120.7781919	31.5879205
120.7781943	31.5879218
120.7781967	31.5879231
120.7781991	31.5879243
120.7782015	31.5879256
120.7782039	31.5879268
120.7782062	31.5879281
120.7782086	31.5879293
120.7782109	31.5879305
120.7782132	31.5879317
120.7782155	31.5879329
120.7782178	31.5879341
120.7782200	31.5879353
120.7782222	31.5879364
120.7782245	31.5879376
120.7782267	31.5879388
120.7782289	31.5879399
120.7782311	31.5879411
120.7782332	31.5879422
120.7782354	31.5879433
120.7782376	31.5879445
120.7782397	31.5879456
120.7782419	31.5879467
120.7782441	31.5879479
120.7782462	31.5879490
120.7782484	31.5879501
120.7782505	31.5879512
120.7782526	31.5879524
120.7782548	31.5879535
120.7782569	31.5879546
120.7782590	31.5879557
120.7782611	31.5879568
120.7782633	31.5879579
120.7782654	31.5879591
120.7782675	31.5879602
120.7782696	31.5879613
120.7782717	31.5879624
120.7782737	31.5879635
120.7782758	31.5879646
120.7782779	31.5879657
120.7782800	31.5879669
120.7782821	31.5879680
120.7782841	31.5879691
120.7782862	31.5879702
120.7782882	31.5879713
120.7782903	31.5879724
120.7782923	31.5879735
120.7782944	31.5879746
120.7782964	31.5879757
120.7782984	31.5879768
120.7783004	31.5879779
120.7783024	31.5879790
120.7783044	31.5879801
120.7783064	31.5879812
120.7783084	31.5879823
120.7783104	31.5879834
120.7783124	31.5879845
120.7783144	31.5879856
120.7783164	31.5879867
120.7783183	31.5879877
120.7783203	31.5879888
120.7783223	31.5879899
120.7783242	31.5879910
120.7783262	31.5879920
120.7783281	31.5879931
120.7783301	31.5879942
120.7783320	31.5879952
120.7783339	31.5879963
120.7783358	31.5879974
120.7783377	31.5879984
120.7783397	31.5879995
120.7783416	31.5880006
120.7783435	31.5880016
120.7783453	31.5880027
120.7783472	31.5880037
120.7783491	31.5880048
120.7783510	31.5880058
120.7783529	31.5880069
120.7783547	31.5880079
120.7783566	31.5880090
120.7783585	31.5880100
120.7783603	31.5880111
120.7783622	31.5880121
120.7783640	31.5880132
120.7783659	31.5880142
120.7783677	31.5880152
120.7783696	31.5880163
120.7783714	31.5880173
120.7783733	31.5880184
120.7783752	31.5880194
120.7783771	31.5880205
120.7783790	31.5880216
120.7783809	31.5880226
120.7783828	31.5880237
120.7783848	31.5880248
120.7783868	31.5880260
120.7783888	31.5880271
120.7783908	31.5880282
120.7783929	31.5880293
120.7783950	31.5880305
120.7783971	31.5880316
120.7783992	31.5880328
120.7784013	31.5880340
120.7784035	31.5880352
120.7784057	31.5880364
120.7784079	31.5880376
120.7784101	31.5880388
120.7784124	31.5880400
120.7784146	31.5880413
120.7784169	31.5880426
120.7784193	31.5880438
120.7784216	31.5880451
120.7784240	31.5880464
120.7784264	31.5880477
120.7784288	31.5880491
120.7784312	31.5880504
120.7784336	31.5880517
120.7784361	31.5880531
120.7784387	31.5880544
120.7784412	31.5880558
120.7784438	31.5880572
120.7784463	31.5880586
120.7784489	31.5880600
120.7784515	31.5880614
120.7784542	31.5880628
120.7784568	31.5880642
120.7784595	31.5880657
120.7784622	31.5880671
120.7784649	31.5880686
120.7784676	31.5880700
120.7784704	31.5880715
120.7784731	31.5880730
120.7784759	31.5880745
120.7784787	31.5880760
120.7784815	31.5880775
120.7784844	31.5880790
120.7784872	31.5880805
120.7784901	31.5880820
120.7784930	31.5880836
120.7784959	31.5880851
120.7784988	31.5880867
120.7785017	31.5880882
120.7785046	31.5880898
120.7785076	31.5880914
120.7785105	31.5880929
120.7785135	31.5880945
120.7785165	31.5880961
120.7785195	31.5880977
120.7785225	31.5880993
120.7785256	31.5881009
120.7785286	31.5881025
120.7785317	31.5881042
120.7785348	31.5881058
120.7785379	31.5881074
120.7785410	31.5881091
120.7785441	31.5881107
120.7785473	31.5881123
120.7785504	31.5881140
120.7785536	31.5881156
120.7785567	31.5881173
120.7785599	31.5881189
120.7785631	31.5881206
120.7785664	31.5881222
120.7785696	31.5881239
120.7785728	31.5881256
120.7785761	31.5881272
120.7785793	31.5881289
120.7785826	31.5881306
120.7785859	31.5881323
120.7785892	31.5881340
120.7785925	31.5881357
120.7785958	31.5881375
120.7785991	31.5881392
120.7786024	31.5881409
120.7786058	31.5881427
120.7786091	31.5881444
120.7786125	31.5881461
120.7786158	31.5881479
120.7786192	31.5881496
120.7786225	31.5881514
120.7786258	31.5881531
120.7786292	31.5881549
120.7786325	31.5881566
120.7786358	31.5881584
120.7786391	31.5881601
120.7786425	31.5881618
120.7786458	31.5881636
120.7786491	31.5881653
120.7786524	31.5881670
120.7786557	31.5881688
120.7786590	31.5881705
120.7786623	31.5881722
120.7786656	31.5881739
120.7786689	31.5881757
120.7786722	31.5881774
120.7786755	31.5881791
120.7786788	31.5881809
120.7786821	31.5881826
120.7786854	31.5881843
120.7786887	31.5881860
120.7786920	31.5881878
120.7786953	31.5881895
120.7786986	31.5881912
120.7787019	31.5881930
120.7787052	31.5881947
120.7787085	31.5881964
120.7787118	31.5881981
120.7787152	31.5881999
120.7787185	31.5882016
120.7787218	31.5882033
120.7787251	31.5882051
120.7787284	31.5882068
120.7787317	31.5882085
120.7787350	31.5882103
120.7787383	31.5882120
120.7787417	31.5882137
120.7787450	31.5882155
120.7787483	31.5882172
120.7787516	31.5882190
120.7787549	31.5882207
120.7787582	31.5882225
120.7787615	31.5882242
120.7787648	31.5882260
120.7787681	31.5882277
120.7787714	31.5882295
120.7787747	31.5882313
120.7787780	31.5882330
120.7787813	31.5882348
120.7787846	31.5882365
120.7787879	31.5882383
120.7787912	31.5882401
120.7787945	31.5882418
120.7787979	31.5882436
120.7788012	31.5882453
120.7788045	31.5882471
120.7788078	31.5882489
120.7788111	31.5882507
120.7788145	31.5882524
120.7788178	31.5882542
120.7788212	31.5882560
120.7788245	31.5882578
120.7788279	31.5882596
120.7788312	31.5882614
120.7788346	31.5882632
120.7788379	31.5882650
120.7788413	31.5882668
120.7788447	31.5882686
120.7788481	31.5882704
120.7788514	31.5882722
120.7788548	31.5882740
120.7788582	31.5882758
120.7788616	31.5882776
120.7788650	31.5882795
120.7788684	31.5882813
120.7788718	31.5882831
120.7788752	31.5882849
120.7788786	31.5882868
120.7788820	31.5882886
120.7788854	31.5882904
120.7788888	31.5882922
120.7788922	31.5882940
120.7788956	31.5882959
120.7788990	31.5882977
120.7789025	31.5882995
120.7789059	31.5883013
120.7789093	31.5883032
120.7789127	31.5883050
120.7789162	31.5883068
120.7789196	31.5883087
120.7789230	31.5883105
120.7789265	31.5883123
120.7789299	31.5883141
120.7789334	31.5883160
120.7789368	31.5883178
120.7789403	31.5883197
120.7789437	31.5883215
120.7789472	31.5883233
120.7789506	31.5883251
120.7789541	31.5883270
120.7789576	31.5883288
120.7789611	31.5883306
120.7789646	31.5883325
120.7789680	31.5883343
120.7789715	31.5883361
120.7789750	31.5883380
120.7789785	31.5883398
120.7789820	31.5883416
120.7789855	31.5883435
120.7789890	31.5883453
120.7789925	31.5883472
120.7789960	31.5883490
120.7789995	31.5883509
120.7790030	31.5883527
120.7790065	31.5883545
120.7790101	31.5883564
120.7790136	31.5883582
120.7790171	31.5883601
120.7790206	31.5883619
120.7790241	31.5883638
120.7790277	31.5883656
120.7790312	31.5883675
120.7790347	31.5883694
120.7790383	31.5883712
120.7790418	31.5883731
120.7790454	31.5883749
120.7790489	31.5883768
120.7790524	31.5883786
120.7790560	31.5883805
120.7790595	31.5883824
120.7790631	31.5883842
120.7790667	31.5883861
120.7790702	31.5883880
120.7790738	31.5883898
120.7790774	31.5883917
120.7790809	31.5883936
120.7790845	31.5883955
120.7790881	31.5883973
120.7790917	31.5883992
120.7790952	31.5884011
120.7790988	31.5884030
120.7791024	31.5884049
120.7791060	31.5884068
120.7791096	31.5884087
120.7791132	31.5884106
120.7791168	31.5884125
120.7791204	31.5884144
120.7791240	31.5884163
120.7791277	31.5884182
120.7791313	31.5884201
120.7791349	31.5884220
120.7791385	31.5884239
120.7791421	31.5884258
120.7791457	31.5884278
120.7791494	31.5884297
120.7791530	31.5884316
120.7791566	31.5884335
120.7791602	31.5884354
120.7791638	31.5884373
120.7791674	31.5884393
120.7791710	31.5884412
120.7791746	31.5884431
120.7791782	31.5884450
120.7791819	31.5884470
120.7791855	31.5884489
120.7791891	31.5884508
120.7791927	31.5884528
120.7791963	31.5884547
120.7791999	31.5884567
120.7792035	31.5884586
120.7792072	31.5884605
120.7792108	31.5884625
120.7792144	31.5884644
120.7792180	31.5884664
120.7792216	31.5884683
120.7792253	31.5884703
120.7792289	31.5884723
120.7792325	31.5884742
120.7792362	31.5884762
120.7792398	31.5884782
120.7792435	31.5884801
120.7792471	31.5884821
120.7792508	31.5884841
120.7792544	31.5884861
120.7792581	31.5884881
120.7792618	31.5884901
120.7792654	31.5884920
120.7792691	31.5884940
120.7792727	31.5884960
120.7792764	31.5884980
120.7792801	31.5885000
120.7792837	31.5885020
120.7792874	31.5885040
120.7792910	31.5885060
120.7792947	31.5885080
120.7792983	31.5885100
120.7793020	31.5885120
120.7793056	31.5885140
120.7793092	31.5885160
120.7793128	31.5885180
120.7793164	31.5885200
120.7793200	31.5885220
120.7793236	31.5885240
120.7793272	31.5885260
120.7793308	31.5885280
120.7793344	31.5885300
120.7793380	31.5885320
120.7793415	31.5885340
120.7793451	31.5885360
120.7793487	31.5885380
120.7793523	31.5885400
120.7793558	31.5885420
120.7793594	31.5885439
120.7793630	31.5885459
120.7793665	31.5885479
120.7793701	31.5885499
120.7793736	31.5885519
120.7793772	31.5885538
120.7793807	31.5885558
120.7793843	31.5885577
120.7793878	31.5885597
120.7793913	31.5885616
120.7793949	31.5885636
120.7793984	31.5885655
120.7794019	31.5885675
120.7794055	31.5885694
120.7794090	31.5885714
120.7794125	31.5885733
120.7794160	31.5885752
120.7794195	31.5885772
120.7794230	31.5885791
120.7794265	31.5885811
120.7794300	31.5885830
120.7794335	31.5885849
120.7794370	31.5885869
120.7794404	31.5885888
120.7794439	31.5885908
120.7794474	31.5885927
120.7794508	31.5885947
120.7794543	31.5885966
120.7794578	31.5885986
120.7794612	31.5886005
120.7794646	31.5886025
120.7794681	31.5886044
120.7794715	31.5886064
120.7794749	31.5886083
120.7794784	31.5886103
120.7794818	31.5886122
120.7794852	31.5886142
120.7794886	31.5886161
120.7794920	31.5886181
120.7794954	31.5886200
120.7794988	31.5886219
120.7795022	31.5886239
120.7795055	31.5886258
120.7795089	31.5886278
120.7795123	31.5886297
120.7795157	31.5886316
120.7795190	31.5886336
120.7795223	31.5886355
120.7795257	31.5886374
120.7795290	31.5886393
120.7795323	31.5886413
120.7795357	31.5886432
120.7795390	31.5886451
120.7795423	31.5886470
120.7795456	31.5886489
120.7795489	31.5886509
120.7795522	31.5886528
120.7795555	31.5886547
120.7795588	31.5886566
120.7795621	31.5886585
120.7795654	31.5886605
120.7795687	31.5886624
120.7795720	31.5886643
120.7795753	31.5886662
120.7795786	31.5886682
120.7795819	31.5886701
120.7795851	31.5886720
120.7795884	31.5886740
120.7795917	31.5886759
120.7795950	31.5886778
120.7795983	31.5886798
120.7796016	31.5886817
120.7796049	31.5886836
120.7796081	31.5886856
120.7796114	31.5886875
120.7796147	31.5886894
120.7796180	31.5886913
120.7796212	31.5886933
120.7796245	31.5886952
120.7796278	31.5886971
120.7796310	31.5886990
120.7796343	31.5887009
120.7796375	31.5887029
120.7796408	31.5887048
120.7796441	31.5887067
120.7796473	31.5887086
120.7796505	31.5887105
120.7796538	31.5887124
120.7796570	31.5887143
120.7796602	31.5887162
120.7796635	31.5887181
120.7796667	31.5887200
120.7796699	31.5887219
120.7796731	31.5887238
120.7796763	31.5887256
120.7796796	31.5887275
120.7796828	31.5887294
120.7796860	31.5887313
120.7796892	31.5887331
120.7796924	31.5887350
120.7796956	31.5887369
120.7796988	31.5887387
120.7797020	31.5887406
120.7797052	31.5887424
120.7797083	31.5887443
120.7797115	31.5887461
120.7797147	31.5887479
120.7797179	31.5887497
120.7797211	31.5887516
120.7797242	31.5887534
120.7797274	31.5887552
120.7797306	31.5887570
120.7797337	31.5887588
120.7797369	31.5887606
120.7797400	31.5887624
120.7797432	31.5887641
120.7797463	31.5887659
120.7797495	31.5887677
120.7797526	31.5887695
120.7797558	31.5887712
120.7797589	31.5887730
120.7797620	31.5887747
120.7797652	31.5887765
120.7797683	31.5887782
120.7797714	31.5887800
120.7797745	31.5887817
120.7797777	31.5887834
120.7797808	31.5887852
120.7797839	31.5887869
120.7797870	31.5887886
120.7797901	31.5887903
120.7797932	31.5887921
120.7797963	31.5887938
120.7797994	31.5887955
120.7798025	31.5887972
120.7798056	31.5887989
120.7798087	31.5888006
120.7798118	31.5888023
120.7798148	31.5888040
120.7798179	31.5888057
120.7798210	31.5888074
120.7798240	31.5888091
120.7798271	31.5888108
120.7798301	31.5888124
120.7798332	31.5888141
120.7798362	31.5888158
120.7798392	31.5888175
120.7798422	31.5888192
120.7798452	31.5888209
120.7798482	31.5888226
120.7798512	31.5888243
120.7798542	31.5888260
120.7798572	31.5888276
120.7798601	31.5888293
120.7798631	31.5888309
120.7798660	31.5888326
120.7798689	31.5888342
120.7798718	31.5888359
120.7798747	31.5888375
120.7798776	31.5888391
120.7798804	31.5888407
120.7798833	31.5888423
120.7798861	31.5888439
120.7798890	31.5888455
120.7798918	31.5888470
120.7798946	31.5888486
120.7798974	31.5888501
120.7799001	31.5888517
120.7799029	31.5888532
120.7799056	31.5888547
120.7799084	31.5888563
120.7799111	31.5888578
120.7799138	31.5888593
120.7799165	31.5888608
120.7799192	31.5888622
120.7799219	31.5888637
120.7799246	31.5888652
120.7799273	31.5888667
120.7799300	31.5888681
120.7799326	31.5888696
120.7799353	31.5888710
120.7799379	31.5888725
120.7799406	31.5888739
120.7799432	31.5888754
120.7799459	31.5888768
120.7799485	31.5888783
120.7799511	31.5888797
120.7799538	31.5888811
120.7799564	31.5888825
120.7799590	31.5888839
120.7799616	31.5888853
120.7799642	31.5888867
120.7799668	31.5888881
120.7799694	31.5888895
120.7799720	31.5888909
120.7799746	31.5888923
120.7799772	31.5888936
120.7799798	31.5888950
120.7799823	31.5888964
120.7799849	31.5888977
120.7799874	31.5888991
120.7799900	31.5889004
120.7799925	31.5889018
120.7799950	31.5889031
120.7799975	31.5889044
120.7799999	31.5889057
120.7800024	31.5889070
120.7800048	31.5889083
120.7800073	31.5889096
120.7800097	31.5889108
120.7800121	31.5889121
120.7800145	31.5889133
120.7800169	31.5889146
120.7800192	31.5889158
120.7800216	31.5889170
120.7800239	31.5889183
120.7800263	31.5889195
120.7800286	31.5889207
120.7800309	31.5889219
120.7800332	31.5889230
120.7800354	31.5889242
120.7800377	31.5889254
120.7800399	31.5889266
120.7800422	31.5889277
120.7800444	31.5889288
120.7800466	31.5889300
120.7800488	31.5889311
120.7800509	31.5889323
120.7800531	31.5889334
120.7800552	31.5889345
120.7800573	31.5889356
120.7800594	31.5889368
120.7800615	31.5889379
120.7800636	31.5889389
120.7800657	31.5889400
120.7800677	31.5889411
120.7800697	31.5889422
120.7800718	31.5889433
120.7800738	31.5889443
120.7800758	31.5889454
120.7800777	31.5889464
120.7800797	31.5889475
120.7800816	31.5889485
120.7800836	31.5889496
120.7800855	31.5889506
120.7800874	31.5889516
120.7800893	31.5889526
120.7800912	31.5889536
120.7800931	31.5889546
120.7800949	31.5889556
120.7800968	31.5889566
120.7800986	31.5889576
120.7801004	31.5889586
120.7801022	31.5889595
120.7801040	31.5889605
120.7801058	31.5889615
120.7801075	31.5889624
120.7801093	31.5889633
120.7801110	31.5889643
120.7801127	31.5889652
120.7801144	31.5889661
120.7801161	31.5889670
120.7801178	31.5889680
120.7801194	31.5889689
120.7801211	31.5889697
120.7801227	31.5889706
120.7801243	31.5889715
120.7801259	31.5889724
120.7801275	31.5889732
120.7801291	31.5889741
120.7801307	31.5889749
120.7801322	31.5889758
120.7801337	31.5889766
120.7801352	31.5889774
120.7801367	31.5889782
120.7801382	31.5889790
120.7801397	31.5889798
120.7801412	31.5889806
120.7801426	31.5889814
120.7801441	31.5889822
120.7801455	31.5889830
120.7801469	31.5889837
120.7801483	31.5889845
120.7801497	31.5889852
120.7801510	31.5889860
120.7801524	31.5889867
120.7801538	31.5889875
120.7801551	31.5889882
120.7801565	31.5889890
120.7801578	31.5889897
120.7801591	31.5889904
120.7801604	31.5889911
120.7801617	31.5889918
120.7801630	31.5889925
120.7801643	31.5889932
120.7801655	31.5889939
120.7801667	31.5889945
120.7801679	31.5889952
120.7801691	31.5889959
120.7801703	31.5889965
120.7801715	31.5889972
120.7801727	31.5889978
120.7801738	31.5889984
120.7801749	31.5889991
120.7801761	31.5889997
120.7801772	31.5890003
120.7801782	31.5890008
120.7801793	31.5890014
120.7801803	31.5890020
120.7801813	31.5890025
120.7801823	31.5890031
120.7801833	31.5890036
120.7801843	31.5890041
120.7801853	31.5890047
120.7801862	31.5890052
120.7801872	31.5890057
120.7801881	31.5890062
120.7801890	31.5890067
120.7801899	31.5890072
120.7801917	31.5890081
120.7801934	31.5890090
120.7801950	31.5890099
120.7801966	31.5890107
120.7801981	31.5890116
120.7801995	31.5890123
120.7802010	31.5890131
120.7802023	31.5890138
120.7802036	31.5890145
120.7802049	31.5890152
120.7802062	31.5890159
120.7802074	31.5890165
120.7802086	31.5890171
120.7802097	31.5890178
120.7802108	31.5890184
120.7802119	31.5890190
120.7802129	31.5890196
120.7802139	31.5890202
120.7802149	31.5890208
120.7802158	31.5890214
120.7802168	31.5890219
120.7802177	31.5890225
120.7802185	31.5890230
120.7802198	31.5890238
120.7802210	31.5890245
120.7802222	31.5890252
120.7802232	31.5890258
120.7802241	31.5890264
120.7802251	31.5890270
120.7802261	31.5890275
120.7802270	31.5890280
120.7802280	31.5890285
120.7802289	31.5890290
120.7802299	31.5890296
120.7802309	31.5890302
120.7802318	31.5890307
120.7802328	31.5890313
120.7802340	31.5890320
120.7802349	31.5890325
120.7802360	31.5890331
120.7802371	31.5890338
120.7802383	31.5890345
120.7802396	31.5890353
120.7802410	31.5890361
120.7802425	31.5890370
120.7802440	31.5890379
120.7802456	31.5890388
120.7802473	31.5890398
120.7802490	31.5890408
120.7802499	31.5890413
120.7802508	31.5890419
120.7802518	31.5890424
120.7802527	31.5890430
120.7802536	31.5890435
120.7802546	31.5890441
120.7802556	31.5890447
120.7802566	31.5890453
120.7802576	31.5890459
120.7802586	31.5890465
120.7802596	31.5890471
120.7802606	31.5890477
120.7802616	31.5890483
120.7802626	31.5890489
120.7802637	31.5890496
120.7802647	31.5890502
120.7802657	31.5890509
120.7802667	31.5890515
120.7802677	31.5890522
120.7802688	31.5890528
120.7802698	31.5890535
120.7802708	31.5890541
120.7802718	31.5890548
120.7802727	31.5890554
120.7802737	31.5890561
120.7802747	31.5890568
120.7802757	31.5890574
120.7802767	31.5890581
120.7802776	31.5890588
120.7802786	31.5890595
120.7802795	31.5890602
120.7802805	31.5890610
120.7802814	31.5890617
120.7802823	31.5890625
120.7802832	31.5890632
120.7802842	31.5890640
120.7802851	31.5890648
120.7802860	31.5890656
120.7802870	31.5890664
120.7802879	31.5890672
120.7802888	31.5890680
120.7802897	31.5890688
120.7802907	31.5890696
120.7802916	31.5890704
120.7802925	31.5890713
120.7802934	31.5890721
120.7802943	31.5890730
120.7802952	31.5890738
120.7802961	31.5890747
120.7802970	31.5890756
120.7802978	31.5890765
120.7802987	31.5890775
120.7802995	31.5890784
120.7803004	31.5890794
120.7803012	31.5890803
120.7803021	31.5890813
120.7803029	31.5890823
120.7803038	31.5890833
120.7803046	31.5890843
120.7803055	31.5890853
120.7803063	31.5890863
120.7803072	31.5890874
120.7803080	31.5890885
120.7803088	31.5890895
120.7803097	31.5890906
120.7803105	31.5890917
120.7803113	31.5890928
120.7803121	31.5890940
120.7803130	31.5890951
120.7803138	31.5890963
120.7803146	31.5890974
120.7803155	31.5890985
120.7803163	31.5890997
120.7803171	31.5891009
120.7803180	31.5891020
120.7803188	31.5891032
120.7803196	31.5891044
120.7803204	31.5891057
120.7803212	31.5891069
120.7803220	31.5891081
120.7803229	31.5891094
120.7803237	31.5891107
120.7803244	31.5891120
120.7803252	31.5891133
120.7803260	31.5891146
120.7803268	31.5891159
120.7803275	31.5891173
120.7803283	31.5891186
120.7803291	31.5891200
120.7803298	31.5891214
120.7803306	31.5891227
120.7803313	31.5891241
120.7803321	31.5891255
120.7803328	31.5891269
120.7803336	31.5891283
120.7803343	31.5891298
120.7803350	31.5891312
120.7803357	31.5891326
120.7803364	31.5891341
120.7803370	31.5891355
120.7803377	31.5891370
120.7803384	31.5891384
120.7803390	31.5891399
120.7803396	31.5891413
120.7803402	31.5891428
120.7803408	31.5891442
120.7803414	31.5891457
120.7803420	31.5891471
120.7803425	31.5891486
120.7803431	31.5891500
120.7803436	31.5891515
120.7803441	31.5891529
120.7803445	31.5891544
120.7803450	31.5891559
120.7803455	31.5891573
120.7803459	31.5891588
120.7803463	31.5891602
120.7803467	31.5891617
120.7803471	31.5891631
120.7803475	31.5891646
120.7803479	31.5891660
120.7803483	31.5891674
120.7803486	31.5891689
120.7803490	31.5891703
120.7803493	31.5891717
120.7803496	31.5891732
120.7803499	31.5891746
120.7803502	31.5891760
120.7803505	31.5891775
120.7803508	31.5891789
120.7803511	31.5891803
120.7803514	31.5891817
120.7803517	31.5891832
120.7803519	31.5891846
120.7803522	31.5891861
120.7803524	31.5891875
120.7803527	31.5891890
120.7803529	31.5891905
120.7803531	31.5891919
120.7803534	31.5891934
120.7803536	31.5891949
120.7803538	31.5891964
120.7803540	31.5891979
120.7803542	31.5891994
120.7803543	31.5892009
120.7803545	31.5892024
120.7803546	31.5892039
120.7803548	31.5892055
120.7803549	31.5892070
120.7803550	31.5892085
120.7803551	31.5892101
120.7803553	31.5892117
120.7803554	31.5892132
120.7803554	31.5892148
120.7803555	31.5892164
120.7803556	31.5892180
120.7803556	31.5892195
120.7803557	31.5892211
120.7803557	31.5892227
120.7803557	31.5892243
120.7803557	31.5892259
120.7803557	31.5892275
120.7803557	31.5892291
120.7803557	31.5892307
120.7803557	31.5892323
120.7803557	31.5892339
120.7803556	31.5892355
120.7803556	31.5892371
120.7803555	31.5892387
120.7803554	31.5892404
120.7803554	31.5892420
120.7803553	31.5892436
120.7803552	31.5892452
120.7803552	31.5892469
120.7803551	31.5892485
120.7803550	31.5892501
120.7803549	31.5892518
120.7803548	31.5892534
120.7803547	31.5892551
120.7803545	31.5892567
120.7803544	31.5892584
120.7803543	31.5892601
120.7803541	31.5892617
120.7803540	31.5892634
120.7803538	31.5892651
120.7803537	31.5892668
120.7803535	31.5892684
120.7803533	31.5892701
120.7803531	31.5892718
120.7803529	31.5892735
120.7803527	31.5892752
120.7803525	31.5892769
120.7803523	31.5892786
120.7803521	31.5892803
120.7803518	31.5892819
120.7803516	31.5892836
120.7803513	31.5892853
120.7803511	31.5892870
120.7803508	31.5892887
120.7803505	31.5892904
120.7803502	31.5892920
120.7803499	31.5892937
120.7803496	31.5892954
120.7803493	31.5892971
120.7803490	31.5892988
120.7803487	31.5893005
120.7803483	31.5893022
120.7803480	31.5893039
120.7803476	31.5893056
120.7803472	31.5893073
120.7803468	31.5893090
120.7803464	31.5893107
120.7803459	31.5893124
120.7803455	31.5893141
120.7803450	31.5893159
120.7803445	31.5893176
120.7803440	31.5893193
120.7803435	31.5893210
120.7803430	31.5893227
120.7803425	31.5893245
120.7803420	31.5893262
120.7803414	31.5893279
120.7803408	31.5893296
120.7803403	31.5893314
120.7803397	31.5893331
120.7803390	31.5893349
120.7803384	31.5893366
120.7803378	31.5893384
120.7803372	31.5893402
120.7803365	31.5893420
120.7803358	31.5893438
120.7803351	31.5893456
120.7803344	31.5893474
120.7803337	31.5893492
120.7803329	31.5893510
120.7803322	31.5893529
120.7803314	31.5893547
120.7803306	31.5893566
120.7803298	31.5893585
120.7803290	31.5893603
120.7803282	31.5893622
120.7803273	31.5893641
120.7803265	31.5893660
120.7803256	31.5893679
120.7803247	31.5893698
120.7803238	31.5893717
120.7803229	31.5893736
120.7803220	31.5893755
120.7803210	31.5893774
120.7803201	31.5893793
120.7803191	31.5893812
120.7803181	31.5893831
120.7803171	31.5893850
120.7803161	31.5893869
120.7803150	31.5893888
120.7803140	31.5893907
120.7803129	31.5893926
120.7803118	31.5893945
120.7803107	31.5893964
120.7803096	31.5893983
120.7803084	31.5894002
120.7803073	31.5894021
120.7803061	31.5894040
120.7803049	31.5894060
120.7803037	31.5894079
120.7803025	31.5894098
120.7803013	31.5894117
120.7803001	31.5894136
120.7802988	31.5894155
120.7802975	31.5894175
120.7802962	31.5894194
120.7802948	31.5894213
120.7802935	31.5894232
120.7802921	31.5894252
120.7802908	31.5894271
120.7802894	31.5894290
120.7802880	31.5894310
120.7802865	31.5894329
120.7802851	31.5894348
120.7802837	31.5894368
120.7802822	31.5894387
120.7802807	31.5894406
120.7802793	31.5894426
120.7802778	31.5894445
120.7802763	31.5894465
120.7802748	31.5894484
120.7802733	31.5894504
120.7802718	31.5894524
120.7802703	31.5894544
120.7802688	31.5894563
120.7802673	31.5894583
120.7802658	31.5894604
120.7802643	31.5894624
120.7802628	31.5894644
120.7802613	31.5894664
120.7802598	31.5894684
120.7802582	31.5894704
120.7802567	31.5894725
120.7802551	31.5894745
120.7802536	31.5894765
120.7802520	31.5894785
120.7802504	31.5894806
120.7802488	31.5894826
120.7802472	31.5894846
120.7802456	31.5894867
120.7802440	31.5894887
120.7802423	31.5894908
120.7802407	31.5894928
120.7802391	31.5894948
120.7802374	31.5894969
120.7802357	31.5894990
120.7802341	31.5895010
120.7802324	31.5895031
120.7802307	31.5895052
120.7802290	31.5895073
120.7802273	31.5895093
120.7802256	31.5895114
120.7802239	31.5895135
120.7802222	31.5895156
120.7802205	31.5895177
120.7802187	31.5895198
120.7802170	31.5895219
120.7802153	31.5895241
120.7802135	31.5895262
120.7802118	31.5895283
120.7802100	31.5895305
120.7802083	31.5895326
120.7802065	31.5895347
120.7802048	31.5895369
120.7802030	31.5895391
120.7802012	31.5895412
120.7801995	31.5895434
120.7801977	31.5895456
120.7801960	31.5895478
120.7801942	31.5895500
120.7801924	31.5895523
120.7801906	31.5895545
120.7801889	31.5895567
120.7801871	31.5895590
120.7801853	31.5895612
120.7801835	31.5895635
120.7801818	31.5895658
120.7801800	31.5895680
120.7801782	31.5895703
120.7801764	31.5895726
120.7801746	31.5895749
120.7801728	31.5895772
120.7801710	31.5895795
120.7801692	31.5895818
120.7801673	31.5895841
120.7801655	31.5895865
120.7801637	31.5895888
120.7801618	31.5895911
120.7801600	31.5895934
120.7801581	31.5895958
120.7801563	31.5895981
120.7801545	31.5896005
120.7801526	31.5896029
120.7801507	31.5896052
120.7801489	31.5896076
120.7801470	31.5896100
120.7801452	31.5896124
120.7801433	31.5896148
120.7801414	31.5896172
120.7801395	31.5896196
120.7801377	31.5896220
120.7801358	31.5896244
120.7801339	31.5896268
120.7801320	31.5896292
120.7801301	31.5896317
120.7801282	31.5896341
120.7801262	31.5896365
120.7801243	31.5896390
120.7801224	31.5896414
120.7801204	31.5896439
120.7801185	31.5896463
120.7801165	31.5896488
120.7801146	31.5896513
120.7801126	31.5896538
120.7801106	31.5896562
120.7801087	31.5896587
120.7801067	31.5896612
120.7801047	31.5896637
120.7801028	31.5896662
120.7801008	31.5896687
120.7800988	31.5896712
120.7800968	31.5896738
120.7800948	31.5896763
120.7800928	31.5896788
120.7800908	31.5896813
120.7800888	31.5896839
120.7800868	31.5896864
120.7800848	31.5896889
120.7800828	31.5896914
120.7800808	31.5896940
120.7800788	31.5896965
120.7800767	31.5896991
120.7800747	31.5897016
120.7800727	31.5897042
120.7800707	31.5897067
120.7800686	31.5897093
120.7800666	31.5897119
120.7800645	31.5897144
120.7800625	31.5897170
120.7800605	31.5897196
120.7800584	31.5897222
120.7800564	31.5897248
120.7800543	31.5897274
120.7800522	31.5897300
120.7800501	31.5897326
120.7800481	31.5897352
120.7800460	31.5897378
120.7800439	31.5897405
120.7800418	31.5897431
120.7800397	31.5897457
120.7800376	31.5897484
120.7800354	31.5897510
120.7800333	31.5897537
120.7800312	31.5897563
120.7800291	31.5897590
120.7800270	31.5897616
120.7800248	31.5897643
120.7800227	31.5897670
120.7800205	31.5897696
120.7800184	31.5897723
120.7800163	31.5897750
120.7800141	31.5897777
120.7800119	31.5897804
120.7800098	31.5897831
120.7800076	31.5897858
120.7800055	31.5897885
120.7800033	31.5897912
120.7800012	31.5897939
120.7799990	31.5897966
120.7799968	31.5897994
120.7799947	31.5898021
120.7799925	31.5898048
120.7799903	31.5898076
120.7799882	31.5898103
120.7799860	31.5898130
120.7799838	31.5898158
120.7799816	31.5898185
120.7799794	31.5898213
120.7799772	31.5898240
120.7799750	31.5898268
120.7799728	31.5898295
120.7799706	31.5898323
120.7799684	31.5898351
120.7799661	31.5898378
120.7799639	31.5898406
120.7799617	31.5898434
120.7799595	31.5898462
120.7799572	31.5898490
120.7799550	31.5898517
120.7799528	31.5898545
120.7799505	31.5898573
120.7799483	31.5898601
120.7799460	31.5898629
120.7799438	31.5898657
120.7799415	31.5898685
120.7799393	31.5898713
120.7799370	31.5898742
120.7799347	31.5898770
120.7799325	31.5898798
120.7799302	31.5898826
120.7799279	31.5898854
120.7799256	31.5898883
120.7799234	31.5898911
120.7799211	31.5898939
120.7799188	31.5898967
120.7799165	31.5898996
120.7799141	31.5899024
120.7799118	31.5899053
120.7799095	31.5899081
120.7799072	31.5899110
120.7799048	31.5899138
120.7799025	31.5899166
120.7799002	31.5899195
120.7798978	31.5899224
120.7798955	31.5899252
120.7798931	31.5899281
120.7798908	31.5899309
120.7798885	31.5899338
120.7798861	31.5899366
120.7798838	31.5899395
120.7798814	31.5899423
120.7798791	31.5899451
120.7798767	31.5899480
120.7798744	31.5899508
120.7798720	31.5899536
120.7798697	31.5899565
120.7798674	31.5899593
120.7798650	31.5899621
120.7798627	31.5899649
120.7798603	31.5899678
120.7798580	31.5899706
120.7798556	31.5899734
120.7798533	31.5899762
120.7798510	31.5899790
120.7798486	31.5899818
120.7798463	31.5899846
120.7798439	31.5899874
120.7798416	31.5899902
120.7798393	31.5899930
120.7798369	31.5899958
120.7798346	31.5899986
120.7798323	31.5900014
120.7798299	31.5900042
120.7798276	31.5900070
120.7798253	31.5900098
120.7798230	31.5900126
120.7798206	31.5900154
120.7798183	31.5900182
120.7798160	31.5900210
120.7798137	31.5900239
120.7798114	31.5900267
120.7798091	31.5900295
120.7798068	31.5900323
120.7798045	31.5900351
120.7798022	31.5900379
120.7797999	31.5900407
120.7797976	31.5900435
120.7797953	31.5900464
120.7797930	31.5900492
120.7797907	31.5900520
120.7797884	31.5900548
120.7797862	31.5900577
120.7797839	31.5900605
120.7797817	31.5900633
120.7797794	31.5900662
120.7797772	31.5900690
120.7797749	31.5900719
120.7797727	31.5900747
120.7797705	31.5900776
120.7797682	31.5900804
120.7797660	31.5900833
120.7797638	31.5900862
120.7797615	31.5900890
120.7797593	31.5900919
120.7797570	31.5900947
120.7797548	31.5900976
120.7797525	31.5901005
120.7797503	31.5901033
120.7797480	31.5901062
120.7797458	31.5901090
120.7797435	31.5901119
120.7797412	31.5901148
120.7797390	31.5901176
120.7797367	31.5901205
120.7797344	31.5901233
120.7797321	31.5901262
120.7797298	31.5901290
120.7797275	31.5901319
120.7797252	31.5901347
120.7797229	31.5901376
120.7797206	31.5901404
120.7797183	31.5901433
120.7797160	31.5901461
120.7797137	31.5901490
120.7797114	31.5901518
120.7797091	31.5901547
120.7797067	31.5901575
120.7797044	31.5901604
120.7797021	31.5901632
120.7796998	31.5901661
120.7796975	31.5901689
120.7796952	31.5901718
120.7796929	31.5901746
120.7796906	31.5901774
120.7796883	31.5901803
120.7796860	31.5901831
120.7796837	31.5901859
120.7796814	31.5901888
120.7796791	31.5901916
120.7796768	31.5901944
120.7796745	31.5901972
120.7796722	31.5902000
120.7796699	31.5902029
120.7796676	31.5902057
120.7796653	31.5902085
120.7796630	31.5902113
120.7796606	31.5902141
120.7796583	31.5902169
120.7796561	31.5902197
120.7796538	31.5902225
120.7796515	31.5902253
120.7796492	31.5902281
120.7796469	31.5902310
120.7796446	31.5902338
120.7796423	31.5902366
120.7796401	31.5902394
120.7796378	31.5902422
120.7796355	31.5902450
120.7796333	31.5902478
120.7796310	31.5902506
120.7796287	31.5902534
120.7796265	31.5902562
120.7796242	31.5902590
120.7796220	31.5902618
120.7796197	31.5902646
120.7796175	31.5902674
120.7796152	31.5902702
120.7796130	31.5902730
120.7796107	31.5902758
120.7796085	31.5902786
120.7796062	31.5902814
120.7796040	31.5902842
120.7796018	31.5902870
120.7795995	31.5902898
120.7795973	31.5902926
120.7795951	31.5902954
120.7795929	31.5902982
120.7795906	31.5903009
120.7795884	31.5903037
120.7795862	31.5903065
120.7795840	31.5903093
120.7795818	31.5903121
120.7795795	31.5903149
120.7795773	31.5903177
120.7795751	31.5903205
120.7795729	31.5903232
120.7795707	31.5903260
120.7795685	31.5903288
120.7795663	31.5903316
120.7795642	31.5903343
120.7795620	31.5903371
120.7795598	31.5903399
120.7795576	31.5903427
120.7795554	31.5903454
120.7795533	31.5903482
120.7795511	31.5903509
120.7795490	31.5903537
120.7795468	31.5903564
120.7795446	31.5903592
120.7795425	31.5903619
120.7795404	31.5903647
120.7795382	31.5903674
120.7795361	31.5903701
120.7795339	31.5903729
120.7795318	31.5903756
120.7795297	31.5903783
120.7795275	31.5903811
120.7795254	31.5903838
120.7795233	31.5903865
120.7795211	31.5903892
120.7795190	31.5903920
120.7795169	31.5903947
120.7795148	31.5903974
120.7795127	31.5904001
120.7795105	31.5904028
120.7795084	31.5904055
120.7795063	31.5904082
120.7795041	31.5904110
120.7795020	31.5904137
120.7794999	31.5904164
120.7794977	31.5904191
120.7794956	31.5904218
120.7794935	31.5904245
120.7794914	31.5904272
120.7794893	31.5904299
120.7794871	31.5904326
120.7794850	31.5904353
120.7794829	31.5904380
120.7794808	31.5904407
120.7794787	31.5904434
120.7794766	31.5904460
120.7794745	31.5904487
120.7794724	31.5904514
120.7794702	31.5904541
120.7794681	31.5904568
120.7794660	31.5904595
120.7794640	31.5904621
120.7794619	31.5904648
120.7794598	31.5904675
120.7794577	31.5904702
120.7794556	31.5904728
120.7794535	31.5904755
120.7794514	31.5904782
120.7794493	31.5904808
120.7794472	31.5904835
120.7794451	31.5904861
120.7794431	31.5904888
120.7794410	31.5904915
120.7794389	31.5904941
120.7794368	31.5904968
120.7794347	31.5904994
120.7794326	31.5905020
120.7794306	31.5905047
120.7794285	31.5905073
120.7794264	31.5905100
120.7794243	31.5905126
120.7794222	31.5905152
120.7794201	31.5905178
120.7794180	31.5905205
120.7794160	31.5905231
120.7794139	31.5905257
120.7794118	31.5905283
120.7794097	31.5905309
120.7794076	31.5905336
120.7794055	31.5905362
120.7794035	31.5905388
120.7794014	31.5905414
120.7793993	31.5905440
120.7793972	31.5905466
120.7793952	31.5905492
120.7793931	31.5905518
120.7793910	31.5905544
120.7793890	31.5905569
120.7793869	31.5905595
120.7793849	31.5905621
120.7793828	31.5905646
120.7793808	31.5905672
120.7793787	31.5905698
120.7793767	31.5905723
120.7793747	31.5905749
120.7793727	31.5905774
120.7793706	31.5905800
120.7793686	31.5905825
120.7793666	31.5905850
120.7793646	31.5905876
120.7793625	31.5905901
120.7793605	31.5905926
120.7793585	31.5905951
120.7793565	31.5905976
120.7793545	31.5906001
120.7793525	31.5906026
120.7793505	31.5906051
120.7793485	31.5906076
120.7793465	31.5906101
120.7793445	31.5906126
120.7793425	31.5906151
120.7793405	31.5906175
120.7793386	31.5906200
120.7793366	31.5906225
120.7793346	31.5906249
120.7793326	31.5906274
120.7793307	31.5906298
120.7793287	31.5906323
120.7793267	31.5906347
120.7793248	31.5906372
120.7793228	31.5906396
120.7793209	31.5906420
120.7793189	31.5906445
120.7793170	31.5906469
120.7793150	31.5906493
120.7793131	31.5906517
120.7793112	31.5906541
120.7793093	31.5906565
120.7793073	31.5906589
120.7793054	31.5906613
120.7793035	31.5906637
120.7793016	31.5906661
120.7792997	31.5906685
120.7792978	31.5906709
120.7792959	31.5906733
120.7792941	31.5906757
120.7792922	31.5906781
120.7792903	31.5906804
120.7792884	31.5906828
120.7792866	31.5906851
120.7792847	31.5906875
120.7792828	31.5906899
120.7792810	31.5906922
120.7792791	31.5906945
120.7792773	31.5906969
120.7792754	31.5906992
120.7792736	31.5907016
120.7792718	31.5907039
120.7792699	31.5907062
120.7792681	31.5907085
120.7792663	31.5907108
120.7792644	31.5907132
120.7792626	31.5907155
120.7792608	31.5907178
120.7792590	31.5907201
120.7792572	31.5907224
120.7792553	31.5907248
120.7792535	31.5907271
120.7792517	31.5907294
120.7792498	31.5907318
120.7792480	31.5907341
120.7792461	31.5907365
120.7792443	31.5907389
120.7792424	31.5907413
120.7792406	31.5907436
120.7792387	31.5907460
120.7792369	31.5907484
120.7792350	31.5907507
120.7792332	31.5907531
120.7792313	31.5907555
120.7792295	31.5907578
120.7792276	31.5907602
120.7792258	31.5907626
120.7792240	31.5907650
120.7792221	31.5907673
120.7792203	31.5907697
120.7792184	31.5907721
120.7792166	31.5907745
120.7792147	31.5907769
120.7792129	31.5907792
120.7792111	31.5907816
120.7792092	31.5907840
120.7792074	31.5907864
120.7792056	31.5907887
120.7792038	31.5907911
120.7792020	31.5907934
120.7792001	31.5907958
120.7791983	31.5907982
120.7791965	31.5908005
120.7791947	31.5908029
120.7791928	31.5908053
120.7791910	31.5908077
120.7791892	31.5908101
120.7791873	31.5908125
120.7791855	31.5908149
120.7791837	31.5908173
120.7791818	31.5908197
120.7791800	31.5908221
120.7791781	31.5908245
120.7791763	31.5908269
120.7791745	31.5908293
120.7791726	31.5908317
120.7791707	31.5908341
120.7791688	31.5908366
120.7791670	31.5908390
120.7791651	31.5908414
120.7791632	31.5908439
120.7791613	31.5908463
120.7791594	31.5908487
120.7791575	31.5908512
120.7791555	31.5908536
120.7791536	31.5908561
120.7791517	31.5908585
120.7791498	31.5908610
120.7791479	31.5908635
120.7791459	31.5908659
120.7791440	31.5908684
120.7791421	31.5908709
120.7791401	31.5908734
120.7791382	31.5908759
120.7791362	31.5908783
120.7791343	31.5908808
120.7791323	31.5908833
120.7791304	31.5908857
120.7791284	31.5908882
120.7791265	31.5908906
120.7791246	31.5908931
120.7791227	31.5908955
120.7791207	31.5908980
120.7791188	31.5909004
120.7791170	31.5909029
120.7791151	31.5909053
120.7791132	31.5909077
120.7791114	31.5909102
120.7791095	31.5909126
120.7791077	31.5909150
120.7791058	31.5909175
120.7791039	31.5909199
120.7791021	31.5909223
120.7791002	31.5909247
120.7790983	31.5909272
120.7790965	31.5909296
120.7790946	31.5909320
120.7790927	31.5909345
120.7790909	31.5909369
120.7790890	31.5909393
120.7790871	31.5909417
120.7790852	31.5909442
120.7790834	31.5909466
120.7790815	31.5909490
120.7790796	31.5909514
120.7790777	31.5909538
120.7790759	31.5909562
120.7790740	31.5909586
120.7790721	31.5909610
120.7790702	31.5909634
120.7790683	31.5909658
120.7790665	31.5909681
120.7790646	31.5909705
120.7790628	31.5909729
120.7790609	31.5909752
120.7790591	31.5909776
120.7790572	31.5909799
120.7790554	31.5909823
120.7790536	31.5909846
120.7790517	31.5909870
120.7790499	31.5909893
120.7790481	31.5909916
120.7790463	31.5909940
120.7790444	31.5909963
120.7790426	31.5909985
120.7790409	31.5910008
120.7790391	31.5910031
120.7790373	31.5910054
120.7790355	31.5910076
120.7790337	31.5910099
120.7790319	31.5910122
120.7790301	31.5910144
120.7790283	31.5910167
120.7790266	31.5910189
120.7790248	31.5910212
120.7790230	31.5910234
120.7790213	31.5910257
120.7790195	31.5910279
120.7790177	31.5910302
120.7790160	31.5910324
120.7790142	31.5910347
120.7790124	31.5910369
120.7790107	31.5910392
120.7790089	31.5910414
120.7790071	31.5910437
120.7790054	31.5910460
120.7790036	31.5910483
120.7790018	31.5910506
120.7790000	31.5910530
120.7789983	31.5910553
120.7789965	31.5910576
120.7789947	31.5910599
120.7789929	31.5910622
120.7789911	31.5910645
120.7789893	31.5910668
120.7789875	31.5910691
120.7789857	31.5910715
120.7789838	31.5910738
120.7789820	31.5910761
120.7789802	31.5910784
120.7789783	31.5910808
120.7789765	31.5910831
120.7789747	31.5910854
120.7789728	31.5910878
120.7789709	31.5910901
120.7789690	31.5910924
120.7789672	31.5910947
120.7789653	31.5910971
120.7789634	31.5910994
120.7789615	31.5911017
120.7789596	31.5911041
120.7789576	31.5911064
120.7789557	31.5911088
120.7789538	31.5911112
120.7789518	31.5911136
120.7789499	31.5911160
120.7789479	31.5911184
120.7789459	31.5911208
120.7789439	31.5911232
120.7789419	31.5911257
120.7789398	31.5911282
120.7789378	31.5911307
120.7789357	31.5911332
120.7789336	31.5911357
120.7789315	31.5911383
120.7789294	31.5911409
120.7789272	31.5911435
120.7789251	31.5911461
120.7789229	31.5911487
120.7789207	31.5911514
120.7789185	31.5911541
120.7789163	31.5911567
120.7789140	31.5911595
120.7789118	31.5911622
120.7789095	31.5911649
120.7789072	31.5911677
120.7789049	31.5911705
120.7789026	31.5911733
120.7789002	31.5911761
120.7788978	31.5911789
120.7788955	31.5911818
120.7788931	31.5911846
120.7788907	31.5911875
120.7788882	31.5911904
120.7788858	31.5911933
120.7788833	31.5911963
120.7788808	31.5911992
120.7788783	31.5912022
120.7788758	31.5912052
120.7788732	31.5912082
120.7788707	31.5912112
120.7788681	31.5912142
120.7788655	31.5912173
120.7788629	31.5912203
120.7788602	31.5912234
120.7788576	31.5912265
120.7788549	31.5912296
120.7788523	31.5912328
120.7788496	31.5912359
120.7788469	31.5912391
120.7788442	31.5912423
120.7788415	31.5912455
120.7788388	31.5912488
120.7788361	31.5912521
120.7788334	31.5912554
120.7788307	31.5912588
120.7788280	31.5912621
120.7788254	31.5912655
120.7788226	31.5912690
120.7788199	31.5912724
120.7788172	31.5912758
120.7788145	31.5912793
120.7788117	31.5912828
120.7788090	31.5912863
120.7788062	31.5912899
120.7788034	31.5912934
120.7788006	31.5912970
120.7787978	31.5913006
120.7787950	31.5913042
120.7787922	31.5913078
120.7787894	31.5913114
120.7787865	31.5913151
120.7787837	31.5913188
120.7787808	31.5913225
120.7787779	31.5913261
120.7787750	31.5913298
120.7787721	31.5913336
120.7787691	31.5913373
120.7787662	31.5913410
120.7787632	31.5913448
120.7787603	31.5913486
120.7787573	31.5913524
120.7787543	31.5913562
120.7787513	31.5913600
120.7787483	31.5913639
120.7787453	31.5913677
120.7787422	31.5913716
120.7787391	31.5913755
120.7787360	31.5913793
120.7787329	31.5913832
120.7787298	31.5913871
120.7787267	31.5913910
120.7787235	31.5913950
120.7787203	31.5913989
120.7787171	31.5914028
120.7787138	31.5914067
120.7787106	31.5914107
120.7787073	31.5914146
120.7787041	31.5914186
120.7787008	31.5914225
120.7786975	31.5914265
120.7786942	31.5914304
120.7786909	31.5914344
120.7786875	31.5914383
120.7786842	31.5914423
120.7786809	31.5914462
120.7786775	31.5914502
120.7786742	31.5914541
120.7786708	31.5914581
120.7786675	31.5914620
120.7786641	31.5914660
120.7786607	31.5914699
120.7786573	31.5914739
120.7786540	31.5914779
120.7786506	31.5914818
120.7786473	31.5914858
120.7786439	31.5914897
120.7786406	31.5914937
120.7786372	31.5914976
120.7786339	31.5915016
120.7786306	31.5915055
120.7786272	31.5915095
120.7786239	31.5915134
120.7786206	31.5915173
120.7786173	31.5915213
120.7786140	31.5915252
120.7786107	31.5915292
120.7786073	31.5915331
120.7786040	31.5915370
120.7786007	31.5915409
120.7785975	31.5915449
120.7785942	31.5915488
120.7785909	31.5915527
120.7785876	31.5915566
120.7785843	31.5915605
120.7785811	31.5915645
120.7785778	31.5915684
120.7785746	31.5915723
120.7785713	31.5915762
120.7785681	31.5915801
120.7785648	31.5915840
120.7785616	31.5915879
120.7785583	31.5915918
