120.6350327	31.4301943
120.6350322	31.4301933
120.6350316	31.4301922
120.6350311	31.4301912
120.6350306	31.4301903
120.6350301	31.4301894
120.6350296	31.4301883
120.6350290	31.4301872
120.6350284	31.4301860
120.6350278	31.4301848
120.6350272	31.4301835
120.6350266	31.4301822
120.6350259	31.4301809
120.6350252	31.4301795
120.6350246	31.4301781
120.6350239	31.4301767
120.6350232	31.4301753
120.6350225	31.4301739
120.6350217	31.4301724
120.6350210	31.4301709
120.6350202	31.4301694
120.6350194	31.4301679
120.6350187	31.4301663
120.6350179	31.4301648
120.6350171	31.4301632
120.6350162	31.4301615
120.6350154	31.4301599
120.6350150	31.4301590
120.6350146	31.4301582
120.6350141	31.4301573
120.6350137	31.4301565
120.6350133	31.4301556
120.6350128	31.4301547
120.6350124	31.4301538
120.6350119	31.4301529
120.6350115	31.4301520
120.6350110	31.4301511
120.6350106	31.4301502
120.6350101	31.4301493
120.6350097	31.4301484
120.6350092	31.4301475
120.6350088	31.4301465
120.6350083	31.4301456
120.6350078	31.4301447
120.6350074	31.4301437
120.6350069	31.4301428
120.6350065	31.4301419
120.6350060	31.4301409
120.6350055	31.4301399
120.6350050	31.4301390
120.6350046	31.4301380
120.6350041	31.4301370
120.6350036	31.4301360
120.6350031	31.4301351
120.6350026	31.4301341
120.6350021	31.4301331
120.6350016	31.4301320
120.6350011	31.4301310
120.6350006	31.4301300
120.6350001	31.4301290
120.6349996	31.4301279
120.6349991	31.4301269
120.6349986	31.4301258
120.6349981	31.4301248
120.6349976	31.4301237
120.6349970	31.4301227
120.6349965	31.4301216
120.6349960	31.4301205
120.6349955	31.4301195
120.6349950	31.4301184
120.6349945	31.4301173
120.6349939	31.4301162
120.6349934	31.4301151
120.6349929	31.4301140
120.6349923	31.4301129
120.6349918	31.4301118
120.6349912	31.4301107
120.6349907	31.4301096
120.6349902	31.4301084
120.6349896	31.4301073
120.6349891	31.4301062
120.6349885	31.4301050
120.6349880	31.4301039
120.6349874	31.4301027
120.6349869	31.4301016
120.6349863	31.4301004
120.6349857	31.4300992
120.6349852	31.4300981
120.6349846	31.4300969
120.6349840	31.4300957
120.6349834	31.4300945
120.6349828	31.4300933
120.6349823	31.4300921
120.6349817	31.4300909
120.6349811	31.4300897
120.6349805	31.4300885
120.6349799	31.4300872
120.6349793	31.4300860
120.6349787	31.4300848
120.6349781	31.4300836
120.6349775	31.4300823
120.6349768	31.4300811
120.6349762	31.4300798
120.6349756	31.4300786
120.6349750	31.4300773
120.6349744	31.4300760
120.6349738	31.4300748
120.6349731	31.4300735
120.6349725	31.4300722
120.6349719	31.4300710
120.6349712	31.4300697
120.6349706	31.4300684
120.6349700	31.4300671
120.6349693	31.4300658
120.6349687	31.4300645
120.6349680	31.4300632
120.6349674	31.4300619
120.6349667	31.4300606
120.6349661	31.4300593
120.6349654	31.4300580
120.6349648	31.4300567
120.6349641	31.4300554
120.6349634	31.4300540
120.6349628	31.4300527
120.6349621	31.4300514
120.6349614	31.4300500
120.6349608	31.4300487
120.6349601	31.4300473
120.6349595	31.4300460
120.6349588	31.4300446
120.6349581	31.4300433
120.6349575	31.4300419
120.6349568	31.4300405
120.6349561	31.4300392
120.6349554	31.4300378
120.6349547	31.4300364
120.6349541	31.4300350
120.6349534	31.4300336
120.6349527	31.4300322
120.6349520	31.4300308
120.6349513	31.4300294
120.6349506	31.4300280
120.6349499	31.4300265
120.6349492	31.4300251
120.6349485	31.4300237
120.6349478	31.4300222
120.6349471	31.4300208
120.6349463	31.4300193
120.6349456	31.4300179
120.6349448	31.4300164
120.6349441	31.4300149
120.6349433	31.4300135
120.6349426	31.4300120
120.6349418	31.4300105
120.6349411	31.4300090
120.6349403	31.4300075
120.6349395	31.4300060
120.6349388	31.4300045
120.6349380	31.4300030
120.6349372	31.4300015
120.6349364	31.4300000
120.6349357	31.4299984
120.6349349	31.4299969
120.6349341	31.4299954
120.6349334	31.4299939
120.6349326	31.4299924
120.6349318	31.4299909
120.6349311	31.4299894
120.6349303	31.4299879
120.6349295	31.4299864
120.6349288	31.4299849
120.6349280	31.4299834
120.6349273	31.4299819
120.6349266	31.4299804
120.6349258	31.4299789
120.6349251	31.4299774
120.6349243	31.4299760
120.6349236	31.4299745
120.6349229	31.4299731
120.6349222	31.4299716
120.6349214	31.4299702
120.6349207	31.4299687
120.6349200	31.4299673
120.6349193	31.4299659
120.6349186	31.4299644
120.6349179	31.4299630
120.6349172	31.4299616
120.6349165	31.4299602
120.6349157	31.4299588
120.6349150	31.4299575
120.6349143	31.4299561
120.6349136	31.4299547
120.6349129	31.4299533
120.6349122	31.4299520
120.6349115	31.4299506
120.6349108	31.4299493
120.6349102	31.4299479
120.6349095	31.4299466
120.6349088	31.4299452
120.6349081	31.4299439
120.6349074	31.4299426
120.6349067	31.4299413
120.6349061	31.4299400
120.6349054	31.4299386
120.6349047	31.4299373
120.6349041	31.4299360
120.6349034	31.4299348
120.6349027	31.4299335
120.6349021	31.4299322
120.6349014	31.4299309
120.6349008	31.4299296
120.6349001	31.4299283
120.6348995	31.4299271
120.6348988	31.4299258
120.6348982	31.4299246
120.6348976	31.4299233
120.6348969	31.4299221
120.6348963	31.4299208
120.6348957	31.4299196
120.6348950	31.4299184
120.6348944	31.4299171
120.6348938	31.4299159
120.6348932	31.4299147
120.6348926	31.4299135
120.6348920	31.4299123
120.6348913	31.4299111
120.6348907	31.4299099
120.6348901	31.4299087
120.6348895	31.4299075
120.6348889	31.4299063
120.6348883	31.4299051
120.6348877	31.4299040
120.6348871	31.4299028
120.6348865	31.4299016
120.6348859	31.4299004
120.6348853	31.4298993
120.6348846	31.4298981
120.6348840	31.4298969
120.6348834	31.4298957
120.6348828	31.4298945
120.6348822	31.4298933
120.6348815	31.4298921
120.6348809	31.4298909
120.6348803	31.4298896
120.6348796	31.4298884
120.6348790	31.4298871
120.6348783	31.4298859
120.6348777	31.4298846
120.6348770	31.4298833
120.6348764	31.4298821
120.6348757	31.4298808
120.6348750	31.4298795
120.6348744	31.4298781
120.6348737	31.4298768
120.6348730	31.4298755
120.6348723	31.4298742
120.6348716	31.4298728
120.6348709	31.4298715
120.6348702	31.4298701
120.6348695	31.4298687
120.6348688	31.4298674
120.6348681	31.4298660
120.6348674	31.4298646
120.6348667	31.4298632
120.6348660	31.4298618
120.6348653	31.4298604
120.6348645	31.4298590
120.6348638	31.4298576
120.6348631	31.4298561
120.6348623	31.4298547
120.6348616	31.4298533
120.6348608	31.4298518
120.6348601	31.4298504
120.6348593	31.4298489
120.6348586	31.4298475
120.6348578	31.4298460
120.6348570	31.4298445
120.6348563	31.4298430
120.6348555	31.4298415
120.6348547	31.4298400
120.6348539	31.4298385
120.6348531	31.4298370
120.6348523	31.4298355
120.6348516	31.4298340
120.6348508	31.4298324
120.6348500	31.4298309
120.6348492	31.4298294
120.6348483	31.4298278
120.6348475	31.4298263
120.6348467	31.4298247
120.6348459	31.4298231
120.6348451	31.4298216
120.6348442	31.4298200
120.6348434	31.4298184
120.6348426	31.4298168
120.6348418	31.4298152
120.6348409	31.4298136
120.6348401	31.4298120
120.6348392	31.4298104
120.6348384	31.4298088
120.6348375	31.4298071
120.6348366	31.4298055
120.6348358	31.4298039
120.6348349	31.4298022
120.6348341	31.4298006
120.6348332	31.4297989
120.6348323	31.4297973
120.6348314	31.4297956
120.6348306	31.4297939
120.6348297	31.4297922
120.6348288	31.4297905
120.6348279	31.4297888
120.6348270	31.4297871
120.6348261	31.4297854
120.6348252	31.4297837
120.6348243	31.4297820
120.6348234	31.4297803
120.6348225	31.4297785
120.6348216	31.4297768
120.6348207	31.4297751
120.6348198	31.4297733
120.6348189	31.4297716
120.6348180	31.4297698
120.6348171	31.4297680
120.6348162	31.4297663
120.6348152	31.4297645
120.6348143	31.4297628
120.6348134	31.4297610
120.6348125	31.4297593
120.6348116	31.4297575
120.6348107	31.4297558
120.6348098	31.4297541
120.6348089	31.4297524
120.6348080	31.4297506
120.6348070	31.4297489
120.6348062	31.4297472
120.6348053	31.4297455
120.6348044	31.4297438
120.6348035	31.4297421
120.6348026	31.4297405
120.6348017	31.4297388
120.6348009	31.4297371
120.6348000	31.4297355
120.6347991	31.4297338
120.6347982	31.4297321
120.6347974	31.4297305
120.6347965	31.4297288
120.6347956	31.4297271
120.6347948	31.4297254
120.6347939	31.4297238
120.6347930	31.4297221
120.6347921	31.4297204
120.6347913	31.4297188
120.6347904	31.4297171
120.6347895	31.4297154
120.6347886	31.4297137
120.6347878	31.4297120
120.6347869	31.4297103
120.6347860	31.4297086
120.6347851	31.4297069
120.6347843	31.4297053
120.6347834	31.4297036
120.6347825	31.4297019
120.6347816	31.4297002
120.6347807	31.4296985
120.6347799	31.4296968
120.6347790	31.4296951
120.6347781	31.4296933
120.6347772	31.4296916
120.6347763	31.4296899
120.6347754	31.4296882
120.6347745	31.4296865
120.6347736	31.4296848
120.6347727	31.4296831
120.6347718	31.4296813
120.6347709	31.4296796
120.6347700	31.4296779
120.6347691	31.4296762
120.6347682	31.4296745
120.6347673	31.4296727
120.6347664	31.4296710
120.6347655	31.4296693
120.6347646	31.4296675
120.6347637	31.4296658
120.6347628	31.4296641
120.6347619	31.4296624
120.6347610	31.4296606
120.6347601	31.4296589
120.6347592	31.4296571
120.6347583	31.4296554
120.6347574	31.4296537
120.6347566	31.4296519
120.6347557	31.4296502
120.6347548	31.4296484
120.6347539	31.4296467
120.6347530	31.4296450
120.6347521	31.4296432
120.6347512	31.4296415
120.6347503	31.4296397
120.6347494	31.4296380
120.6347485	31.4296362
120.6347476	31.4296345
120.6347467	31.4296327
120.6347458	31.4296310
120.6347449	31.4296292
120.6347440	31.4296275
120.6347431	31.4296257
120.6347422	31.4296239
120.6347413	31.4296222
120.6347404	31.4296204
120.6347395	31.4296187
120.6347386	31.4296169
120.6347377	31.4296152
120.6347368	31.4296134
120.6347358	31.4296116
120.6347349	31.4296099
120.6347340	31.4296081
120.6347331	31.4296064
120.6347322	31.4296046
120.6347313	31.4296028
120.6347304	31.4296011
120.6347295	31.4295993
120.6347286	31.4295975
120.6347277	31.4295958
120.6347268	31.4295940
120.6347259	31.4295923
120.6347250	31.4295905
120.6347241	31.4295888
120.6347232	31.4295870
120.6347223	31.4295852
120.6347214	31.4295835
120.6347205	31.4295818
120.6347196	31.4295800
120.6347187	31.4295783
120.6347179	31.4295766
120.6347170	31.4295749
120.6347161	31.4295732
120.6347152	31.4295715
120.6347144	31.4295698
120.6347135	31.4295681
120.6347127	31.4295665
120.6347118	31.4295648
120.6347110	31.4295632
120.6347101	31.4295615
120.6347093	31.4295599
120.6347085	31.4295582
120.6347076	31.4295566
120.6347068	31.4295550
120.6347059	31.4295533
120.6347051	31.4295517
120.6347043	31.4295500
120.6347034	31.4295484
120.6347026	31.4295468
120.6347017	31.4295451
120.6347009	31.4295435
120.6347001	31.4295418
120.6346992	31.4295402
120.6346984	31.4295385
120.6346975	31.4295369
120.6346967	31.4295352
120.6346958	31.4295336
120.6346950	31.4295319
120.6346942	31.4295303
120.6346933	31.4295286
120.6346925	31.4295270
120.6346916	31.4295253
120.6346908	31.4295236
120.6346899	31.4295220
120.6346891	31.4295203
120.6346882	31.4295186
120.6346874	31.4295170
120.6346865	31.4295153
120.6346857	31.4295136
120.6346848	31.4295120
120.6346839	31.4295103
120.6346831	31.4295086
120.6346822	31.4295069
120.6346814	31.4295053
120.6346805	31.4295036
120.6346797	31.4295019
120.6346788	31.4295002
120.6346780	31.4294986
120.6346771	31.4294969
120.6346763	31.4294952
120.6346754	31.4294935
120.6346746	31.4294918
120.6346737	31.4294902
120.6346729	31.4294885
120.6346720	31.4294868
120.6346712	31.4294852
120.6346703	31.4294835
120.6346695	31.4294818
120.6346686	31.4294801
120.6346678	31.4294785
120.6346669	31.4294768
120.6346661	31.4294751
120.6346652	31.4294735
120.6346644	31.4294718
120.6346635	31.4294701
120.6346627	31.4294684
120.6346618	31.4294668
120.6346610	31.4294651
120.6346601	31.4294634
120.6346593	31.4294617
120.6346584	31.4294601
120.6346576	31.4294584
120.6346567	31.4294567
120.6346559	31.4294550
120.6346551	31.4294534
120.6346542	31.4294517
120.6346534	31.4294500
120.6346526	31.4294483
120.6346517	31.4294467
120.6346509	31.4294450
120.6346501	31.4294433
120.6346492	31.4294416
120.6346484	31.4294399
120.6346476	31.4294383
120.6346467	31.4294366
120.6346459	31.4294349
120.6346451	31.4294332
120.6346442	31.4294316
120.6346434	31.4294299
120.6346426	31.4294282
120.6346417	31.4294265
120.6346409	31.4294248
120.6346401	31.4294232
120.6346392	31.4294215
120.6346384	31.4294198
120.6346375	31.4294181
120.6346367	31.4294164
120.6346358	31.4294147
120.6346350	31.4294131
120.6346341	31.4294114
120.6346333	31.4294097
120.6346324	31.4294080
120.6346316	31.4294063
120.6346307	31.4294046
120.6346299	31.4294030
120.6346290	31.4294013
120.6346282	31.4293996
120.6346274	31.4293979
120.6346265	31.4293963
120.6346257	31.4293946
120.6346248	31.4293929
120.6346240	31.4293913
120.6346232	31.4293897
120.6346224	31.4293880
120.6346215	31.4293864
120.6346207	31.4293848
120.6346199	31.4293832
120.6346191	31.4293816
120.6346183	31.4293800
120.6346175	31.4293784
120.6346167	31.4293768
120.6346159	31.4293753
120.6346151	31.4293737
120.6346143	31.4293722
120.6346136	31.4293706
120.6346128	31.4293691
120.6346120	31.4293676
120.6346113	31.4293661
120.6346105	31.4293645
120.6346097	31.4293631
120.6346090	31.4293616
120.6346082	31.4293601
120.6346075	31.4293586
120.6346068	31.4293572
120.6346060	31.4293557
120.6346053	31.4293542
120.6346046	31.4293528
120.6346039	31.4293514
120.6346032	31.4293499
120.6346025	31.4293485
120.6346018	31.4293471
120.6346011	31.4293457
120.6346004	31.4293443
120.6345997	31.4293429
120.6345990	31.4293415
120.6345983	31.4293400
120.6345976	31.4293386
120.6345969	31.4293372
120.6345962	31.4293358
120.6345954	31.4293344
120.6345947	31.4293329
120.6345940	31.4293315
120.6345933	31.4293301
120.6345926	31.4293287
120.6345919	31.4293272
120.6345912	31.4293258
120.6345904	31.4293243
120.6345897	31.4293229
120.6345890	31.4293214
120.6345883	31.4293200
120.6345875	31.4293186
120.6345868	31.4293171
120.6345861	31.4293157
120.6345854	31.4293142
120.6345846	31.4293127
120.6345839	31.4293113
120.6345832	31.4293098
120.6345825	31.4293084
120.6345817	31.4293069
120.6345810	31.4293055
120.6345803	31.4293040
120.6345795	31.4293025
120.6345788	31.4293011
120.6345781	31.4292996
120.6345773	31.4292982
120.6345766	31.4292967
120.6345759	31.4292952
120.6345752	31.4292938
120.6345745	31.4292923
120.6345737	31.4292908
120.6345730	31.4292894
120.6345723	31.4292879
120.6345716	31.4292864
120.6345708	31.4292850
120.6345701	31.4292835
120.6345694	31.4292820
120.6345687	31.4292806
120.6345679	31.4292791
120.6345672	31.4292776
120.6345665	31.4292761
120.6345657	31.4292747
120.6345650	31.4292732
120.6345643	31.4292717
120.6345635	31.4292702
120.6345628	31.4292688
120.6345621	31.4292673
120.6345613	31.4292658
120.6345606	31.4292643
120.6345598	31.4292629
120.6345591	31.4292614
120.6345583	31.4292599
120.6345576	31.4292584
120.6345568	31.4292569
120.6345561	31.4292554
120.6345553	31.4292540
120.6345546	31.4292525
120.6345539	31.4292510
120.6345531	31.4292495
120.6345524	31.4292480
120.6345516	31.4292465
120.6345508	31.4292450
120.6345501	31.4292435
120.6345493	31.4292421
120.6345486	31.4292406
120.6345478	31.4292391
120.6345470	31.4292376
120.6345463	31.4292361
120.6345455	31.4292346
120.6345447	31.4292331
120.6345440	31.4292316
120.6345432	31.4292301
120.6345424	31.4292286
120.6345416	31.4292271
120.6345408	31.4292256
120.6345401	31.4292241
120.6345393	31.4292225
120.6345385	31.4292210
120.6345377	31.4292195
120.6345369	31.4292180
120.6345361	31.4292165
120.6345354	31.4292150
120.6345346	31.4292135
120.6345338	31.4292120
120.6345330	31.4292105
120.6345322	31.4292090
120.6345314	31.4292074
120.6345306	31.4292059
120.6345298	31.4292044
120.6345290	31.4292029
120.6345282	31.4292014
120.6345274	31.4291998
120.6345266	31.4291983
120.6345258	31.4291968
120.6345250	31.4291952
120.6345242	31.4291937
120.6345234	31.4291922
120.6345226	31.4291907
120.6345218	31.4291891
120.6345210	31.4291876
120.6345201	31.4291860
120.6345193	31.4291845
120.6345185	31.4291830
120.6345177	31.4291814
120.6345169	31.4291799
120.6345161	31.4291784
120.6345152	31.4291768
120.6345144	31.4291753
120.6345136	31.4291738
120.6345128	31.4291722
120.6345119	31.4291707
120.6345111	31.4291692
120.6345103	31.4291676
120.6345094	31.4291661
120.6345086	31.4291645
120.6345078	31.4291630
120.6345069	31.4291615
120.6345061	31.4291599
120.6345052	31.4291584
120.6345044	31.4291568
120.6345035	31.4291553
120.6345027	31.4291537
120.6345019	31.4291522
120.6345010	31.4291506
120.6345002	31.4291491
120.6344993	31.4291475
120.6344985	31.4291460
120.6344976	31.4291444
120.6344968	31.4291429
120.6344959	31.4291413
120.6344951	31.4291398
120.6344942	31.4291383
120.6344934	31.4291367
120.6344926	31.4291352
120.6344917	31.4291337
120.6344909	31.4291322
120.6344901	31.4291307
120.6344893	31.4291292
120.6344885	31.4291277
120.6344877	31.4291263
120.6344869	31.4291248
120.6344861	31.4291233
120.6344853	31.4291219
120.6344845	31.4291204
120.6344838	31.4291190
120.6344830	31.4291176
120.6344822	31.4291162
120.6344815	31.4291148
120.6344807	31.4291134
120.6344800	31.4291120
120.6344792	31.4291107
120.6344785	31.4291093
120.6344778	31.4291080
120.6344771	31.4291067
120.6344764	31.4291054
120.6344758	31.4291041
120.6344751	31.4291029
120.6344744	31.4291017
120.6344738	31.4291005
120.6344732	31.4290993
120.6344725	31.4290981
120.6344719	31.4290969
120.6344713	31.4290958
120.6344707	31.4290947
120.6344702	31.4290936
120.6344696	31.4290925
120.6344690	31.4290914
120.6344685	31.4290904
120.6344680	31.4290893
120.6344674	31.4290883
120.6344669	31.4290873
120.6344664	31.4290864
120.6344659	31.4290854
120.6344654	31.4290845
120.6344649	31.4290835
120.6344644	31.4290826
120.6344639	31.4290817
120.6344635	31.4290808
120.6344630	31.4290799
120.6344626	31.4290791
120.6344621	31.4290782
120.6344617	31.4290774
120.6344609	31.4290758
120.6344601	31.4290743
120.6344593	31.4290728
120.6344586	31.4290714
120.6344579	31.4290701
120.6344573	31.4290689
120.6344567	31.4290677
120.6344561	31.4290666
120.6344556	31.4290656
120.6344551	31.4290647
120.6344547	31.4290638
120.6344541	31.4290627
