  longitude ,  latitude ,high;roll,yaw,pitch;n_vel,e_vel,u_vel
118.80840353,31.89051494,8.33,0.60,264.45,-1.00,-0.00,-0.00,0.00
118.80840353,31.89051494,8.33,0.59,264.45,-1.00,-0.00,-0.00,0.00
118.80840353,31.89051494,8.33,0.60,264.45,-1.00,-0.00,-0.00,0.00
118.80840352,31.89051494,8.33,0.59,264.45,-1.00,-0.00,-0.00,0.00
118.80840352,31.89051494,8.33,0.59,264.45,-1.00,-0.00,-0.00,0.00
118.80840352,31.89051494,8.33,0.59,264.45,-1.00,-0.00,-0.00,0.00
118.80840352,31.89051494,8.33,0.60,264.45,-1.00,0.00,0.00,0.00
118.80840352,31.89051494,8.33,0.60,264.45,-1.00,0.00,0.00,0.00
118.80840352,31.89051494,8.33,0.60,264.45,-1.00,-0.00,0.00,-0.00
118.80840352,31.89051494,8.33,0.59,264.45,-1.00,-0.00,-0.00,0.00
118.80840352,31.89051494,8.33,0.59,264.46,-1.00,-0.00,-0.00,0.00
118.80840351,31.89051494,8.33,0.59,264.45,-1.01,0.00,-0.00,0.00
118.80840351,31.89051494,8.33,0.59,264.45,-1.01,0.00,-0.00,0.00
118.80840351,31.89051495,8.33,0.59,264.45,-1.00,0.00,-0.00,0.00
118.80840351,31.89051495,8.33,0.59,264.45,-1.00,0.00,-0.00,0.00
118.80840351,31.89051495,8.33,0.59,264.45,-1.00,-0.00,-0.00,0.00
118.80840351,31.89051495,8.33,0.59,264.45,-1.00,-0.00,-0.00,0.00
118.80840351,31.89051495,8.33,0.59,264.45,-1.00,-0.00,-0.00,0.00
118.80840351,31.89051495,8.33,0.59,264.45,-1.00,-0.00,-0.00,0.00
118.80840350,31.89051495,8.33,0.59,264.46,-0.98,0.00,-0.01,-0.00
118.80840349,31.89051495,8.33,0.59,264.46,-0.97,-0.00,-0.03,0.00
118.80840348,31.89051495,8.33,0.59,264.45,-0.97,-0.00,-0.04,0.00
118.80840345,31.89051495,8.33,0.59,264.45,-0.97,-0.00,-0.06,-0.00
118.80840341,31.89051494,8.33,0.59,264.45,-0.94,-0.01,-0.09,-0.00
118.80840335,31.89051494,8.33,0.59,264.45,-0.93,-0.01,-0.13,-0.00
118.80840328,31.89051493,8.33,0.59,264.45,-0.92,-0.02,-0.16,0.01
118.80840318,31.89051493,8.33,0.59,264.45,-0.90,-0.02,-0.21,-0.00
118.80840305,31.89051492,8.33,0.59,264.44,-0.88,-0.02,-0.26,-0.00
118.80840290,31.89051491,8.33,0.59,264.43,-0.86,-0.03,-0.32,0.00
118.80840271,31.89051489,8.33,0.59,264.43,-0.82,-0.03,-0.39,0.00
118.80840249,31.89051488,8.33,0.59,264.43,-0.80,-0.04,-0.46,0.01
118.80840223,31.89051486,8.33,0.59,264.42,-0.78,-0.05,-0.54,0.00
118.80840192,31.89051483,8.33,0.58,264.42,-0.75,-0.06,-0.62,0.01
118.80840157,31.89051481,8.33,0.57,264.42,-0.71,-0.06,-0.72,0.00
118.80840117,31.89051477,8.33,0.57,264.41,-0.68,-0.07,-0.81,0.01
118.80840072,31.89051474,8.33,0.57,264.41,-0.67,-0.08,-0.91,0.01
118.80840021,31.89051470,8.33,0.57,264.41,-0.65,-0.09,-1.00,0.01
118.80839966,31.89051466,8.33,0.58,264.41,-0.64,-0.10,-1.09,0.00
118.80839906,31.89051461,8.33,0.59,264.41,-0.63,-0.10,-1.18,0.01
118.80839841,31.89051457,8.33,0.59,264.40,-0.63,-0.11,-1.28,0.01
118.80839771,31.89051451,8.34,0.60,264.40,-0.64,-0.12,-1.36,0.02
118.80839696,31.89051445,8.34,0.59,264.39,-0.64,-0.13,-1.45,0.01
118.80839617,31.89051439,8.34,0.57,264.39,-0.63,-0.15,-1.53,0.01
118.80839534,31.89051432,8.34,0.55,264.39,-0.62,-0.16,-1.61,0.00
118.80839446,31.89051425,8.34,0.55,264.40,-0.61,-0.16,-1.70,0.00
118.80839355,31.89051418,8.34,0.54,264.39,-0.60,-0.16,-1.77,0.01
118.80839258,31.89051410,8.34,0.56,264.38,-0.61,-0.16,-1.85,0.01
118.80839158,31.89051403,8.34,0.59,264.37,-0.62,-0.17,-1.93,0.01
118.80839054,31.89051395,8.34,0.60,264.38,-0.60,-0.18,-2.00,0.01
118.80838947,31.89051386,8.34,0.60,264.38,-0.58,-0.19,-2.06,0.02
118.80838835,31.89051377,8.34,0.57,264.39,-0.59,-0.20,-2.14,0.03
118.80838721,31.89051368,8.34,0.55,264.38,-0.61,-0.21,-2.20,0.02
118.80838602,31.89051358,8.34,0.53,264.37,-0.61,-0.22,-2.27,0.01
118.80838481,31.89051348,8.34,0.52,264.37,-0.60,-0.22,-2.34,0.01
118.80838355,31.89051338,8.34,0.52,264.37,-0.62,-0.22,-2.40,0.03
118.80838227,31.89051328,8.34,0.51,264.37,-0.65,-0.22,-2.45,0.03
118.80838096,31.89051318,8.35,0.52,264.37,-0.64,-0.23,-2.51,0.01
118.80837961,31.89051308,8.35,0.55,264.36,-0.65,-0.23,-2.57,0.01
118.80837824,31.89051297,8.35,0.55,264.36,-0.66,-0.24,-2.63,0.01
118.80837683,31.89051286,8.35,0.56,264.35,-0.67,-0.24,-2.68,0.02
118.80837540,31.89051275,8.35,0.59,264.35,-0.65,-0.25,-2.74,0.02
118.80837394,31.89051263,8.35,0.59,264.36,-0.64,-0.26,-2.79,0.02
118.80837244,31.89051251,8.35,0.53,264.36,-0.63,-0.28,-2.85,0.02
118.80837092,31.89051238,8.35,0.50,264.37,-0.62,-0.28,-2.90,0.01
118.80836938,31.89051226,8.35,0.53,264.36,-0.62,-0.28,-2.96,0.01
118.80836780,31.89051213,8.35,0.53,264.36,-0.62,-0.28,-3.01,0.02
118.80836620,31.89051200,8.35,0.52,264.36,-0.59,-0.28,-3.06,0.04
118.80836456,31.89051188,8.35,0.51,264.37,-0.58,-0.29,-3.12,0.04
118.80836290,31.89051174,8.35,0.49,264.38,-0.59,-0.30,-3.18,0.03
118.80836121,31.89051160,8.35,0.44,264.38,-0.58,-0.31,-3.23,0.01
118.80835950,31.89051146,8.35,0.43,264.39,-0.52,-0.31,-3.27,0.01
118.80835776,31.89051132,8.36,0.43,264.41,-0.49,-0.31,-3.33,0.02
118.80835598,31.89051118,8.36,0.44,264.43,-0.45,-0.30,-3.39,-0.00
118.80835418,31.89051104,8.36,0.44,264.45,-0.41,-0.31,-3.44,0.01
118.80835234,31.89051090,8.36,0.49,264.48,-0.41,-0.31,-3.49,0.02
118.80835048,31.89051076,8.36,0.45,264.50,-0.41,-0.33,-3.55,0.05
118.80834859,31.89051061,8.36,0.36,264.52,-0.43,-0.33,-3.61,0.04
118.80834666,31.89051045,8.36,0.40,264.54,-0.45,-0.34,-3.66,-0.00
118.80834471,31.89051030,8.36,0.42,264.56,-0.45,-0.33,-3.72,0.01
118.80834272,31.89051015,8.36,0.38,264.55,-0.51,-0.33,-3.79,0.06
118.80834070,31.89050998,8.37,0.35,264.57,-0.57,-0.34,-3.84,0.04
118.80833865,31.89050982,8.37,0.38,264.59,-0.58,-0.35,-3.89,0.02
118.80833657,31.89050966,8.37,0.45,264.61,-0.60,-0.35,-3.94,0.04
118.80833446,31.89050950,8.37,0.47,264.63,-0.66,-0.35,-4.00,0.04
118.80833232,31.89050933,8.37,0.46,264.65,-0.67,-0.36,-4.06,0.02
118.80833016,31.89050916,8.37,0.48,264.66,-0.71,-0.36,-4.11,0.03
118.80832796,31.89050899,8.37,0.48,264.68,-0.75,-0.37,-4.17,0.04
118.80832574,31.89050881,8.38,0.47,264.70,-0.76,-0.37,-4.22,0.00
118.80832350,31.89050864,8.38,0.47,264.71,-0.73,-0.38,-4.27,0.01
118.80832122,31.89050846,8.38,0.39,264.73,-0.73,-0.39,-4.33,0.02
118.80831891,31.89050828,8.38,0.39,264.74,-0.74,-0.38,-4.38,0.01
118.80831658,31.89050810,8.38,0.48,264.75,-0.73,-0.37,-4.43,-0.00
118.80831422,31.89050793,8.38,0.56,264.77,-0.73,-0.37,-4.48,0.01
118.80831183,31.89050775,8.38,0.55,264.79,-0.77,-0.38,-4.52,0.04
118.80830943,31.89050757,8.38,0.55,264.82,-0.79,-0.39,-4.57,0.02
118.80830700,31.89050738,8.38,0.56,264.84,-0.78,-0.40,-4.60,-0.00
118.80830455,31.89050720,8.38,0.61,264.85,-0.76,-0.40,-4.65,0.00
118.80830208,31.89050701,8.38,0.60,264.87,-0.78,-0.40,-4.69,0.04
118.80829960,31.89050683,8.38,0.50,264.89,-0.80,-0.41,-4.71,0.04
118.80829709,31.89050664,8.38,0.48,264.93,-0.78,-0.42,-4.75,0.01
118.80829458,31.89050646,8.38,0.49,264.96,-0.75,-0.42,-4.78,0.00
118.80829204,31.89050628,8.38,0.58,264.99,-0.71,-0.39,-4.82,-0.01
118.80828949,31.89050612,8.38,0.63,265.01,-0.69,-0.39,-4.84,0.03
118.80828692,31.89050595,8.38,0.59,265.03,-0.71,-0.39,-4.87,0.04
118.80828434,31.89050578,8.38,0.61,265.05,-0.69,-0.40,-4.90,0.02
118.80828174,31.89050560,8.38,0.62,265.08,-0.68,-0.41,-4.93,0.00
118.80827913,31.89050543,8.38,0.63,265.11,-0.68,-0.41,-4.96,0.02
118.80827650,31.89050525,8.39,0.57,265.14,-0.74,-0.42,-4.98,0.05
118.80827386,31.89050507,8.39,0.56,265.18,-0.74,-0.42,-5.00,0.02
118.80827121,31.89050489,8.39,0.53,265.21,-0.70,-0.41,-5.02,0.02
118.80826855,31.89050471,8.39,0.58,265.24,-0.72,-0.39,-5.06,0.02
118.80826587,31.89050455,8.39,0.64,265.26,-0.79,-0.39,-5.06,0.04
118.80826319,31.89050438,8.39,0.62,265.28,-0.83,-0.39,-5.07,0.04
118.80826050,31.89050421,8.39,0.61,265.31,-0.85,-0.39,-5.08,0.00
118.80825781,31.89050404,8.39,0.66,265.35,-0.78,-0.40,-5.08,-0.00
118.80825512,31.89050386,8.39,0.66,265.39,-0.77,-0.39,-5.10,0.01
118.80825242,31.89050369,8.40,0.63,265.43,-0.84,-0.39,-5.10,0.06
118.80824972,31.89050352,8.40,0.62,265.46,-0.90,-0.38,-5.10,0.04
118.80824702,31.89050336,8.40,0.62,265.50,-0.91,-0.38,-5.10,0.00
118.80824432,31.89050319,8.40,0.65,265.53,-0.88,-0.37,-5.11,-0.00
118.80824163,31.89050301,8.40,0.63,265.56,-0.93,-0.38,-5.12,0.05
118.80823894,31.89050284,8.40,0.59,265.59,-0.98,-0.38,-5.12,0.03
118.80823625,31.89050267,8.41,0.62,265.63,-0.99,-0.38,-5.12,0.02
118.80823356,31.89050249,8.41,0.61,265.67,-0.98,-0.37,-5.12,0.02
118.80823086,31.89050232,8.41,0.64,265.70,-0.98,-0.36,-5.12,0.02
118.80822817,31.89050216,8.41,0.69,265.73,-0.98,-0.35,-5.10,0.04
118.80822547,31.89050200,8.41,0.69,265.76,-1.00,-0.35,-5.11,0.02
118.80822277,31.89050184,8.41,0.71,265.79,-0.96,-0.35,-5.11,-0.00
118.80822008,31.89050167,8.41,0.70,265.84,-0.92,-0.36,-5.12,-0.01
118.80821737,31.89050151,8.41,0.65,265.90,-0.90,-0.36,-5.13,0.01
118.80821468,31.89050134,8.42,0.60,265.95,-0.88,-0.36,-5.13,0.04
118.80821197,31.89050117,8.42,0.58,265.99,-0.89,-0.35,-5.14,0.05
118.80820927,31.89050102,8.42,0.60,266.03,-0.90,-0.33,-5.14,0.02
118.80820656,31.89050086,8.42,0.63,266.08,-0.90,-0.32,-5.15,0.03
118.80820386,31.89050071,8.43,0.61,266.12,-0.93,-0.33,-5.15,0.06
118.80820115,31.89050056,8.43,0.65,266.16,-0.96,-0.32,-5.14,0.02
118.80819844,31.89050041,8.43,0.67,266.21,-0.91,-0.33,-5.13,0.00
118.80819573,31.89050026,8.43,0.64,266.26,-0.90,-0.33,-5.14,0.03
118.80819302,31.89050011,8.43,0.61,266.31,-0.94,-0.33,-5.14,0.06
118.80819030,31.89049997,8.43,0.61,266.35,-0.99,-0.32,-5.15,0.04
118.80818758,31.89049984,8.43,0.64,266.39,-0.97,-0.31,-5.15,0.00
118.80818486,31.89049970,8.43,0.61,266.43,-0.93,-0.30,-5.15,0.02
118.80818213,31.89049957,8.43,0.64,266.47,-0.98,-0.30,-5.16,0.03
118.80817940,31.89049945,8.43,0.69,266.51,-1.00,-0.29,-5.16,0.02
118.80817667,31.89049932,8.43,0.70,266.55,-1.02,-0.29,-5.16,0.03
118.80817394,31.89049920,8.43,0.70,266.59,-1.05,-0.28,-5.16,0.02
118.80817121,31.89049907,8.43,0.72,266.63,-1.05,-0.29,-5.16,0.03
118.80816848,31.89049895,8.43,0.70,266.67,-1.03,-0.28,-5.16,0.02
118.80816574,31.89049883,8.43,0.71,266.71,-1.03,-0.29,-5.16,0.03
118.80816300,31.89049870,8.43,0.70,266.75,-1.05,-0.28,-5.17,0.02
118.80816027,31.89049858,8.43,0.65,266.79,-1.01,-0.28,-5.17,-0.01
118.80815753,31.89049846,8.43,0.70,266.83,-0.96,-0.28,-5.18,0.02
118.80815479,31.89049834,8.43,0.66,266.87,-0.97,-0.27,-5.18,0.02
118.80815205,31.89049822,8.43,0.65,266.90,-0.93,-0.26,-5.18,0.00
118.80814931,31.89049811,8.43,0.69,266.93,-0.89,-0.26,-5.19,0.02
118.80814656,31.89049800,8.43,0.70,266.96,-0.91,-0.25,-5.19,0.03
118.80814382,31.89049789,8.43,0.72,266.98,-0.93,-0.25,-5.19,0.02
118.80814107,31.89049779,8.43,0.73,267.01,-0.91,-0.25,-5.19,-0.01
118.80813832,31.89049767,8.43,0.71,267.04,-0.88,-0.26,-5.20,0.03
118.80813557,31.89049757,8.43,0.77,267.05,-0.96,-0.25,-5.21,0.05
118.80813280,31.89049746,8.43,0.78,267.06,-1.00,-0.24,-5.21,0.02
118.80813004,31.89049735,8.43,0.68,267.08,-1.00,-0.26,-5.21,0.02
118.80812727,31.89049723,8.43,0.64,267.10,-1.03,-0.26,-5.22,0.04
118.80812451,31.89049712,8.43,0.65,267.12,-1.03,-0.26,-5.21,0.02
118.80812174,31.89049700,8.43,0.63,267.14,-1.00,-0.25,-5.22,0.02
118.80811897,31.89049689,8.43,0.62,267.15,-1.05,-0.24,-5.23,0.03
118.80811620,31.89049679,8.44,0.65,267.16,-1.08,-0.24,-5.23,0.02
118.80811343,31.89049669,8.44,0.69,267.17,-1.05,-0.22,-5.23,-0.01
118.80811065,31.89049658,8.44,0.69,267.17,-1.02,-0.23,-5.24,0.01
118.80810788,31.89049648,8.44,0.68,267.16,-1.03,-0.24,-5.24,0.02
118.80810510,31.89049637,8.44,0.71,267.15,-1.01,-0.24,-5.25,-0.00
118.80810232,31.89049626,8.44,0.72,267.14,-0.98,-0.25,-5.25,0.04
118.80809954,31.89049615,8.44,0.65,267.14,-1.00,-0.25,-5.25,0.04
118.80809676,31.89049604,8.44,0.66,267.12,-1.02,-0.25,-5.25,-0.01
118.80809397,31.89049593,8.44,0.73,267.11,-1.01,-0.24,-5.25,0.01
118.80809119,31.89049582,8.44,0.68,267.10,-1.04,-0.25,-5.26,0.04
118.80808840,31.89049571,8.44,0.58,267.09,-1.05,-0.26,-5.25,0.02
118.80808562,31.89049560,8.44,0.65,267.08,-1.01,-0.26,-5.25,-0.00
118.80808283,31.89049548,8.44,0.73,267.07,-0.97,-0.25,-5.26,0.01
118.80808004,31.89049538,8.44,0.67,267.05,-0.98,-0.25,-5.27,0.05
118.80807726,31.89049527,8.44,0.62,267.03,-1.02,-0.25,-5.27,0.03
118.80807448,31.89049517,8.44,0.69,267.02,-1.00,-0.25,-5.27,-0.01
118.80807170,31.89049507,8.44,0.71,267.01,-0.94,-0.26,-5.27,0.01
118.80806891,31.89049496,8.44,0.61,267.00,-0.93,-0.27,-5.27,0.03
118.80806613,31.89049485,8.44,0.59,266.99,-0.97,-0.27,-5.28,0.04
118.80806334,31.89049474,8.45,0.63,266.97,-0.98,-0.26,-5.28,0.02
118.80806055,31.89049464,8.45,0.67,266.95,-0.93,-0.25,-5.28,0.02
118.80805777,31.89049453,8.45,0.64,266.93,-0.88,-0.25,-5.28,0.03
118.80805498,31.89049443,8.45,0.65,266.90,-0.87,-0.26,-5.29,0.03
118.80805219,31.89049432,8.45,0.67,266.87,-0.90,-0.26,-5.29,0.02
118.80804940,31.89049421,8.45,0.70,266.84,-0.90,-0.26,-5.29,0.01
118.80804660,31.89049410,8.45,0.66,266.80,-0.87,-0.28,-5.28,0.03
118.80804381,31.89049398,8.45,0.62,266.76,-0.86,-0.28,-5.29,0.02
118.80804102,31.89049386,8.45,0.65,266.70,-0.87,-0.28,-5.29,0.03
118.80803822,31.89049375,8.45,0.73,266.62,-0.87,-0.27,-5.29,0.06
118.80803543,31.89049364,8.45,0.75,266.51,-0.89,-0.27,-5.30,0.07
118.80803263,31.89049352,8.46,0.74,266.39,-0.91,-0.29,-5.30,0.04
118.80802983,31.89049340,8.46,0.82,266.26,-0.90,-0.29,-5.31,0.01
118.80802703,31.89049327,8.45,0.91,266.10,-0.88,-0.31,-5.31,0.01
118.80802423,31.89049312,8.46,0.88,265.93,-0.90,-0.34,-5.30,0.04
118.80802143,31.89049295,8.46,0.83,265.72,-0.91,-0.37,-5.30,0.04
118.80801863,31.89049277,8.46,0.87,265.50,-0.93,-0.38,-5.30,0.04
118.80801582,31.89049259,8.47,0.92,265.26,-0.95,-0.40,-5.30,0.05
118.80801302,31.89049239,8.47,0.84,265.00,-0.99,-0.42,-5.30,0.05
118.80801022,31.89049218,8.47,0.86,264.73,-1.01,-0.45,-5.30,0.02
118.80800742,31.89049197,8.47,0.92,264.44,-0.99,-0.47,-5.29,0.00
118.80800462,31.89049174,8.48,0.92,264.14,-0.98,-0.50,-5.29,0.04
118.80800182,31.89049149,8.48,0.89,263.81,-0.99,-0.53,-5.29,0.05
118.80799902,31.89049124,8.48,0.92,263.47,-0.99,-0.56,-5.29,0.03
118.80799623,31.89049097,8.49,0.93,263.12,-0.94,-0.60,-5.29,0.01
118.80799344,31.89049068,8.49,0.90,262.76,-0.91,-0.63,-5.29,0.02
118.80799064,31.89049038,8.49,0.92,262.40,-0.92,-0.67,-5.28,0.03
118.80798786,31.89049006,8.49,0.95,262.02,-0.89,-0.70,-5.27,0.03
118.80798507,31.89048973,8.50,0.92,261.63,-0.86,-0.74,-5.27,0.04
118.80798228,31.89048938,8.50,0.86,261.22,-0.88,-0.78,-5.27,0.05
118.80797950,31.89048901,8.50,0.91,260.80,-0.91,-0.81,-5.26,0.04
118.80797672,31.89048863,8.50,0.93,260.37,-0.89,-0.85,-5.25,0.04
118.80797394,31.89048823,8.51,0.88,259.94,-0.88,-0.89,-5.25,0.04
118.80797117,31.89048781,8.51,0.89,259.50,-0.87,-0.94,-5.24,0.04
118.80796840,31.89048738,8.51,0.92,259.06,-0.88,-0.98,-5.24,0.04
118.80796564,31.89048693,8.51,0.90,258.61,-0.88,-1.02,-5.23,0.06
118.80796288,31.89048647,8.51,0.86,258.16,-0.90,-1.06,-5.22,0.05
118.80796013,31.89048598,8.52,0.83,257.72,-0.91,-1.10,-5.20,0.03
118.80795738,31.89048548,8.52,0.81,257.27,-0.89,-1.14,-5.19,0.03
118.80795464,31.89048496,8.52,0.84,256.83,-0.86,-1.17,-5.19,0.05
118.80795190,31.89048442,8.52,0.83,256.38,-0.89,-1.21,-5.18,0.05
118.80794917,31.89048387,8.52,0.78,255.94,-0.93,-1.26,-5.16,0.02
118.80794644,31.89048329,8.52,0.77,255.50,-0.90,-1.30,-5.15,0.02
118.80794372,31.89048270,8.52,0.76,255.06,-0.88,-1.35,-5.15,0.05
118.80794100,31.89048208,8.52,0.72,254.61,-0.89,-1.38,-5.14,0.06
118.80793829,31.89048145,8.52,0.66,254.17,-0.93,-1.43,-5.13,0.04
118.80793558,31.89048081,8.52,0.66,253.73,-0.97,-1.46,-5.12,0.03
118.80793288,31.89048014,8.52,0.68,253.29,-0.94,-1.49,-5.10,0.02
118.80793019,31.89047946,8.52,0.71,252.87,-0.88,-1.53,-5.09,0.03
118.80792750,31.89047876,8.52,0.63,252.44,-0.87,-1.58,-5.08,0.04
118.80792482,31.89047804,8.52,0.62,252.01,-0.92,-1.62,-5.07,0.04
118.80792214,31.89047731,8.52,0.60,251.60,-0.94,-1.66,-5.05,0.04
118.80791948,31.89047655,8.53,0.52,251.19,-0.90,-1.69,-5.03,0.03
118.80791682,31.89047578,8.53,0.48,250.80,-0.88,-1.73,-5.03,0.02
118.80791417,31.89047499,8.53,0.49,250.43,-0.86,-1.76,-5.02,0.01
118.80791152,31.89047418,8.53,0.45,250.07,-0.82,-1.79,-5.01,0.05
118.80790887,31.89047335,8.53,0.39,249.72,-0.86,-1.82,-4.99,0.07
118.80790624,31.89047252,8.53,0.40,249.39,-0.89,-1.84,-4.98,0.02
118.80790360,31.89047167,8.53,0.38,249.09,-0.85,-1.88,-4.97,0.01
118.80790098,31.89047080,8.54,0.32,248.81,-0.86,-1.91,-4.97,0.05
118.80789835,31.89046992,8.54,0.28,248.55,-0.95,-1.94,-4.96,0.06
118.80789573,31.89046903,8.54,0.22,248.32,-1.01,-1.97,-4.94,0.02
118.80789312,31.89046813,8.54,0.17,248.13,-1.01,-1.99,-4.93,0.03
118.80789052,31.89046723,8.55,0.13,247.96,-1.00,-2.00,-4.92,0.05
118.80788792,31.89046631,8.55,0.02,247.82,-1.04,-2.01,-4.91,0.04
118.80788532,31.89046540,8.55,-0.09,247.70,-1.10,-2.02,-4.91,0.04
118.80788272,31.89046447,8.55,-0.12,247.62,-1.17,-2.02,-4.91,0.03
118.80788013,31.89046355,8.56,-0.16,247.58,-1.19,-2.03,-4.89,0.01
118.80787754,31.89046263,8.56,-0.20,247.59,-1.16,-2.03,-4.88,-0.02
118.80787496,31.89046170,8.56,-0.26,247.62,-1.12,-2.04,-4.87,-0.00
118.80787238,31.89046078,8.56,-0.34,247.66,-1.12,-2.03,-4.89,0.03
118.80786979,31.89045985,8.56,-0.39,247.71,-1.20,-2.02,-4.89,0.04
118.80786720,31.89045894,8.56,-0.48,247.74,-1.25,-2.01,-4.88,0.01
118.80786462,31.89045802,8.56,-0.55,247.77,-1.22,-2.01,-4.89,-0.03
118.80786203,31.89045711,8.56,-0.55,247.78,-1.21,-2.01,-4.89,-0.01
118.80785946,31.89045622,8.56,-0.59,247.80,-1.23,-2.01,-4.89,0.02
118.80785688,31.89045532,8.56,-0.67,247.83,-1.25,-2.01,-4.88,0.04
118.80785430,31.89045442,8.56,-0.71,247.85,-1.25,-2.00,-4.89,0.03
118.80785173,31.89045353,8.56,-0.72,247.88,-1.27,-2.00,-4.88,0.01
118.80784915,31.89045264,8.56,-0.82,247.92,-1.26,-1.99,-4.87,-0.02
118.80784658,31.89045175,8.56,-0.89,247.96,-1.22,-1.99,-4.88,-0.01
118.80784401,31.89045086,8.56,-0.93,248.02,-1.24,-1.99,-4.88,-0.01
118.80784144,31.89044997,8.56,-0.97,248.12,-1.24,-1.98,-4.87,-0.01
118.80783886,31.89044908,8.56,-1.06,248.24,-1.23,-1.98,-4.88,0.02
118.80783629,31.89044820,8.56,-1.15,248.40,-1.26,-1.97,-4.88,0.04
118.80783372,31.89044733,8.56,-1.19,248.57,-1.29,-1.95,-4.89,0.03
118.80783114,31.89044647,8.56,-1.19,248.78,-1.26,-1.91,-4.88,-0.00
118.80782857,31.89044561,8.56,-1.25,249.02,-1.24,-1.90,-4.89,0.02
118.80782599,31.89044477,8.56,-1.28,249.29,-1.25,-1.88,-4.90,0.01
118.80782340,31.89044394,8.56,-1.28,249.59,-1.22,-1.85,-4.90,-0.03
118.80782082,31.89044312,8.56,-1.31,249.90,-1.17,-1.82,-4.90,-0.01
118.80781823,31.89044231,8.56,-1.33,250.23,-1.18,-1.79,-4.92,0.04
118.80781563,31.89044151,8.56,-1.36,250.57,-1.23,-1.76,-4.93,0.03
118.80781303,31.89044074,8.56,-1.40,250.93,-1.24,-1.73,-4.93,0.01
118.80781042,31.89043997,8.56,-1.36,251.30,-1.26,-1.69,-4.94,-0.00
118.80780780,31.89043922,8.56,-1.39,251.68,-1.28,-1.66,-4.95,0.01
118.80780517,31.89043848,8.56,-1.38,252.08,-1.28,-1.62,-4.96,0.01
118.80780253,31.89043776,8.56,-1.35,252.47,-1.30,-1.58,-4.97,0.03
118.80779989,31.89043706,8.57,-1.34,252.87,-1.33,-1.55,-4.98,0.02
118.80779724,31.89043637,8.57,-1.33,253.27,-1.37,-1.51,-4.99,0.00
118.80779459,31.89043571,8.57,-1.31,253.67,-1.37,-1.47,-4.99,-0.01
118.80779194,31.89043505,8.57,-1.35,254.09,-1.39,-1.45,-5.00,-0.00
118.80778928,31.89043441,8.57,-1.37,254.51,-1.39,-1.41,-5.01,-0.00
118.80778662,31.89043378,8.57,-1.32,254.95,-1.38,-1.37,-5.02,0.00
118.80778395,31.89043318,8.57,-1.36,255.39,-1.40,-1.34,-5.03,0.02
118.80778128,31.89043259,8.57,-1.39,255.83,-1.40,-1.29,-5.05,0.00
118.80777860,31.89043202,8.57,-1.35,256.27,-1.40,-1.25,-5.06,-0.00
118.80777592,31.89043147,8.57,-1.38,256.72,-1.37,-1.21,-5.07,-0.00
118.80777323,31.89043093,8.57,-1.40,257.16,-1.36,-1.17,-5.07,-0.01
118.80777054,31.89043041,8.57,-1.38,257.61,-1.33,-1.13,-5.08,-0.02
118.80776784,31.89042991,8.57,-1.40,258.07,-1.30,-1.10,-5.09,0.01
118.80776514,31.89042943,8.57,-1.41,258.53,-1.28,-1.06,-5.10,0.02
118.80776244,31.89042897,8.57,-1.42,258.99,-1.25,-1.01,-5.11,-0.00
118.80775973,31.89042852,8.57,-1.43,259.48,-1.23,-0.97,-5.12,-0.00
118.80775702,31.89042810,8.57,-1.41,259.97,-1.23,-0.93,-5.12,0.01
118.80775430,31.89042769,8.57,-1.49,260.49,-1.24,-0.89,-5.13,0.00
118.80775159,31.89042731,8.57,-1.50,261.02,-1.20,-0.84,-5.13,-0.00
118.80774886,31.89042695,8.56,-1.46,261.55,-1.18,-0.79,-5.14,0.01
118.80774614,31.89042661,8.57,-1.47,262.08,-1.18,-0.73,-5.15,0.03
118.80774341,31.89042629,8.57,-1.48,262.61,-1.19,-0.68,-5.15,0.02
118.80774068,31.89042600,8.57,-1.46,263.14,-1.19,-0.63,-5.16,0.02
118.80773794,31.89042573,8.57,-1.48,263.67,-1.20,-0.59,-5.17,0.02
118.80773520,31.89042548,8.57,-1.51,264.21,-1.22,-0.54,-5.17,-0.01
118.80773246,31.89042525,8.57,-1.45,264.74,-1.21,-0.49,-5.18,-0.00
118.80772972,31.89042504,8.57,-1.45,265.28,-1.19,-0.45,-5.19,0.04
118.80772697,31.89042485,8.57,-1.52,265.81,-1.17,-0.41,-5.20,0.03
118.80772422,31.89042468,8.57,-1.54,266.35,-1.15,-0.35,-5.19,0.02
118.80772147,31.89042454,8.57,-1.49,266.89,-1.14,-0.30,-5.20,0.01
118.80771871,31.89042441,8.57,-1.52,267.44,-1.11,-0.25,-5.20,0.01
118.80771596,31.89042432,8.57,-1.55,268.00,-1.04,-0.20,-5.21,0.00
118.80771320,31.89042424,8.57,-1.49,268.57,-0.99,-0.14,-5.21,0.02
118.80771044,31.89042419,8.57,-1.47,269.14,-0.95,-0.09,-5.22,0.03
118.80770768,31.89042416,8.57,-1.47,269.70,-0.94,-0.04,-5.22,0.04
118.80770492,31.89042416,8.57,-1.50,270.27,-0.91,0.00,-5.23,0.04
118.80770216,31.89042418,8.57,-1.51,270.86,-0.89,0.06,-5.22,0.02
118.80769941,31.89042422,8.57,-1.51,271.43,-0.84,0.10,-5.22,0.03
118.80769666,31.89042429,8.57,-1.54,272.00,-0.76,0.16,-5.22,0.05
118.80769391,31.89042438,8.57,-1.52,272.57,-0.73,0.22,-5.22,0.07
118.80769117,31.89042450,8.57,-1.48,273.15,-0.73,0.28,-5.21,0.05
118.80768842,31.89042465,8.57,-1.49,273.72,-0.71,0.33,-5.21,0.03
118.80768568,31.89042482,8.57,-1.50,274.29,-0.67,0.38,-5.21,0.04
118.80768293,31.89042501,8.57,-1.49,274.86,-0.69,0.43,-5.21,0.04
118.80768019,31.89042522,8.58,-1.53,275.44,-0.74,0.47,-5.20,0.05
118.80767745,31.89042545,8.58,-1.57,276.01,-0.77,0.52,-5.19,0.06
118.80767471,31.89042570,8.58,-1.58,276.59,-0.78,0.57,-5.19,0.08
118.80767198,31.89042598,8.58,-1.57,277.16,-0.80,0.63,-5.19,0.09
118.80766925,31.89042629,8.58,-1.59,277.73,-0.83,0.69,-5.18,0.06
118.80766652,31.89042662,8.59,-1.59,278.29,-0.84,0.74,-5.17,0.05
118.80766381,31.89042697,8.59,-1.58,278.86,-0.80,0.79,-5.16,0.03
118.80766109,31.89042735,8.59,-1.60,279.42,-0.71,0.83,-5.15,0.03
118.80765838,31.89042774,8.59,-1.64,279.99,-0.67,0.88,-5.14,0.03
118.80765567,31.89042816,8.59,-1.63,280.55,-0.64,0.94,-5.14,0.04
118.80765296,31.89042860,8.59,-1.57,281.10,-0.73,1.00,-5.13,0.07
118.80765026,31.89042907,8.59,-1.58,281.63,-0.79,1.05,-5.11,0.05
118.80764756,31.89042956,8.59,-1.61,282.13,-0.77,1.09,-5.10,0.05
118.80764487,31.89043008,8.59,-1.59,282.63,-0.70,1.14,-5.09,0.03
118.80764217,31.89043061,8.59,-1.55,283.11,-0.68,1.18,-5.08,0.06
118.80763948,31.89043116,8.60,-1.55,283.58,-0.74,1.23,-5.07,0.09
118.80763679,31.89043174,8.60,-1.50,284.03,-0.85,1.28,-5.06,0.06
118.80763411,31.89043233,8.60,-1.40,284.47,-0.89,1.32,-5.05,0.03
118.80763144,31.89043295,8.60,-1.29,284.89,-0.82,1.37,-5.03,-0.02
118.80762878,31.89043359,8.60,-1.17,285.29,-0.76,1.41,-5.04,0.03
118.80762611,31.89043424,8.60,-1.15,285.67,-0.85,1.44,-5.04,0.07
118.80762344,31.89043490,8.60,-1.14,286.03,-0.94,1.45,-5.03,0.07
118.80762078,31.89043557,8.61,-1.14,286.38,-0.99,1.47,-5.02,0.06
118.80761812,31.89043625,8.61,-1.09,286.69,-1.00,1.51,-5.01,0.05
118.80761546,31.89043696,8.61,-0.96,286.95,-1.01,1.57,-5.00,-0.01
118.80761282,31.89043768,8.61,-0.82,287.17,-1.01,1.60,-4.99,-0.01
118.80761017,31.89043842,8.60,-0.73,287.35,-1.02,1.62,-4.99,0.03
118.80760753,31.89043916,8.61,-0.59,287.48,-1.02,1.64,-4.99,0.02
118.80760489,31.89043991,8.60,-0.39,287.56,-1.00,1.65,-4.99,0.02
118.80760224,31.89044066,8.60,-0.26,287.59,-1.00,1.65,-5.00,0.02
118.80759959,31.89044141,8.60,-0.18,287.58,-1.04,1.65,-5.01,0.02
118.80759694,31.89044216,8.60,-0.10,287.52,-1.10,1.64,-5.02,0.02
118.80759428,31.89044290,8.60,-0.02,287.44,-1.15,1.63,-5.02,0.01
118.80759161,31.89044363,8.60,-0.02,287.36,-1.19,1.61,-5.03,0.01
118.80758894,31.89044436,8.60,-0.02,287.28,-1.25,1.60,-5.03,0.02
118.80758627,31.89044508,8.61,0.09,287.19,-1.33,1.61,-5.03,0.01
118.80758359,31.89044580,8.61,0.20,287.11,-1.37,1.61,-5.04,0.01
118.80758092,31.89044653,8.61,0.26,287.02,-1.40,1.61,-5.04,0.01
118.80757824,31.89044725,8.61,0.33,286.93,-1.45,1.60,-5.05,-0.01
118.80757555,31.89044797,8.60,0.39,286.84,-1.46,1.59,-5.06,-0.02
118.80757286,31.89044869,8.60,0.47,286.74,-1.44,1.58,-5.08,-0.03
118.80757017,31.89044940,8.60,0.48,286.63,-1.42,1.57,-5.08,-0.03
118.80756747,31.89045010,8.60,0.49,286.51,-1.39,1.56,-5.09,-0.02
118.80756477,31.89045080,8.60,0.51,286.36,-1.38,1.54,-5.10,-0.00
118.80756206,31.89045149,8.60,0.52,286.18,-1.37,1.53,-5.11,-0.01
118.80755935,31.89045218,8.60,0.53,285.95,-1.37,1.52,-5.11,-0.02
118.80755663,31.89045286,8.60,0.58,285.70,-1.34,1.50,-5.12,-0.03
118.80755391,31.89045353,8.59,0.58,285.43,-1.29,1.48,-5.13,-0.03
118.80755119,31.89045419,8.59,0.61,285.14,-1.28,1.45,-5.16,-0.02
118.80754845,31.89045483,8.59,0.62,284.84,-1.28,1.42,-5.17,0.00
118.80754571,31.89045547,8.59,0.64,284.53,-1.31,1.40,-5.18,0.00
118.80754296,31.89045609,8.59,0.67,284.23,-1.34,1.37,-5.19,-0.01
118.80754021,31.89045670,8.59,0.69,283.91,-1.36,1.35,-5.21,-0.01
118.80753746,31.89045730,8.59,0.73,283.58,-1.38,1.33,-5.22,-0.00
118.80753470,31.89045788,8.59,0.74,283.25,-1.43,1.29,-5.23,0.01
118.80753194,31.89045845,8.59,0.72,282.90,-1.45,1.25,-5.23,-0.00
118.80752917,31.89045900,8.59,0.72,282.55,-1.42,1.21,-5.25,-0.01
118.80752639,31.89045953,8.59,0.67,282.20,-1.42,1.18,-5.26,-0.01
118.80752361,31.89046005,8.59,0.68,281.83,-1.43,1.15,-5.27,-0.03
118.80752083,31.89046056,8.59,0.73,281.45,-1.43,1.13,-5.27,-0.03
118.80751803,31.89046106,8.59,0.74,281.05,-1.39,1.10,-5.29,-0.02
118.80751523,31.89046154,8.59,0.75,280.64,-1.38,1.07,-5.30,-0.01
118.80751243,31.89046201,8.59,0.77,280.23,-1.42,1.02,-5.31,-0.01
118.80750962,31.89046245,8.59,0.73,279.80,-1.43,0.97,-5.33,-0.00
118.80750680,31.89046287,8.59,0.73,279.37,-1.41,0.93,-5.34,-0.01
118.80750398,31.89046328,8.59,0.75,278.91,-1.41,0.89,-5.35,0.00
118.80750114,31.89046367,8.59,0.75,278.44,-1.47,0.86,-5.37,-0.02
118.80749831,31.89046405,8.59,0.80,277.94,-1.52,0.82,-5.37,-0.02
118.80749547,31.89046440,8.59,0.85,277.44,-1.52,0.77,-5.39,-0.02
118.80749262,31.89046473,8.59,0.83,276.93,-1.51,0.72,-5.40,-0.01
118.80748977,31.89046504,8.59,0.80,276.42,-1.50,0.66,-5.41,-0.01
118.80748691,31.89046532,8.59,0.79,275.91,-1.51,0.61,-5.42,0.00
118.80748405,31.89046558,8.59,0.79,275.37,-1.53,0.56,-5.43,-0.01
118.80748119,31.89046581,8.59,0.82,274.83,-1.50,0.52,-5.43,-0.03
118.80747833,31.89046602,8.59,0.83,274.27,-1.40,0.48,-5.43,-0.06
118.80747546,31.89046621,8.58,0.87,273.70,-1.33,0.42,-5.44,-0.03
118.80747259,31.89046637,8.58,0.87,273.12,-1.36,0.36,-5.46,0.00
118.80746971,31.89046650,8.58,0.83,272.53,-1.39,0.30,-5.46,-0.01
118.80746683,31.89046661,8.58,0.86,271.94,-1.35,0.24,-5.45,-0.03
118.80746395,31.89046670,8.58,0.90,271.34,-1.28,0.19,-5.46,-0.02
118.80746106,31.89046676,8.58,0.91,270.74,-1.31,0.13,-5.48,0.01
118.80745817,31.89046679,8.58,0.91,270.14,-1.40,0.08,-5.48,0.01
118.80745528,31.89046680,8.58,0.91,269.54,-1.44,0.02,-5.47,-0.01
118.80745239,31.89046678,8.58,0.90,268.95,-1.41,-0.04,-5.47,-0.02
118.80744950,31.89046673,8.58,0.91,268.36,-1.35,-0.11,-5.47,-0.02
118.80744661,31.89046666,8.58,0.89,267.77,-1.34,-0.17,-5.48,0.00
118.80744372,31.89046656,8.58,0.86,267.16,-1.37,-0.22,-5.47,0.02
118.80744082,31.89046644,8.58,0.85,266.55,-1.41,-0.27,-5.47,-0.00
118.80743794,31.89046629,8.58,0.91,265.94,-1.34,-0.33,-5.47,-0.05
118.80743505,31.89046612,8.58,0.92,265.34,-1.28,-0.39,-5.47,-0.03
118.80743216,31.89046593,8.58,0.91,264.74,-1.29,-0.45,-5.47,0.01
118.80742928,31.89046570,8.58,0.95,264.13,-1.33,-0.51,-5.47,0.03
118.80742639,31.89046545,8.58,0.98,263.52,-1.34,-0.57,-5.46,0.01
118.80742351,31.89046517,8.58,0.91,262.93,-1.32,-0.63,-5.45,-0.01
118.80742064,31.89046487,8.58,0.89,262.34,-1.32,-0.69,-5.45,-0.02
118.80741776,31.89046454,8.57,0.89,261.77,-1.32,-0.75,-5.44,-0.00
118.80741489,31.89046418,8.57,0.82,261.22,-1.33,-0.81,-5.43,0.01
118.80741203,31.89046380,8.57,0.83,260.70,-1.30,-0.86,-5.42,-0.01
118.80740916,31.89046340,8.57,0.80,260.21,-1.30,-0.90,-5.42,0.01
118.80740630,31.89046298,8.57,0.83,259.72,-1.31,-0.94,-5.42,-0.00
118.80740345,31.89046255,8.57,0.86,259.23,-1.30,-0.98,-5.41,-0.01
118.80740059,31.89046209,8.57,0.85,258.74,-1.29,-1.03,-5.41,-0.01
118.80739774,31.89046161,8.56,0.84,258.26,-1.29,-1.08,-5.40,0.00
118.80739490,31.89046111,8.56,0.86,257.77,-1.29,-1.13,-5.39,-0.00
118.80739206,31.89046059,8.56,0.87,257.30,-1.26,-1.18,-5.38,-0.01
118.80738922,31.89046004,8.56,0.85,256.82,-1.23,-1.22,-5.37,0.02
118.80738639,31.89045948,8.56,0.88,256.33,-1.19,-1.26,-5.37,-0.00
118.80738357,31.89045890,8.56,0.88,255.85,-1.17,-1.31,-5.35,-0.00
118.80738075,31.89045829,8.56,0.86,255.36,-1.16,-1.35,-5.34,-0.00
118.80737794,31.89045767,8.56,0.84,254.88,-1.13,-1.40,-5.33,-0.01
118.80737513,31.89045702,8.55,0.86,254.40,-1.08,-1.45,-5.31,-0.02
118.80737233,31.89045636,8.55,0.93,253.92,-1.07,-1.49,-5.31,0.00
118.80736952,31.89045568,8.55,0.88,253.46,-1.15,-1.54,-5.30,0.04
118.80736672,31.89045498,8.55,0.84,252.98,-1.20,-1.58,-5.28,0.02
118.80736392,31.89045425,8.55,0.87,252.50,-1.21,-1.63,-5.26,0.01
118.80736113,31.89045351,8.55,0.84,252.04,-1.21,-1.67,-5.25,0.00
118.80735835,31.89045275,8.55,0.78,251.58,-1.23,-1.72,-5.23,0.00
118.80735557,31.89045196,8.55,0.77,251.13,-1.23,-1.76,-5.22,0.00
118.80735281,31.89045116,8.55,0.78,250.68,-1.22,-1.80,-5.21,0.00
118.80735005,31.89045035,8.55,0.79,250.25,-1.18,-1.83,-5.20,-0.00
118.80734729,31.89044951,8.55,0.77,249.82,-1.16,-1.87,-5.19,-0.01
118.80734454,31.89044866,8.54,0.74,249.39,-1.17,-1.92,-5.18,0.00
118.80734180,31.89044779,8.54,0.72,248.98,-1.16,-1.95,-5.17,-0.01
118.80733907,31.89044690,8.54,0.72,248.58,-1.11,-2.00,-5.15,-0.01
118.80733635,31.89044599,8.54,0.63,248.21,-1.10,-2.04,-5.14,0.02
118.80733364,31.89044506,8.54,0.56,247.86,-1.13,-2.08,-5.12,0.02
118.80733093,31.89044412,8.54,0.53,247.55,-1.12,-2.10,-5.11,0.01
118.80732823,31.89044317,8.54,0.51,247.26,-1.08,-2.12,-5.09,0.01
118.80732553,31.89044222,8.54,0.47,247.02,-1.05,-2.14,-5.09,0.01
118.80732283,31.89044125,8.54,0.45,246.81,-1.06,-2.16,-5.09,0.00
118.80732014,31.89044027,8.54,0.30,246.66,-1.13,-2.21,-5.08,0.00
118.80731745,31.89043926,8.54,-0.00,246.54,-1.28,-2.24,-5.06,-0.00
118.80731478,31.89043825,8.54,-0.16,246.46,-1.36,-2.25,-5.05,-0.02
118.80731212,31.89043724,8.54,-0.23,246.41,-1.39,-2.22,-5.05,-0.01
118.80730946,31.89043625,8.54,-0.19,246.39,-1.34,-2.20,-5.07,0.04
118.80730678,31.89043526,8.54,-0.21,246.36,-1.45,-2.19,-5.09,0.06
118.80730410,31.89043428,8.55,-0.18,246.33,-1.59,-2.18,-5.09,0.01
118.80730143,31.89043330,8.55,-0.08,246.30,-1.66,-2.19,-5.08,-0.03
118.80729876,31.89043231,8.54,-0.17,246.26,-1.57,-2.21,-5.05,-0.10
118.80729610,31.89043131,8.54,-0.22,246.23,-1.50,-2.23,-5.05,-0.04
118.80729344,31.89043031,8.54,-0.17,246.20,-1.49,-2.23,-5.05,-0.02
118.80729078,31.89042931,8.54,-0.21,246.19,-1.56,-2.22,-5.06,0.03
118.80728812,31.89042832,8.54,-0.29,246.18,-1.62,-2.21,-5.04,0.00
118.80728546,31.89042732,8.54,-0.31,246.18,-1.62,-2.22,-5.03,-0.05
118.80728281,31.89042632,8.54,-0.34,246.20,-1.57,-2.22,-5.03,-0.07
118.80728016,31.89042532,8.54,-0.40,246.24,-1.55,-2.22,-5.02,-0.06
118.80727751,31.89042432,8.54,-0.53,246.28,-1.56,-2.22,-5.03,-0.02
118.80727486,31.89042332,8.54,-0.63,246.36,-1.58,-2.22,-5.03,0.00
118.80727221,31.89042233,8.54,-0.69,246.49,-1.61,-2.21,-5.03,-0.01
118.80726956,31.89042134,8.54,-0.78,246.65,-1.64,-2.20,-5.03,-0.04
118.80726691,31.89042035,8.54,-0.87,246.85,-1.65,-2.18,-5.03,-0.05
118.80726425,31.89041938,8.53,-0.90,247.09,-1.63,-2.15,-5.03,-0.04
118.80726160,31.89041842,8.53,-0.97,247.38,-1.61,-2.12,-5.04,-0.02
118.80725893,31.89041747,8.53,-1.05,247.72,-1.65,-2.10,-5.05,-0.01
118.80725626,31.89041653,8.53,-1.17,248.12,-1.68,-2.07,-5.05,-0.03
118.80725359,31.89041560,8.53,-1.25,248.58,-1.66,-2.02,-5.06,-0.04
118.80725091,31.89041470,8.53,-1.27,249.07,-1.61,-1.97,-5.07,-0.07
118.80724823,31.89041382,8.53,-1.33,249.60,-1.57,-1.93,-5.09,-0.05
118.80724553,31.89041296,8.53,-1.39,250.16,-1.59,-1.88,-5.11,-0.01
118.80724282,31.89041213,8.53,-1.42,250.72,-1.63,-1.82,-5.12,0.01
118.80724011,31.89041132,8.53,-1.43,251.30,-1.62,-1.75,-5.14,-0.04
118.80723739,31.89041054,8.53,-1.39,251.90,-1.58,-1.71,-5.15,-0.04
118.80723467,31.89040979,8.53,-1.44,252.52,-1.54,-1.65,-5.18,-0.03
118.80723193,31.89040905,8.53,-1.46,253.15,-1.55,-1.60,-5.18,-0.02
118.80722919,31.89040834,8.53,-1.45,253.81,-1.56,-1.54,-5.19,-0.02
118.80722645,31.89040767,8.53,-1.45,254.47,-1.54,-1.48,-5.20,-0.03
118.80722369,31.89040701,8.53,-1.52,255.16,-1.55,-1.42,-5.22,-0.02
118.80722093,31.89040639,8.53,-1.55,255.88,-1.61,-1.35,-5.23,-0.01
118.80721816,31.89040579,8.53,-1.59,256.62,-1.67,-1.29,-5.25,-0.02
118.80721539,31.89040522,8.53,-1.65,257.38,-1.69,-1.21,-5.25,-0.04
118.80721261,31.89040469,8.52,-1.63,258.17,-1.68,-1.14,-5.25,-0.03
118.80720982,31.89040420,8.52,-1.60,258.97,-1.64,-1.06,-5.27,-0.03
118.80720703,31.89040374,8.52,-1.63,259.78,-1.63,-0.98,-5.28,-0.00
118.80720422,31.89040331,8.52,-1.60,260.60,-1.62,-0.90,-5.29,-0.02
118.80720141,31.89040293,8.52,-1.58,261.43,-1.54,-0.82,-5.29,-0.05
118.80719860,31.89040257,8.52,-1.62,262.27,-1.43,-0.76,-5.31,-0.06
118.80719578,31.89040225,8.51,-1.69,263.14,-1.36,-0.69,-5.31,-0.04
118.80719295,31.89040195,8.51,-1.70,264.02,-1.34,-0.61,-5.32,-0.01
118.80719013,31.89040170,8.51,-1.69,264.89,-1.35,-0.52,-5.33,0.02
118.80718730,31.89040149,8.51,-1.73,265.77,-1.34,-0.43,-5.33,0.00
118.80718448,31.89040132,8.51,-1.69,266.65,-1.32,-0.34,-5.33,0.00
118.80718165,31.89040118,8.51,-1.64,267.53,-1.36,-0.26,-5.34,0.01
118.80717882,31.89040108,8.51,-1.66,268.43,-1.42,-0.18,-5.34,0.02
118.80717600,31.89040102,8.51,-1.69,269.32,-1.41,-0.11,-5.33,0.01
118.80717318,31.89040100,8.51,-1.64,270.21,-1.38,-0.02,-5.32,-0.00
118.80717036,31.89040101,8.51,-1.62,271.10,-1.37,0.07,-5.33,0.01
118.80716754,31.89040106,8.51,-1.62,271.97,-1.42,0.15,-5.32,0.02
118.80716473,31.89040115,8.51,-1.60,272.85,-1.39,0.24,-5.30,-0.01
118.80716192,31.89040127,8.51,-1.61,273.73,-1.35,0.31,-5.30,-0.01
118.80715911,31.89040143,8.51,-1.65,274.61,-1.32,0.38,-5.30,-0.02
118.80715631,31.89040162,8.51,-1.66,275.49,-1.30,0.46,-5.29,0.01
118.80715351,31.89040185,8.51,-1.62,276.38,-1.33,0.54,-5.27,0.03
118.80715073,31.89040213,8.51,-1.63,277.25,-1.32,0.64,-5.25,0.00
118.80714795,31.89040245,8.51,-1.62,278.10,-1.26,0.73,-5.23,-0.03
118.80714518,31.89040282,8.50,-1.54,278.94,-1.24,0.80,-5.22,-0.01
118.80714241,31.89040321,8.50,-1.55,279.76,-1.29,0.87,-5.22,0.03
118.80713966,31.89040364,8.50,-1.60,280.55,-1.29,0.94,-5.20,0.00
118.80713691,31.89040410,8.50,-1.55,281.31,-1.24,1.01,-5.18,-0.01
118.80713417,31.89040459,8.50,-1.44,282.04,-1.21,1.10,-5.17,-0.00
118.80713144,31.89040512,8.50,-1.39,282.73,-1.22,1.17,-5.16,0.02
118.80712871,31.89040568,8.50,-1.33,283.38,-1.26,1.23,-5.14,0.02
118.80712600,31.89040626,8.50,-1.24,284.00,-1.33,1.29,-5.12,0.02
118.80712329,31.89040687,8.50,-1.13,284.59,-1.38,1.34,-5.10,0.01
118.80712059,31.89040750,8.50,-1.03,285.12,-1.37,1.39,-5.09,0.00
118.80711790,31.89040815,8.50,-0.92,285.59,-1.34,1.44,-5.08,0.02
118.80711521,31.89040883,8.50,-0.79,285.99,-1.37,1.49,-5.07,0.01
118.80711253,31.89040952,8.50,-0.69,286.32,-1.39,1.52,-5.06,0.01
118.80710986,31.89041023,8.50,-0.60,286.59,-1.39,1.55,-5.05,0.00
118.80710719,31.89041094,8.49,-0.53,286.81,-1.36,1.56,-5.04,-0.02
118.80710452,31.89041166,8.49,-0.47,286.97,-1.30,1.58,-5.04,-0.05
118.80710186,31.89041239,8.49,-0.36,287.08,-1.23,1.58,-5.04,-0.01
118.80709919,31.89041311,8.49,-0.30,287.16,-1.22,1.59,-5.04,0.03
118.80709653,31.89041384,8.49,-0.28,287.20,-1.27,1.60,-5.04,0.02
118.80709387,31.89041456,8.49,-0.20,287.21,-1.28,1.61,-5.03,-0.01
118.80709122,31.89041529,8.49,-0.12,287.20,-1.29,1.60,-5.03,-0.01
118.80708856,31.89041601,8.49,-0.14,287.19,-1.32,1.59,-5.03,-0.01
118.80708589,31.89041672,8.49,-0.13,287.17,-1.39,1.58,-5.04,-0.00
118.80708323,31.89041744,8.49,-0.12,287.16,-1.43,1.57,-5.04,0.01
118.80708057,31.89041815,8.49,-0.16,287.14,-1.50,1.57,-5.04,0.03
118.80707791,31.89041885,8.49,-0.19,287.13,-1.56,1.57,-5.04,0.01
118.80707525,31.89041957,8.49,-0.15,287.11,-1.60,1.58,-5.04,-0.02
118.80707259,31.89042028,8.49,-0.13,287.09,-1.61,1.58,-5.04,-0.02
118.80706993,31.89042099,8.49,-0.08,287.06,-1.63,1.59,-5.04,-0.02
118.80706727,31.89042171,8.49,-0.10,287.02,-1.64,1.57,-5.04,-0.03
118.80706461,31.89042241,8.48,-0.12,286.95,-1.58,1.56,-5.04,-0.04
118.80706195,31.89042312,8.48,-0.08,286.85,-1.53,1.56,-5.05,-0.02
118.80705929,31.89042382,8.48,-0.03,286.73,-1.52,1.56,-5.05,-0.03
118.80705663,31.89042452,8.48,-0.04,286.58,-1.52,1.55,-5.04,-0.04
118.80705396,31.89042522,8.48,0.04,286.40,-1.50,1.54,-5.04,-0.04
118.80705129,31.89042591,8.47,0.13,286.20,-1.47,1.53,-5.05,-0.04
118.80704863,31.89042659,8.47,0.17,285.96,-1.43,1.51,-5.04,-0.06
118.80704596,31.89042727,8.47,0.31,285.68,-1.34,1.48,-5.05,-0.02
118.80704328,31.89042794,8.47,0.40,285.37,-1.31,1.47,-5.07,-0.00
118.80704061,31.89042858,8.47,0.49,285.03,-1.30,1.44,-5.08,-0.00
118.80703792,31.89042922,8.47,0.53,284.65,-1.30,1.40,-5.08,-0.02
118.80703524,31.89042984,8.47,0.60,284.24,-1.27,1.36,-5.09,-0.03
118.80703255,31.89043044,8.46,0.67,283.80,-1.25,1.32,-5.11,-0.03
118.80702985,31.89043102,8.46,0.68,283.34,-1.22,1.27,-5.11,-0.02
118.80702715,31.89043157,8.46,0.67,282.87,-1.22,1.22,-5.12,0.01
118.80702444,31.89043211,8.46,0.70,282.38,-1.25,1.17,-5.13,0.02
118.80702173,31.89043263,8.46,0.73,281.87,-1.27,1.14,-5.14,-0.01
118.80701902,31.89043313,8.46,0.76,281.34,-1.26,1.10,-5.14,-0.01
118.80701630,31.89043361,8.46,0.78,280.81,-1.29,1.05,-5.15,-0.00
118.80701357,31.89043407,8.46,0.81,280.27,-1.32,1.00,-5.16,-0.01
118.80701084,31.89043451,8.46,0.86,279.73,-1.36,0.95,-5.17,-0.00
118.80700811,31.89043492,8.46,0.86,279.19,-1.41,0.89,-5.18,0.01
118.80700537,31.89043531,8.46,0.84,278.64,-1.45,0.84,-5.18,-0.00
118.80700263,31.89043568,8.46,0.84,278.08,-1.49,0.79,-5.19,-0.02
118.80699988,31.89043602,8.46,0.81,277.50,-1.51,0.73,-5.20,-0.02
118.80699713,31.89043634,8.46,0.78,276.92,-1.55,0.68,-5.20,-0.01
118.80699438,31.89043663,8.46,0.79,276.34,-1.57,0.64,-5.20,-0.02
118.80699163,31.89043690,8.46,0.78,275.76,-1.54,0.58,-5.20,-0.02
118.80698888,31.89043715,8.45,0.78,275.19,-1.47,0.53,-5.21,-0.04
118.80698614,31.89043737,8.45,0.80,274.62,-1.45,0.48,-5.22,-0.03
118.80698339,31.89043756,8.45,0.80,274.04,-1.46,0.43,-5.22,-0.02
118.80698064,31.89043773,8.45,0.77,273.45,-1.47,0.37,-5.23,-0.03
118.80697790,31.89043788,8.45,0.75,272.85,-1.42,0.31,-5.23,-0.05
118.80697514,31.89043799,8.45,0.75,272.27,-1.38,0.26,-5.23,-0.04
118.80697239,31.89043809,8.45,0.72,271.69,-1.37,0.20,-5.23,-0.02
118.80696964,31.89043816,8.45,0.72,271.11,-1.38,0.16,-5.24,0.01
118.80696689,31.89043821,8.45,0.80,270.53,-1.42,0.11,-5.23,-0.01
118.80696413,31.89043824,8.45,0.81,269.96,-1.42,0.06,-5.23,-0.02
118.80696138,31.89043825,8.45,0.81,269.39,-1.43,0.01,-5.23,-0.02
118.80695863,31.89043823,8.44,0.84,268.82,-1.40,-0.05,-5.23,-0.04
118.80695588,31.89043819,8.44,0.84,268.29,-1.33,-0.11,-5.22,-0.02
118.80695313,31.89043812,8.44,0.80,267.78,-1.30,-0.16,-5.22,-0.01
118.80695038,31.89043803,8.44,0.82,267.31,-1.31,-0.21,-5.22,0.01
118.80694764,31.89043792,8.44,0.80,266.88,-1.31,-0.25,-5.21,-0.02
118.80694490,31.89043780,8.44,0.81,266.49,-1.28,-0.28,-5.20,-0.03
118.80694215,31.89043766,8.44,0.81,266.16,-1.26,-0.31,-5.20,-0.03
118.80693941,31.89043750,8.44,0.83,265.88,-1.24,-0.34,-5.20,-0.02
118.80693668,31.89043734,8.44,0.82,265.64,-1.28,-0.37,-5.19,0.00
118.80693393,31.89043716,8.44,0.74,265.47,-1.29,-0.39,-5.19,0.02
118.80693118,31.89043697,8.44,0.72,265.34,-1.32,-0.41,-5.19,-0.00
118.80692843,31.89043678,8.44,0.72,265.24,-1.36,-0.42,-5.18,-0.01
118.80692568,31.89043658,8.43,0.67,265.17,-1.36,-0.42,-5.18,-0.02
118.80692294,31.89043638,8.43,0.65,265.13,-1.31,-0.42,-5.17,-0.02
118.80692020,31.89043618,8.43,0.65,265.11,-1.27,-0.42,-5.17,-0.01
118.80691745,31.89043598,8.43,0.62,265.12,-1.29,-0.42,-5.17,-0.00
118.80691471,31.89043578,8.42,0.58,265.14,-1.31,-0.43,-5.17,-0.02
118.80691196,31.89043558,8.42,0.54,265.17,-1.32,-0.43,-5.17,-0.01
118.80690922,31.89043538,8.42,0.59,265.18,-1.34,-0.42,-5.17,-0.04
118.80690648,31.89043519,8.41,0.65,265.18,-1.34,-0.41,-5.18,-0.04
118.80690374,31.89043500,8.41,0.61,265.16,-1.35,-0.41,-5.18,-0.01
118.80690099,31.89043480,8.41,0.57,265.13,-1.38,-0.42,-5.17,0.02
118.80689825,31.89043460,8.41,0.57,265.11,-1.43,-0.43,-5.17,0.01
118.80689551,31.89043440,8.41,0.50,265.11,-1.45,-0.45,-5.17,-0.03
118.80689277,31.89043419,8.40,0.43,265.13,-1.43,-0.45,-5.17,-0.04
118.80689003,31.89043398,8.40,0.46,265.14,-1.41,-0.44,-5.18,-0.04
118.80688730,31.89043379,8.40,0.48,265.14,-1.40,-0.42,-5.18,-0.03
118.80688456,31.89043359,8.39,0.50,265.13,-1.37,-0.41,-5.18,-0.03
118.80688182,31.89043341,8.39,0.53,265.11,-1.34,-0.41,-5.18,-0.03
118.80687909,31.89043322,8.39,0.54,265.09,-1.36,-0.43,-5.18,-0.02
118.80687636,31.89043303,8.39,0.50,265.09,-1.39,-0.44,-5.17,-0.02
118.80687364,31.89043285,8.39,0.50,265.09,-1.36,-0.44,-5.17,-0.03
118.80687092,31.89043266,8.39,0.50,265.09,-1.31,-0.44,-5.17,-0.03
118.80686819,31.89043247,8.39,0.49,265.09,-1.33,-0.43,-5.17,-0.01
118.80686547,31.89043229,8.39,0.48,265.09,-1.34,-0.43,-5.17,-0.01
118.80686275,31.89043211,8.39,0.46,265.08,-1.34,-0.43,-5.16,-0.03
118.80686003,31.89043193,8.39,0.45,265.08,-1.31,-0.43,-5.14,-0.04
118.80685731,31.89043174,8.39,0.43,265.07,-1.28,-0.43,-5.15,-0.03
118.80685459,31.89043156,8.38,0.43,265.07,-1.28,-0.43,-5.15,-0.03
118.80685187,31.89043137,8.38,0.49,265.07,-1.28,-0.42,-5.15,-0.02
118.80684916,31.89043119,8.38,0.51,265.07,-1.29,-0.42,-5.15,-0.01
118.80684644,31.89043101,8.38,0.49,265.07,-1.28,-0.42,-5.15,-0.02
118.80684372,31.89043083,8.38,0.50,265.07,-1.28,-0.42,-5.15,-0.01
118.80684101,31.89043064,8.38,0.48,265.06,-1.29,-0.42,-5.14,-0.03
118.80683829,31.89043045,8.38,0.43,265.06,-1.30,-0.44,-5.13,-0.03
118.80683557,31.89043027,8.38,0.42,265.06,-1.30,-0.43,-5.14,-0.02
118.80683286,31.89043008,8.38,0.46,265.06,-1.29,-0.43,-5.14,-0.02
118.80683015,31.89042990,8.38,0.49,265.06,-1.26,-0.41,-5.14,-0.01
118.80682744,31.89042972,8.38,0.48,265.05,-1.25,-0.41,-5.13,-0.02
118.80682473,31.89042954,8.38,0.52,265.04,-1.28,-0.41,-5.13,-0.02
118.80682202,31.89042935,8.38,0.51,265.04,-1.28,-0.42,-5.11,-0.02
118.80681931,31.89042916,8.38,0.48,265.03,-1.26,-0.42,-5.10,-0.03
118.80681661,31.89042897,8.38,0.50,265.04,-1.24,-0.42,-5.08,-0.02
118.80681392,31.89042878,8.38,0.53,265.05,-1.23,-0.42,-5.09,-0.03
118.80681123,31.89042860,8.39,0.50,265.05,-1.23,-0.42,-5.08,-0.01
118.80680854,31.89042841,8.39,0.53,265.05,-1.28,-0.41,-5.07,0.02
118.80680586,31.89042823,8.39,0.51,265.04,-1.34,-0.41,-5.06,0.00
118.80680319,31.89042804,8.39,0.51,265.05,-1.34,-0.42,-5.04,-0.02
118.80680053,31.89042786,8.39,0.52,265.06,-1.31,-0.41,-5.02,-0.01
118.80679788,31.89042767,8.39,0.55,265.07,-1.30,-0.41,-5.00,-0.00
118.80679524,31.89042750,8.39,0.63,265.08,-1.30,-0.39,-4.97,0.01
118.80679261,31.89042732,8.39,0.68,265.08,-1.30,-0.39,-4.97,-0.01
118.80678999,31.89042715,8.39,0.69,265.09,-1.32,-0.39,-4.95,-0.02
118.80678739,31.89042697,8.40,0.68,265.09,-1.37,-0.40,-4.93,-0.02
118.80678478,31.89042679,8.39,0.70,265.09,-1.42,-0.39,-4.91,-0.04
118.80678220,31.89042661,8.39,0.72,265.10,-1.47,-0.40,-4.88,-0.02
118.80677962,31.89042643,8.40,0.68,265.11,-1.51,-0.40,-4.86,-0.00
118.80677706,31.89042626,8.40,0.76,265.11,-1.59,-0.38,-4.83,0.03
118.80677451,31.89042609,8.40,0.84,265.12,-1.68,-0.36,-4.80,0.02
118.80677198,31.89042593,8.40,0.89,265.12,-1.74,-0.36,-4.76,-0.00
118.80676948,31.89042577,8.40,0.92,265.12,-1.74,-0.36,-4.72,-0.03
118.80676700,31.89042560,8.40,0.93,265.13,-1.73,-0.38,-4.67,-0.05
118.80676454,31.89042543,8.40,0.88,265.14,-1.73,-0.39,-4.63,-0.04
118.80676210,31.89042526,8.40,0.81,265.15,-1.72,-0.38,-4.59,-0.06
118.80675969,31.89042509,8.39,0.83,265.15,-1.71,-0.37,-4.55,-0.03
118.80675730,31.89042492,8.39,0.86,265.16,-1.74,-0.36,-4.51,-0.01
118.80675493,31.89042476,8.39,0.87,265.16,-1.77,-0.34,-4.46,-0.01
118.80675259,31.89042461,8.39,0.85,265.17,-1.81,-0.35,-4.41,-0.02
118.80675027,31.89042445,8.39,0.81,265.17,-1.86,-0.35,-4.36,-0.03
118.80674799,31.89042430,8.39,0.81,265.17,-1.93,-0.35,-4.30,-0.02
118.80674573,31.89042414,8.39,0.81,265.17,-1.97,-0.34,-4.23,-0.02
118.80674351,31.89042399,8.39,0.77,265.18,-1.99,-0.34,-4.17,-0.02
118.80674133,31.89042383,8.39,0.70,265.20,-2.00,-0.34,-4.10,-0.03
118.80673918,31.89042368,8.39,0.68,265.21,-1.99,-0.33,-4.03,-0.04
118.80673707,31.89042354,8.39,0.68,265.21,-1.99,-0.32,-3.95,-0.04
118.80673501,31.89042339,8.39,0.65,265.21,-2.01,-0.31,-3.86,-0.02
118.80673300,31.89042326,8.39,0.63,265.22,-2.02,-0.30,-3.77,-0.02
118.80673104,31.89042312,8.38,0.60,265.22,-2.04,-0.30,-3.65,-0.03
118.80672914,31.89042299,8.38,0.59,265.24,-2.02,-0.29,-3.54,-0.04
118.80672731,31.89042286,8.38,0.56,265.25,-2.01,-0.28,-3.41,-0.03
118.80672553,31.89042274,8.38,0.50,265.25,-2.01,-0.27,-3.29,-0.02
118.80672383,31.89042261,8.38,0.47,265.26,-2.01,-0.26,-3.16,-0.03
118.80672219,31.89042250,8.38,0.48,265.26,-1.97,-0.25,-3.03,-0.04
118.80672062,31.89042239,8.38,0.48,265.27,-1.92,-0.23,-2.91,-0.02
118.80671912,31.89042229,8.38,0.48,265.26,-1.91,-0.22,-2.79,-0.01
118.80671768,31.89042219,8.38,0.50,265.26,-1.89,-0.20,-2.66,-0.01
118.80671631,31.89042210,8.38,0.53,265.26,-1.89,-0.20,-2.55,-0.02
118.80671499,31.89042200,8.38,0.53,265.26,-1.89,-0.19,-2.43,-0.02
118.80671374,31.89042192,8.38,0.50,265.27,-1.89,-0.19,-2.31,-0.02
118.80671255,31.89042183,8.38,0.51,265.27,-1.86,-0.18,-2.19,-0.00
118.80671142,31.89042175,8.38,0.52,265.26,-1.83,-0.17,-2.09,0.01
118.80671035,31.89042167,8.38,0.51,265.27,-1.83,-0.17,-1.98,0.01
118.80670933,31.89042160,8.38,0.50,265.27,-1.83,-0.15,-1.88,-0.01
118.80670836,31.89042153,8.38,0.52,265.27,-1.82,-0.14,-1.77,-0.02
118.80670745,31.89042147,8.38,0.53,265.26,-1.80,-0.13,-1.66,-0.01
118.80670660,31.89042141,8.38,0.52,265.26,-1.80,-0.13,-1.56,0.01
118.80670580,31.89042135,8.38,0.51,265.27,-1.81,-0.12,-1.45,0.00
118.80670507,31.89042130,8.38,0.52,265.27,-1.81,-0.12,-1.34,-0.01
118.80670439,31.89042124,8.38,0.52,265.28,-1.80,-0.11,-1.23,-0.01
118.80670376,31.89042120,8.38,0.52,265.27,-1.80,-0.09,-1.12,-0.01
118.80670320,31.89042117,8.38,0.53,265.27,-1.81,-0.08,-1.01,0.00
118.80670269,31.89042114,8.38,0.56,265.26,-1.82,-0.07,-0.90,0.00
118.80670223,31.89042111,8.39,0.57,265.27,-1.82,-0.06,-0.79,-0.01
118.80670184,31.89042109,8.38,0.58,265.27,-1.81,-0.06,-0.67,-0.01
118.80670151,31.89042107,8.38,0.59,265.27,-1.81,-0.05,-0.56,-0.00
118.80670125,31.89042106,8.39,0.59,265.27,-1.81,-0.04,-0.44,0.01
118.80670104,31.89042104,8.39,0.58,265.26,-1.82,-0.04,-0.32,0.01
118.80670090,31.89042103,8.39,0.58,265.26,-1.82,-0.02,-0.20,-0.00
118.80670082,31.89042103,8.39,0.58,265.27,-1.81,-0.01,-0.08,-0.00
118.80670081,31.89042103,8.39,0.57,265.27,-1.83,-0.00,0.06,0.00
118.80670086,31.89042104,8.39,0.58,265.28,-1.74,0.01,0.14,-0.03
118.80670092,31.89042105,8.38,0.61,265.27,-1.55,0.01,0.11,-0.05
118.80670097,31.89042106,8.38,0.60,265.24,-1.39,0.01,0.06,-0.04
118.80670098,31.89042106,8.38,0.59,265.23,-1.31,-0.01,0.01,-0.04
118.80670097,31.89042106,8.38,0.60,265.24,-1.27,-0.02,-0.04,-0.02
118.80670094,31.89042106,8.38,0.59,265.26,-1.31,-0.01,-0.04,0.03
118.80670093,31.89042106,8.38,0.58,265.26,-1.38,-0.00,-0.01,0.03
118.80670092,31.89042106,8.38,0.58,265.25,-1.38,0.01,0.01,-0.01
118.80670093,31.89042107,8.38,0.60,265.25,-1.33,0.00,0.02,-0.02
118.80670094,31.89042107,8.38,0.60,265.27,-1.30,0.00,0.02,-0.01
118.80670095,31.89042107,8.38,0.59,265.27,-1.29,-0.00,-0.00,0.00
118.80670095,31.89042106,8.38,0.59,265.26,-1.30,-0.00,-0.02,0.01
118.80670094,31.89042106,8.38,0.59,265.26,-1.32,-0.01,-0.02,0.02
118.80670094,31.89042106,8.38,0.58,265.27,-1.34,-0.00,-0.00,-0.00
118.80670095,31.89042105,8.38,0.58,265.27,-1.33,0.00,0.01,-0.01
118.80670096,31.89042105,8.38,0.59,265.27,-1.31,0.00,0.01,-0.00
118.80670097,31.89042105,8.38,0.59,265.26,-1.30,0.00,0.01,0.01
