  longitude ,  latitude ,high;roll,yaw,pitch;n_vel,e_vel,u_vel
118.80835818,31.89051052,8.38,0.68,263.93,-0.97,0.00,-0.00,0.00
118.80835818,31.89051052,8.38,0.68,263.93,-0.97,0.00,-0.00,0.00
118.80835818,31.89051053,8.38,0.68,263.93,-0.97,0.00,-0.00,0.00
118.80835818,31.89051053,8.38,0.68,263.93,-0.97,0.00,-0.00,0.00
118.80835818,31.89051053,8.38,0.68,263.93,-0.97,0.00,-0.00,0.00
118.80835818,31.89051053,8.38,0.68,263.93,-0.97,0.00,-0.00,0.00
118.80835818,31.89051053,8.38,0.68,263.93,-0.97,0.00,-0.00,0.00
118.80835818,31.89051053,8.38,0.68,263.94,-0.97,0.00,0.00,0.00
118.80835818,31.89051053,8.38,0.67,263.94,-0.97,0.00,0.00,0.00
118.80835819,31.89051053,8.38,0.67,263.93,-0.97,0.00,0.00,0.00
118.80835819,31.89051053,8.38,0.67,263.93,-0.97,0.00,0.00,0.00
118.80835819,31.89051052,8.38,0.67,263.93,-0.97,-0.00,-0.00,0.00
118.80835819,31.89051052,8.38,0.67,263.94,-0.97,-0.00,-0.00,0.00
118.80835818,31.89051052,8.38,0.68,263.94,-0.97,0.00,-0.00,0.00
118.80835818,31.89051052,8.38,0.68,263.93,-0.98,0.00,0.00,0.00
118.80835818,31.89051052,8.38,0.67,263.93,-0.99,0.00,0.00,-0.00
118.80835818,31.89051052,8.38,0.67,263.94,-0.98,-0.00,0.00,0.00
118.80835818,31.89051051,8.38,0.67,263.94,-0.98,-0.00,0.00,0.00
118.80835818,31.89051051,8.38,0.67,263.94,-0.97,-0.00,0.00,0.01
118.80835818,31.89051051,8.38,0.68,263.93,-0.97,-0.00,0.00,0.01
118.80835818,31.89051051,8.38,0.68,263.94,-0.97,-0.00,0.00,0.00
118.80835818,31.89051051,8.38,0.67,263.94,-0.96,0.00,-0.01,-0.00
118.80835818,31.89051050,8.38,0.67,263.94,-0.96,-0.00,-0.00,0.01
118.80835817,31.89051050,8.38,0.67,263.94,-0.95,-0.00,-0.02,-0.00
118.80835816,31.89051050,8.38,0.68,263.93,-0.93,-0.01,-0.03,0.00
118.80835814,31.89051050,8.38,0.68,263.93,-0.93,-0.01,-0.05,0.01
118.80835811,31.89051049,8.38,0.67,263.93,-0.93,-0.01,-0.07,0.00
118.80835806,31.89051049,8.38,0.67,263.93,-0.91,-0.01,-0.10,0.00
118.80835800,31.89051048,8.38,0.68,263.93,-0.89,-0.01,-0.13,0.00
118.80835793,31.89051048,8.38,0.68,263.92,-0.88,-0.02,-0.17,0.00
118.80835783,31.89051047,8.38,0.68,263.92,-0.84,-0.02,-0.22,0.00
118.80835771,31.89051046,8.38,0.68,263.92,-0.83,-0.03,-0.26,0.01
118.80835756,31.89051045,8.38,0.68,263.92,-0.80,-0.03,-0.32,-0.00
118.80835738,31.89051044,8.38,0.69,263.91,-0.78,-0.04,-0.36,0.01
118.80835717,31.89051042,8.38,0.68,263.90,-0.74,-0.04,-0.44,-0.00
118.80835693,31.89051041,8.38,0.70,263.90,-0.73,-0.05,-0.49,0.01
118.80835665,31.89051038,8.38,0.68,263.90,-0.72,-0.06,-0.56,0.01
118.80835634,31.89051036,8.38,0.69,263.91,-0.71,-0.06,-0.61,0.00
118.80835601,31.89051033,8.38,0.69,263.92,-0.69,-0.07,-0.67,0.01
118.80835563,31.89051030,8.38,0.70,263.91,-0.69,-0.07,-0.74,0.00
118.80835523,31.89051027,8.38,0.69,263.90,-0.68,-0.08,-0.79,0.01
118.80835480,31.89051023,8.38,0.70,263.89,-0.67,-0.08,-0.85,0.00
118.80835434,31.89051020,8.38,0.71,263.89,-0.66,-0.09,-0.90,0.01
118.80835385,31.89051016,8.38,0.71,263.90,-0.65,-0.10,-0.96,0.00
118.80835333,31.89051011,8.38,0.71,263.91,-0.65,-0.10,-1.00,0.01
118.80835279,31.89051007,8.38,0.71,263.92,-0.64,-0.10,-1.06,0.00
118.80835222,31.89051002,8.38,0.72,263.92,-0.64,-0.11,-1.10,0.01
118.80835162,31.89050997,8.38,0.70,263.92,-0.63,-0.12,-1.16,0.01
118.80835099,31.89050992,8.38,0.70,263.93,-0.65,-0.13,-1.20,0.02
118.80835034,31.89050986,8.38,0.68,263.94,-0.66,-0.13,-1.25,0.02
118.80834966,31.89050980,8.38,0.67,263.95,-0.67,-0.13,-1.29,0.00
118.80834895,31.89050974,8.38,0.64,263.97,-0.65,-0.14,-1.34,-0.00
118.80834822,31.89050967,8.38,0.64,263.98,-0.65,-0.14,-1.39,-0.00
118.80834747,31.89050961,8.38,0.63,263.99,-0.67,-0.15,-1.43,0.01
118.80834670,31.89050954,8.38,0.62,264.01,-0.68,-0.14,-1.48,-0.00
118.80834590,31.89050948,8.38,0.62,264.02,-0.68,-0.15,-1.51,0.02
118.80834508,31.89050941,8.38,0.64,264.04,-0.71,-0.15,-1.56,0.02
118.80834424,31.89050934,8.38,0.64,264.06,-0.76,-0.16,-1.58,0.02
118.80834338,31.89050927,8.38,0.64,264.10,-0.76,-0.16,-1.63,-0.00
118.80834250,31.89050920,8.38,0.68,264.12,-0.78,-0.15,-1.67,0.00
118.80834160,31.89050913,8.38,0.67,264.14,-0.79,-0.16,-1.71,0.00
118.80834068,31.89050905,8.38,0.64,264.18,-0.83,-0.17,-1.74,-0.00
118.80833975,31.89050897,8.38,0.62,264.22,-0.82,-0.18,-1.78,-0.00
118.80833879,31.89050889,8.38,0.65,264.26,-0.84,-0.18,-1.82,0.01
118.80833781,31.89050881,8.38,0.67,264.30,-0.88,-0.17,-1.85,0.03
118.80833682,31.89050874,8.38,0.69,264.34,-0.92,-0.16,-1.89,0.01
118.80833581,31.89050866,8.38,0.70,264.37,-0.90,-0.17,-1.91,-0.01
118.80833479,31.89050858,8.37,0.71,264.42,-0.87,-0.18,-1.96,-0.01
118.80833374,31.89050850,8.37,0.72,264.45,-0.92,-0.18,-1.98,0.02
118.80833268,31.89050841,8.38,0.70,264.49,-0.97,-0.19,-2.02,0.01
118.80833160,31.89050832,8.38,0.71,264.52,-1.00,-0.19,-2.04,0.00
118.80833051,31.89050822,8.38,0.71,264.56,-0.96,-0.19,-2.07,-0.00
118.80832939,31.89050813,8.38,0.72,264.60,-0.97,-0.19,-2.12,0.00
118.80832826,31.89050803,8.38,0.69,264.63,-1.00,-0.20,-2.14,0.02
118.80832711,31.89050794,8.38,0.73,264.66,-1.03,-0.19,-2.18,-0.01
118.80832595,31.89050785,8.38,0.75,264.69,-1.03,-0.19,-2.19,-0.01
118.80832477,31.89050775,8.38,0.71,264.73,-0.99,-0.20,-2.24,-0.02
118.80832357,31.89050765,8.38,0.68,264.76,-1.03,-0.22,-2.26,0.01
118.80832237,31.89050754,8.38,0.65,264.80,-1.06,-0.22,-2.29,-0.00
118.80832115,31.89050744,8.38,0.65,264.83,-1.04,-0.21,-2.31,-0.02
118.80831991,31.89050734,8.37,0.63,264.85,-1.00,-0.21,-2.34,-0.01
118.80831866,31.89050725,8.37,0.68,264.88,-1.02,-0.20,-2.38,-0.01
118.80831740,31.89050715,8.37,0.72,264.90,-1.04,-0.20,-2.39,-0.00
118.80831612,31.89050706,8.37,0.76,264.93,-1.03,-0.19,-2.44,-0.02
118.80831483,31.89050697,8.37,0.80,264.95,-1.03,-0.21,-2.45,-0.01
118.80831352,31.89050687,8.37,0.81,264.99,-1.01,-0.22,-2.49,-0.00
118.80831220,31.89050676,8.37,0.79,265.02,-1.03,-0.23,-2.50,0.01
118.80831087,31.89050666,8.37,0.77,265.06,-1.03,-0.23,-2.53,-0.00
118.80830954,31.89050656,8.37,0.79,265.11,-1.02,-0.23,-2.54,-0.01
118.80830819,31.89050646,8.37,0.76,265.14,-0.99,-0.22,-2.58,-0.02
118.80830683,31.89050637,8.37,0.77,265.17,-1.00,-0.22,-2.60,0.00
118.80830546,31.89050628,8.38,0.82,265.19,-1.02,-0.21,-2.61,0.02
118.80830408,31.89050620,8.38,0.85,265.22,-1.03,-0.20,-2.63,-0.00
118.80830269,31.89050612,8.38,0.83,265.25,-1.01,-0.21,-2.65,-0.01
118.80830128,31.89050602,8.38,0.80,265.28,-0.99,-0.23,-2.68,-0.02
118.80829987,31.89050593,8.38,0.77,265.32,-0.98,-0.24,-2.70,-0.01
118.80829843,31.89050583,8.38,0.75,265.35,-0.97,-0.23,-2.74,0.01
118.80829698,31.89050573,8.38,0.73,265.38,-0.99,-0.23,-2.76,0.02
118.80829552,31.89050564,8.38,0.70,265.41,-0.98,-0.21,-2.79,-0.01
118.80829404,31.89050555,8.38,0.75,265.44,-0.95,-0.20,-2.81,-0.02
118.80829255,31.89050547,8.38,0.85,265.47,-0.91,-0.20,-2.85,-0.02
118.80829104,31.89050538,8.38,0.87,265.50,-0.92,-0.21,-2.88,0.01
118.80828952,31.89050529,8.38,0.82,265.54,-0.92,-0.22,-2.90,0.02
118.80828798,31.89050519,8.39,0.85,265.57,-0.92,-0.22,-2.92,-0.00
118.80828643,31.89050510,8.39,0.83,265.61,-0.87,-0.23,-2.95,-0.01
118.80828486,31.89050500,8.39,0.78,265.65,-0.86,-0.22,-2.99,-0.00
118.80828327,31.89050490,8.39,0.78,265.69,-0.89,-0.22,-3.02,0.01
118.80828167,31.89050481,8.39,0.81,265.73,-0.92,-0.21,-3.06,-0.00
118.80828004,31.89050472,8.39,0.81,265.77,-0.89,-0.21,-3.08,0.01
118.80827839,31.89050462,8.39,0.81,265.81,-0.90,-0.21,-3.13,0.03
118.80827672,31.89050452,8.39,0.82,265.85,-0.95,-0.22,-3.15,0.02
118.80827504,31.89050442,8.39,0.81,265.89,-0.92,-0.22,-3.18,-0.02
118.80827334,31.89050431,8.39,0.79,265.94,-0.87,-0.23,-3.22,-0.01
118.80827162,31.89050421,8.39,0.76,265.99,-0.88,-0.23,-3.26,0.02
118.80826989,31.89050410,8.39,0.79,266.03,-0.94,-0.22,-3.29,0.02
118.80826814,31.89050400,8.40,0.81,266.07,-0.95,-0.21,-3.32,0.01
118.80826637,31.89050391,8.40,0.80,266.11,-0.91,-0.21,-3.35,0.01
118.80826458,31.89050381,8.40,0.81,266.15,-0.91,-0.21,-3.38,0.02
118.80826278,31.89050371,8.40,0.80,266.19,-0.94,-0.22,-3.42,0.01
118.80826096,31.89050361,8.40,0.81,266.23,-0.97,-0.21,-3.45,-0.01
118.80825913,31.89050351,8.40,0.84,266.27,-0.93,-0.21,-3.47,-0.00
118.80825728,31.89050341,8.40,0.85,266.31,-0.90,-0.21,-3.51,0.02
118.80825541,31.89050332,8.40,0.83,266.34,-0.93,-0.21,-3.54,0.02
118.80825354,31.89050322,8.40,0.85,266.38,-0.95,-0.22,-3.57,0.02
118.80825165,31.89050312,8.40,0.87,266.42,-0.95,-0.22,-3.59,0.01
118.80824974,31.89050302,8.40,0.85,266.45,-0.91,-0.22,-3.62,0.01
118.80824782,31.89050292,8.40,0.82,266.48,-0.92,-0.22,-3.65,0.02
118.80824589,31.89050282,8.40,0.84,266.50,-0.96,-0.22,-3.68,0.01
118.80824393,31.89050272,8.40,0.85,266.51,-0.99,-0.22,-3.70,0.00
118.80824196,31.89050263,8.40,0.82,266.53,-0.99,-0.22,-3.72,0.02
118.80823998,31.89050254,8.41,0.81,266.55,-1.01,-0.21,-3.76,0.01
118.80823798,31.89050244,8.41,0.83,266.58,-1.02,-0.22,-3.78,0.01
118.80823596,31.89050235,8.41,0.81,266.60,-1.03,-0.22,-3.81,0.01
118.80823394,31.89050225,8.41,0.80,266.62,-1.02,-0.22,-3.83,0.00
118.80823190,31.89050216,8.41,0.83,266.65,-1.02,-0.21,-3.85,0.00
118.80822984,31.89050206,8.41,0.85,266.67,-1.02,-0.21,-3.87,0.01
118.80822777,31.89050197,8.41,0.85,266.68,-1.01,-0.21,-3.90,0.02
118.80822569,31.89050188,8.41,0.85,266.70,-1.01,-0.21,-3.93,0.00
118.80822360,31.89050179,8.41,0.89,266.72,-1.00,-0.21,-3.95,-0.02
118.80822149,31.89050170,8.41,0.90,266.74,-1.01,-0.21,-3.97,-0.01
118.80821937,31.89050161,8.41,0.90,266.76,-0.99,-0.21,-4.00,-0.00
118.80821724,31.89050151,8.41,0.86,266.77,-0.98,-0.21,-4.02,0.00
118.80821509,31.89050141,8.41,0.83,266.79,-0.95,-0.23,-4.05,0.01
118.80821293,31.89050131,8.41,0.78,266.82,-0.93,-0.23,-4.09,0.01
118.80821076,31.89050121,8.41,0.77,266.85,-0.95,-0.22,-4.12,0.01
118.80820857,31.89050111,8.41,0.81,266.86,-0.96,-0.22,-4.14,0.02
118.80820637,31.89050102,8.41,0.81,266.87,-0.94,-0.20,-4.18,0.03
118.80820416,31.89050093,8.41,0.77,266.88,-0.96,-0.21,-4.21,0.04
118.80820194,31.89050084,8.41,0.83,266.89,-1.00,-0.21,-4.22,0.01
118.80819971,31.89050075,8.41,0.87,266.90,-0.96,-0.20,-4.24,-0.02
118.80819747,31.89050065,8.41,0.84,266.91,-0.90,-0.22,-4.28,0.01
118.80819522,31.89050055,8.41,0.82,266.92,-0.97,-0.23,-4.30,0.04
118.80819295,31.89050045,8.41,0.80,266.93,-1.02,-0.23,-4.31,0.04
118.80819067,31.89050035,8.42,0.78,266.94,-1.04,-0.22,-4.34,0.02
118.80818839,31.89050024,8.42,0.78,266.94,-1.01,-0.22,-4.36,-0.01
118.80818608,31.89050015,8.42,0.79,266.95,-0.99,-0.21,-4.39,0.01
118.80818377,31.89050005,8.42,0.80,266.94,-1.03,-0.21,-4.41,0.03
118.80818144,31.89049996,8.42,0.84,266.93,-1.06,-0.21,-4.43,0.01
118.80817910,31.89049986,8.42,0.88,266.92,-1.02,-0.21,-4.46,0.01
118.80817674,31.89049976,8.42,0.88,266.91,-1.01,-0.22,-4.49,0.03
118.80817438,31.89049966,8.42,0.88,266.91,-1.09,-0.24,-4.50,0.01
118.80817200,31.89049955,8.42,0.87,266.92,-1.08,-0.24,-4.52,0.01
118.80816961,31.89049944,8.42,0.84,266.92,-1.06,-0.24,-4.55,0.04
118.80816721,31.89049934,8.42,0.87,266.91,-1.06,-0.23,-4.57,0.02
118.80816480,31.89049924,8.42,0.86,266.90,-1.06,-0.23,-4.59,0.01
118.80816237,31.89049913,8.42,0.85,266.89,-1.07,-0.24,-4.60,0.00
118.80815994,31.89049903,8.42,0.86,266.89,-1.04,-0.23,-4.61,-0.01
118.80815750,31.89049892,8.42,0.91,266.89,-0.99,-0.24,-4.63,0.01
118.80815505,31.89049881,8.42,0.85,266.89,-1.01,-0.25,-4.64,0.01
118.80815259,31.89049869,8.42,0.82,266.89,-0.98,-0.25,-4.65,-0.02
118.80815012,31.89049858,8.42,0.84,266.87,-0.93,-0.25,-4.66,0.01
118.80814764,31.89049847,8.42,0.85,266.85,-0.93,-0.24,-4.69,0.03
118.80814515,31.89049836,8.42,0.88,266.82,-0.96,-0.24,-4.70,0.03
118.80814265,31.89049824,8.42,0.90,266.79,-0.97,-0.24,-4.71,-0.00
118.80814016,31.89049813,8.42,0.91,266.76,-0.95,-0.25,-4.71,-0.01
118.80813765,31.89049801,8.42,0.90,266.74,-0.96,-0.26,-4.72,0.03
118.80813514,31.89049789,8.42,0.98,266.70,-1.03,-0.26,-4.73,0.04
118.80813263,31.89049777,8.43,0.96,266.67,-1.05,-0.27,-4.74,0.01
118.80813012,31.89049764,8.43,0.86,266.63,-1.04,-0.28,-4.75,0.02
118.80812760,31.89049751,8.43,0.84,266.60,-1.07,-0.29,-4.77,0.04
118.80812508,31.89049738,8.43,0.84,266.56,-1.14,-0.29,-4.76,0.03
118.80812256,31.89049725,8.43,0.84,266.53,-1.11,-0.29,-4.77,0.00
118.80812003,31.89049712,8.43,0.84,266.49,-1.12,-0.29,-4.79,0.01
118.80811750,31.89049699,8.43,0.84,266.46,-1.16,-0.29,-4.79,0.01
118.80811497,31.89049686,8.43,0.85,266.42,-1.15,-0.29,-4.79,-0.00
118.80811243,31.89049673,8.43,0.90,266.37,-1.13,-0.30,-4.79,0.01
118.80810990,31.89049659,8.43,0.86,266.32,-1.14,-0.30,-4.80,0.02
118.80810736,31.89049645,8.43,0.86,266.27,-1.15,-0.30,-4.80,-0.00
118.80810482,31.89049632,8.43,0.92,266.22,-1.09,-0.30,-4.80,-0.02
118.80810229,31.89049618,8.43,0.93,266.16,-1.05,-0.32,-4.81,0.03
118.80809976,31.89049603,8.43,0.88,266.08,-1.09,-0.33,-4.81,0.04
118.80809722,31.89049588,8.43,0.90,266.00,-1.10,-0.33,-4.81,-0.03
118.80809469,31.89049573,8.43,0.93,265.90,-1.06,-0.33,-4.81,-0.01
118.80809215,31.89049558,8.43,0.93,265.80,-1.08,-0.35,-4.82,0.04
118.80808961,31.89049542,8.43,0.86,265.70,-1.13,-0.36,-4.82,0.03
118.80808707,31.89049526,8.43,0.83,265.60,-1.11,-0.37,-4.82,-0.00
118.80808453,31.89049509,8.43,0.92,265.51,-1.05,-0.37,-4.82,-0.00
118.80808199,31.89049493,8.44,0.95,265.42,-1.04,-0.38,-4.82,0.02
118.80807944,31.89049475,8.44,0.90,265.33,-1.09,-0.39,-4.82,0.03
118.80807690,31.89049458,8.44,0.86,265.26,-1.12,-0.40,-4.81,0.01
118.80807435,31.89049439,8.44,0.88,265.20,-1.05,-0.41,-4.81,-0.02
118.80807181,31.89049421,8.44,0.88,265.16,-1.01,-0.41,-4.82,0.01
118.80806926,31.89049402,8.44,0.82,265.14,-1.01,-0.42,-4.83,0.03
118.80806671,31.89049383,8.44,0.81,265.13,-1.03,-0.42,-4.83,0.02
118.80806416,31.89049364,8.44,0.82,265.14,-1.03,-0.41,-4.83,0.02
118.80806161,31.89049346,8.45,0.85,265.16,-1.01,-0.41,-4.83,0.02
118.80805906,31.89049328,8.45,0.88,265.19,-0.97,-0.40,-4.84,0.03
118.80805650,31.89049310,8.45,0.90,265.21,-0.92,-0.40,-4.84,0.02
118.80805394,31.89049292,8.45,0.91,265.21,-0.93,-0.40,-4.85,0.03
118.80805137,31.89049274,8.45,0.92,265.20,-0.94,-0.40,-4.85,0.02
118.80804880,31.89049257,8.45,0.91,265.18,-0.96,-0.41,-4.85,0.02
118.80804623,31.89049239,8.45,0.90,265.17,-0.96,-0.42,-4.85,0.03
118.80804365,31.89049220,8.45,0.88,265.17,-0.94,-0.42,-4.85,0.01
118.80804108,31.89049202,8.46,0.88,265.17,-0.92,-0.42,-4.85,0.02
118.80803850,31.89049184,8.46,0.92,265.16,-0.93,-0.41,-4.85,0.04
118.80803593,31.89049166,8.46,0.95,265.14,-0.96,-0.40,-4.85,0.06
118.80803335,31.89049149,8.46,0.97,265.10,-0.98,-0.40,-4.86,0.05
118.80803077,31.89049131,8.46,0.97,265.05,-0.97,-0.40,-4.86,-0.01
118.80802819,31.89049113,8.46,1.04,264.98,-0.93,-0.41,-4.87,-0.01
118.80802561,31.89049095,8.46,1.11,264.89,-0.91,-0.42,-4.87,0.01
118.80802302,31.89049076,8.46,1.08,264.77,-0.93,-0.44,-4.88,0.03
118.80802044,31.89049056,8.47,1.06,264.62,-0.94,-0.45,-4.88,0.03
118.80801785,31.89049036,8.47,1.09,264.43,-0.96,-0.46,-4.88,0.05
118.80801527,31.89049015,8.47,1.10,264.21,-0.99,-0.48,-4.89,0.05
118.80801268,31.89048994,8.47,1.09,263.96,-1.03,-0.50,-4.89,0.03
118.80801009,31.89048971,8.47,1.09,263.67,-1.03,-0.52,-4.89,0.01
118.80800749,31.89048947,8.47,1.14,263.35,-1.04,-0.54,-4.89,0.01
118.80800490,31.89048923,8.47,1.18,263.00,-1.04,-0.57,-4.89,0.03
118.80800232,31.89048897,8.48,1.19,262.62,-1.02,-0.60,-4.89,0.03
118.80799975,31.89048869,8.48,1.17,262.22,-1.01,-0.65,-4.89,0.03
118.80799718,31.89048839,8.48,1.15,261.82,-0.99,-0.69,-4.89,0.02
118.80799461,31.89048808,8.48,1.11,261.42,-1.00,-0.72,-4.89,0.02
118.80799204,31.89048775,8.48,1.14,261.03,-0.98,-0.75,-4.88,0.02
118.80798947,31.89048741,8.49,1.17,260.63,-0.96,-0.78,-4.88,0.02
118.80798690,31.89048705,8.49,1.14,260.24,-0.92,-0.82,-4.88,0.02
118.80798433,31.89048668,8.49,1.10,259.84,-0.90,-0.86,-4.89,0.02
118.80798177,31.89048629,8.49,1.11,259.44,-0.92,-0.90,-4.88,0.03
118.80797920,31.89048588,8.49,1.13,259.04,-0.93,-0.92,-4.88,0.03
118.80797664,31.89048546,8.49,1.12,258.65,-0.90,-0.95,-4.88,0.04
118.80797408,31.89048503,8.50,1.09,258.25,-0.91,-1.00,-4.88,0.04
118.80797152,31.89048458,8.50,1.08,257.85,-0.94,-1.03,-4.87,0.03
118.80796896,31.89048411,8.50,1.09,257.45,-0.95,-1.06,-4.87,0.02
118.80796640,31.89048363,8.50,1.09,257.04,-0.95,-1.10,-4.86,0.05
118.80796385,31.89048313,8.51,1.01,256.63,-0.96,-1.14,-4.86,0.05
118.80796130,31.89048261,8.51,0.98,256.24,-0.99,-1.18,-4.84,0.03
118.80795875,31.89048207,8.51,0.96,255.83,-1.00,-1.21,-4.84,0.02
118.80795620,31.89048152,8.51,0.97,255.43,-0.97,-1.23,-4.83,0.03
118.80795365,31.89048096,8.51,0.97,255.02,-0.96,-1.27,-4.83,0.04
118.80795110,31.89048038,8.51,0.95,254.62,-1.01,-1.30,-4.83,0.03
118.80794855,31.89047978,8.51,0.91,254.23,-1.00,-1.35,-4.82,0.01
118.80794600,31.89047916,8.51,0.88,253.84,-0.95,-1.39,-4.81,0.01
118.80794346,31.89047852,8.52,0.86,253.47,-0.98,-1.43,-4.81,0.05
118.80794091,31.89047786,8.52,0.78,253.09,-1.03,-1.46,-4.80,0.04
118.80793837,31.89047719,8.52,0.74,252.73,-0.99,-1.48,-4.79,0.01
118.80793584,31.89047651,8.52,0.73,252.39,-0.94,-1.52,-4.79,0.03
118.80793330,31.89047582,8.52,0.72,252.04,-0.97,-1.54,-4.80,0.05
118.80793076,31.89047511,8.52,0.70,251.70,-0.98,-1.57,-4.79,0.00
118.80792823,31.89047439,8.52,0.66,251.38,-0.92,-1.61,-4.80,0.00
118.80792569,31.89047365,8.52,0.60,251.09,-0.95,-1.65,-4.80,0.04
118.80792315,31.89047290,8.52,0.55,250.81,-1.00,-1.68,-4.80,0.03
118.80792062,31.89047213,8.52,0.52,250.56,-0.96,-1.70,-4.79,0.01
118.80791808,31.89047136,8.52,0.49,250.33,-0.91,-1.72,-4.80,0.04
118.80791554,31.89047058,8.52,0.47,250.10,-0.95,-1.74,-4.81,0.05
118.80791299,31.89046978,8.52,0.41,249.90,-1.00,-1.76,-4.81,0.02
118.80791045,31.89046898,8.52,0.37,249.73,-0.98,-1.79,-4.81,0.01
118.80790791,31.89046817,8.52,0.36,249.59,-0.95,-1.81,-4.81,0.01
118.80790536,31.89046735,8.52,0.31,249.49,-0.93,-1.82,-4.81,0.01
118.80790281,31.89046652,8.53,0.20,249.43,-0.97,-1.84,-4.82,0.02
118.80790026,31.89046569,8.53,0.14,249.38,-1.03,-1.85,-4.83,0.02
118.80789771,31.89046487,8.53,0.12,249.36,-1.08,-1.84,-4.84,0.02
118.80789516,31.89046404,8.53,0.05,249.38,-1.10,-1.84,-4.85,0.02
118.80789260,31.89046322,8.53,-0.01,249.42,-1.09,-1.85,-4.85,0.01
118.80789004,31.89046239,8.53,-0.06,249.46,-1.09,-1.86,-4.87,0.02
118.80788747,31.89046156,8.53,-0.13,249.50,-1.13,-1.86,-4.89,0.02
118.80788489,31.89046073,8.53,-0.24,249.53,-1.17,-1.86,-4.89,0.01
118.80788231,31.89045990,8.53,-0.29,249.56,-1.15,-1.85,-4.89,-0.01
118.80787972,31.89045907,8.53,-0.32,249.60,-1.12,-1.85,-4.91,-0.01
118.80787713,31.89045824,8.53,-0.36,249.63,-1.11,-1.85,-4.92,-0.01
118.80787453,31.89045741,8.53,-0.43,249.67,-1.11,-1.85,-4.93,-0.01
118.80787192,31.89045658,8.53,-0.49,249.71,-1.10,-1.86,-4.94,0.02
118.80786931,31.89045575,8.53,-0.56,249.75,-1.14,-1.86,-4.96,0.02
118.80786669,31.89045492,8.53,-0.59,249.79,-1.19,-1.86,-4.97,-0.01
118.80786406,31.89045409,8.53,-0.69,249.83,-1.16,-1.85,-4.99,-0.02
118.80786143,31.89045325,8.53,-0.68,249.89,-1.23,-1.86,-5.00,0.01
118.80785879,31.89045243,8.53,-0.69,249.95,-1.28,-1.85,-5.01,0.02
118.80785614,31.89045160,8.53,-0.80,250.03,-1.27,-1.85,-5.02,0.01
118.80785349,31.89045077,8.53,-0.86,250.11,-1.27,-1.86,-5.03,0.02
118.80785083,31.89044994,8.53,-0.89,250.21,-1.30,-1.85,-5.04,0.01
118.80784816,31.89044911,8.53,-0.96,250.32,-1.28,-1.83,-5.05,-0.03
118.80784548,31.89044829,8.53,-0.95,250.43,-1.25,-1.83,-5.07,-0.03
118.80784279,31.89044747,8.53,-1.04,250.55,-1.27,-1.82,-5.08,-0.03
118.80784009,31.89044666,8.53,-0.97,250.68,-1.25,-1.80,-5.10,-0.03
118.80783738,31.89044585,8.53,-1.01,250.82,-1.21,-1.80,-5.12,0.00
118.80783467,31.89044504,8.53,-1.10,250.98,-1.24,-1.80,-5.13,0.04
118.80783195,31.89044423,8.53,-1.10,251.15,-1.26,-1.78,-5.14,0.01
118.80782922,31.89044344,8.53,-1.10,251.33,-1.21,-1.77,-5.16,-0.01
118.80782648,31.89044265,8.53,-1.13,251.53,-1.18,-1.76,-5.18,-0.01
118.80782374,31.89044186,8.53,-1.14,251.73,-1.20,-1.74,-5.20,-0.01
118.80782098,31.89044109,8.53,-1.16,251.96,-1.19,-1.73,-5.21,-0.01
118.80781822,31.89044032,8.53,-1.19,252.20,-1.16,-1.71,-5.23,0.00
118.80781545,31.89043955,8.53,-1.22,252.47,-1.16,-1.69,-5.25,0.01
118.80781267,31.89043880,8.53,-1.25,252.76,-1.18,-1.67,-5.26,0.02
118.80780988,31.89043805,8.53,-1.25,253.06,-1.22,-1.64,-5.28,0.01
118.80780708,31.89043732,8.53,-1.26,253.38,-1.25,-1.61,-5.29,-0.00
118.80780427,31.89043661,8.53,-1.24,253.72,-1.25,-1.58,-5.31,-0.01
118.80780145,31.89043591,8.53,-1.22,254.07,-1.27,-1.55,-5.33,0.00
118.80779862,31.89043522,8.54,-1.22,254.46,-1.31,-1.52,-5.35,0.01
118.80779578,31.89043454,8.54,-1.21,254.85,-1.35,-1.48,-5.37,0.01
118.80779294,31.89043389,8.54,-1.19,255.26,-1.34,-1.45,-5.39,-0.01
118.80779009,31.89043325,8.53,-1.26,255.68,-1.33,-1.41,-5.41,-0.02
118.80778722,31.89043263,8.53,-1.21,256.10,-1.35,-1.37,-5.43,-0.02
118.80778435,31.89043203,8.53,-1.19,256.55,-1.39,-1.33,-5.44,-0.00
118.80778147,31.89043145,8.53,-1.25,257.02,-1.39,-1.30,-5.46,-0.02
118.80777858,31.89043088,8.53,-1.28,257.51,-1.36,-1.26,-5.48,-0.01
118.80777567,31.89043033,8.53,-1.29,258.02,-1.36,-1.21,-5.50,-0.00
118.80777276,31.89042980,8.53,-1.31,258.55,-1.37,-1.16,-5.52,-0.01
118.80776983,31.89042930,8.53,-1.37,259.09,-1.35,-1.11,-5.54,-0.02
118.80776690,31.89042881,8.53,-1.42,259.65,-1.32,-1.07,-5.56,-0.01
118.80776396,31.89042835,8.53,-1.40,260.24,-1.28,-1.01,-5.58,-0.02
118.80776101,31.89042792,8.52,-1.41,260.83,-1.22,-0.95,-5.60,-0.02
118.80775805,31.89042751,8.52,-1.44,261.43,-1.19,-0.89,-5.62,0.00
118.80775508,31.89042713,8.52,-1.46,262.03,-1.20,-0.83,-5.63,-0.00
118.80775210,31.89042678,8.52,-1.48,262.63,-1.18,-0.77,-5.64,-0.02
118.80774911,31.89042645,8.52,-1.46,263.23,-1.13,-0.71,-5.66,-0.01
118.80774611,31.89042615,8.52,-1.45,263.83,-1.14,-0.65,-5.68,0.01
118.80774311,31.89042588,8.52,-1.45,264.43,-1.16,-0.60,-5.68,0.02
118.80774010,31.89042563,8.52,-1.47,265.04,-1.16,-0.54,-5.70,0.01
118.80773708,31.89042540,8.52,-1.49,265.64,-1.19,-0.47,-5.71,0.02
118.80773405,31.89042520,8.52,-1.50,266.23,-1.21,-0.41,-5.72,-0.02
118.80773101,31.89042503,8.52,-1.46,266.83,-1.21,-0.35,-5.73,-0.00
118.80772797,31.89042488,8.52,-1.48,267.43,-1.18,-0.29,-5.75,0.01
118.80772493,31.89042476,8.52,-1.51,268.04,-1.15,-0.25,-5.76,0.03
118.80772187,31.89042466,8.52,-1.52,268.66,-1.15,-0.18,-5.77,0.03
118.80771882,31.89042459,8.53,-1.52,269.26,-1.15,-0.12,-5.77,0.01
118.80771576,31.89042456,8.52,-1.52,269.86,-1.07,-0.05,-5.77,-0.02
118.80771270,31.89042455,8.52,-1.49,270.47,-0.97,0.02,-5.79,-0.02
118.80770964,31.89042457,8.52,-1.46,271.08,-0.93,0.08,-5.79,0.02
118.80770657,31.89042461,8.52,-1.45,271.69,-0.94,0.13,-5.80,0.04
118.80770350,31.89042468,8.53,-1.50,272.30,-0.94,0.18,-5.80,0.03
118.80770043,31.89042478,8.53,-1.55,272.92,-0.89,0.24,-5.79,0.03
118.80769736,31.89042490,8.53,-1.57,273.53,-0.82,0.31,-5.79,0.03
118.80769429,31.89042505,8.53,-1.55,274.14,-0.78,0.38,-5.79,0.05
118.80769123,31.89042523,8.53,-1.52,274.74,-0.74,0.45,-5.78,0.04
118.80768817,31.89042545,8.53,-1.51,275.33,-0.70,0.50,-5.78,0.03
118.80768511,31.89042569,8.54,-1.52,275.92,-0.71,0.56,-5.78,0.05
118.80768206,31.89042595,8.54,-1.52,276.52,-0.76,0.62,-5.77,0.05
118.80767901,31.89042624,8.54,-1.51,277.11,-0.81,0.67,-5.76,0.04
118.80767597,31.89042655,8.54,-1.56,277.69,-0.85,0.73,-5.74,0.06
118.80767293,31.89042691,8.55,-1.52,278.24,-0.87,0.79,-5.72,0.06
118.80766990,31.89042730,8.55,-1.51,278.81,-0.88,0.84,-5.71,0.07
118.80766687,31.89042771,8.55,-1.54,279.38,-0.92,0.90,-5.70,0.06
118.80766385,31.89042815,8.55,-1.54,279.95,-0.96,0.95,-5.67,0.03
118.80766084,31.89042861,8.55,-1.57,280.51,-0.87,1.01,-5.66,0.01
118.80765784,31.89042910,8.55,-1.57,281.06,-0.79,1.07,-5.65,0.00
118.80765484,31.89042961,8.56,-1.53,281.62,-0.77,1.13,-5.65,0.04
118.80765185,31.89043016,8.56,-1.45,282.19,-0.88,1.19,-5.63,0.06
118.80764887,31.89043072,8.56,-1.45,282.74,-0.94,1.24,-5.61,0.05
118.80764589,31.89043131,8.56,-1.44,283.28,-0.95,1.29,-5.60,0.04
118.80764294,31.89043192,8.56,-1.47,283.82,-0.88,1.35,-5.59,0.05
118.80763998,31.89043255,8.57,-1.39,284.34,-0.93,1.39,-5.57,0.10
118.80763704,31.89043321,8.57,-1.37,284.84,-1.02,1.45,-5.55,0.06
118.80763411,31.89043389,8.57,-1.31,285.32,-1.05,1.51,-5.52,0.02
118.80763119,31.89043460,8.57,-1.15,285.78,-1.01,1.57,-5.50,-0.02
118.80762828,31.89043534,8.57,-0.93,286.19,-0.97,1.62,-5.49,0.00
118.80762538,31.89043609,8.57,-0.85,286.55,-1.03,1.66,-5.48,0.04
118.80762248,31.89043686,8.57,-0.75,286.86,-1.12,1.68,-5.45,0.05
118.80761959,31.89043763,8.58,-0.69,287.10,-1.19,1.70,-5.44,0.02
118.80761671,31.89043842,8.58,-0.53,287.29,-1.15,1.71,-5.44,0.04
118.80761384,31.89043921,8.58,-0.41,287.45,-1.14,1.74,-5.43,0.00
118.80761098,31.89044000,8.58,-0.36,287.55,-1.15,1.75,-5.41,0.01
118.80760813,31.89044080,8.58,-0.20,287.59,-1.19,1.75,-5.39,0.03
118.80760528,31.89044160,8.58,-0.03,287.58,-1.18,1.77,-5.39,-0.00
118.80760243,31.89044240,8.58,0.05,287.52,-1.16,1.76,-5.39,0.01
118.80759959,31.89044319,8.59,0.15,287.41,-1.20,1.75,-5.39,0.01
118.80759674,31.89044398,8.59,0.25,287.27,-1.26,1.73,-5.39,0.00
118.80759389,31.89044476,8.59,0.30,287.10,-1.36,1.71,-5.39,0.01
118.80759103,31.89044553,8.59,0.34,286.89,-1.42,1.68,-5.40,0.00
118.80758818,31.89044629,8.59,0.40,286.64,-1.46,1.66,-5.40,0.02
118.80758533,31.89044704,8.59,0.50,286.36,-1.52,1.65,-5.40,0.02
118.80758248,31.89044778,8.59,0.59,286.04,-1.56,1.62,-5.41,-0.00
118.80757962,31.89044851,8.59,0.66,285.70,-1.56,1.59,-5.41,-0.04
118.80757676,31.89044922,8.59,0.72,285.35,-1.53,1.55,-5.43,-0.04
118.80757390,31.89044991,8.59,0.75,285.00,-1.53,1.51,-5.44,-0.03
118.80757103,31.89045058,8.59,0.76,284.65,-1.51,1.46,-5.45,-0.01
118.80756816,31.89045124,8.59,0.75,284.32,-1.52,1.43,-5.45,0.01
118.80756529,31.89045188,8.59,0.77,283.99,-1.49,1.40,-5.46,-0.01
118.80756241,31.89045250,8.59,0.80,283.66,-1.43,1.37,-5.46,-0.04
118.80755954,31.89045311,8.59,0.80,283.33,-1.38,1.34,-5.47,-0.03
118.80755666,31.89045371,8.59,0.80,283.02,-1.39,1.31,-5.47,-0.00
118.80755377,31.89045428,8.58,0.82,282.69,-1.39,1.28,-5.47,-0.01
118.80755088,31.89045484,8.58,0.84,282.37,-1.36,1.24,-5.47,-0.01
118.80754799,31.89045539,8.58,0.82,282.04,-1.34,1.21,-5.47,-0.00
118.80754510,31.89045592,8.58,0.87,281.71,-1.38,1.18,-5.47,-0.01
118.80754221,31.89045643,8.58,0.88,281.38,-1.40,1.14,-5.47,-0.02
118.80753931,31.89045694,8.58,0.88,281.06,-1.41,1.11,-5.48,-0.01
118.80753641,31.89045742,8.58,0.93,280.73,-1.45,1.08,-5.48,0.01
118.80753351,31.89045789,8.58,0.92,280.41,-1.51,1.05,-5.48,0.01
118.80753061,31.89045835,8.58,0.89,280.08,-1.52,1.02,-5.48,-0.01
118.80752772,31.89045880,8.57,0.87,279.74,-1.52,0.97,-5.48,-0.02
118.80752482,31.89045922,8.57,0.88,279.41,-1.47,0.94,-5.49,-0.04
118.80752191,31.89045963,8.57,0.90,279.08,-1.46,0.91,-5.49,-0.04
118.80751901,31.89046003,8.57,0.90,278.75,-1.47,0.88,-5.50,-0.02
118.80751610,31.89046042,8.57,0.92,278.42,-1.49,0.85,-5.50,-0.01
118.80751320,31.89046079,8.56,0.93,278.08,-1.49,0.82,-5.50,-0.02
118.80751029,31.89046114,8.56,0.87,277.74,-1.49,0.78,-5.50,-0.01
118.80750739,31.89046148,8.56,0.84,277.40,-1.49,0.74,-5.50,-0.02
118.80750448,31.89046180,8.56,0.90,277.07,-1.48,0.71,-5.50,-0.02
118.80750157,31.89046211,8.56,0.91,276.73,-1.53,0.68,-5.51,-0.02
118.80749865,31.89046241,8.56,0.90,276.40,-1.61,0.65,-5.51,-0.03
118.80749573,31.89046269,8.56,0.93,276.05,-1.64,0.62,-5.51,-0.03
118.80749282,31.89046295,8.55,0.94,275.70,-1.62,0.59,-5.51,-0.03
118.80748990,31.89046320,8.55,0.94,275.36,-1.60,0.55,-5.51,-0.01
118.80748698,31.89046343,8.55,0.90,275.02,-1.63,0.50,-5.52,-0.01
118.80748406,31.89046364,8.55,0.89,274.68,-1.64,0.47,-5.51,-0.03
118.80748114,31.89046384,8.55,0.92,274.33,-1.62,0.45,-5.51,-0.05
118.80747823,31.89046403,8.55,0.94,273.97,-1.54,0.42,-5.50,-0.07
118.80747531,31.89046420,8.55,0.94,273.60,-1.47,0.38,-5.51,-0.04
118.80747239,31.89046436,8.54,0.94,273.23,-1.49,0.34,-5.52,-0.01
118.80746947,31.89046450,8.54,0.92,272.85,-1.54,0.31,-5.51,-0.02
118.80746656,31.89046462,8.54,0.95,272.48,-1.50,0.27,-5.50,-0.05
118.80746364,31.89046473,8.54,0.98,272.12,-1.42,0.23,-5.50,-0.04
118.80746072,31.89046482,8.54,1.00,271.75,-1.45,0.19,-5.51,-0.01
118.80745780,31.89046489,8.54,0.99,271.38,-1.57,0.16,-5.51,0.00
118.80745489,31.89046495,8.54,0.98,270.98,-1.63,0.13,-5.49,-0.02
118.80745197,31.89046499,8.54,1.00,270.56,-1.59,0.09,-5.49,-0.03
118.80744906,31.89046502,8.54,1.02,270.11,-1.54,0.05,-5.49,-0.05
118.80744615,31.89046502,8.53,1.02,269.65,-1.49,-0.00,-5.50,-0.03
118.80744324,31.89046501,8.53,1.01,269.19,-1.51,-0.05,-5.50,-0.01
118.80744034,31.89046497,8.53,1.00,268.71,-1.56,-0.10,-5.50,-0.01
118.80743745,31.89046492,8.53,1.02,268.24,-1.53,-0.14,-5.49,-0.06
118.80743456,31.89046485,8.53,1.04,267.77,-1.45,-0.18,-5.49,-0.05
118.80743167,31.89046476,8.53,1.05,267.30,-1.45,-0.22,-5.49,-0.01
118.80742878,31.89046465,8.52,1.07,266.82,-1.47,-0.26,-5.49,-0.01
118.80742589,31.89046453,8.52,1.11,266.35,-1.48,-0.31,-5.48,-0.02
118.80742300,31.89046437,8.52,1.07,265.89,-1.46,-0.37,-5.48,-0.02
118.80742012,31.89046420,8.52,1.05,265.42,-1.47,-0.42,-5.48,-0.03
118.80741724,31.89046400,8.52,1.04,264.94,-1.49,-0.46,-5.47,-0.02
118.80741436,31.89046379,8.52,1.02,264.47,-1.48,-0.50,-5.46,-0.03
118.80741149,31.89046356,8.51,1.03,263.99,-1.46,-0.54,-5.45,-0.03
118.80740862,31.89046330,8.51,1.00,263.52,-1.46,-0.59,-5.45,-0.00
118.80740575,31.89046303,8.51,1.04,263.04,-1.46,-0.62,-5.44,-0.03
118.80740288,31.89046274,8.51,1.07,262.57,-1.44,-0.67,-5.43,-0.04
118.80740002,31.89046243,8.51,1.02,262.09,-1.44,-0.72,-5.43,-0.03
118.80739716,31.89046209,8.50,1.03,261.60,-1.45,-0.77,-5.42,-0.02
118.80739431,31.89046174,8.50,1.05,261.12,-1.45,-0.81,-5.41,-0.02
118.80739146,31.89046137,8.50,1.04,260.64,-1.43,-0.86,-5.41,-0.03
118.80738862,31.89046097,8.50,1.04,260.15,-1.39,-0.90,-5.40,-0.01
118.80738578,31.89046056,8.50,1.07,259.65,-1.36,-0.95,-5.38,-0.03
118.80738295,31.89046012,8.50,1.06,259.13,-1.33,-1.00,-5.37,-0.01
118.80738012,31.89045965,8.50,1.04,258.61,-1.33,-1.05,-5.36,-0.02
118.80737730,31.89045917,8.50,1.00,258.09,-1.28,-1.09,-5.34,-0.04
118.80737448,31.89045866,8.50,0.99,257.57,-1.22,-1.14,-5.33,-0.03
118.80737167,31.89045813,8.50,1.06,257.05,-1.22,-1.18,-5.32,-0.02
118.80736887,31.89045758,8.50,1.06,256.53,-1.25,-1.23,-5.30,-0.01
118.80736607,31.89045701,8.50,1.04,256.01,-1.26,-1.27,-5.29,-0.01
118.80736328,31.89045642,8.50,1.07,255.50,-1.29,-1.33,-5.27,0.01
118.80736050,31.89045580,8.50,1.06,254.98,-1.31,-1.37,-5.26,-0.00
118.80735773,31.89045516,8.50,1.02,254.47,-1.33,-1.43,-5.24,-0.01
118.80735496,31.89045451,8.50,1.01,253.97,-1.32,-1.48,-5.23,-0.01
118.80735221,31.89045382,8.50,1.00,253.47,-1.33,-1.52,-5.22,-0.00
118.80734946,31.89045313,8.50,1.02,252.97,-1.30,-1.56,-5.20,-0.01
118.80734672,31.89045241,8.50,1.02,252.48,-1.27,-1.61,-5.19,-0.01
118.80734399,31.89045167,8.50,1.01,251.99,-1.25,-1.66,-5.18,-0.01
118.80734127,31.89045091,8.50,1.02,251.50,-1.25,-1.70,-5.15,-0.01
118.80733856,31.89045014,8.50,1.05,251.02,-1.22,-1.74,-5.14,-0.02
118.80733585,31.89044934,8.50,0.97,250.55,-1.21,-1.79,-5.12,-0.00
118.80733316,31.89044852,8.50,0.95,250.08,-1.23,-1.82,-5.10,0.00
118.80733047,31.89044769,8.50,0.96,249.63,-1.22,-1.86,-5.07,-0.01
118.80732780,31.89044684,8.50,0.94,249.20,-1.14,-1.91,-5.06,-0.01
118.80732513,31.89044597,8.51,0.89,248.77,-1.11,-1.95,-5.05,0.02
118.80732248,31.89044508,8.51,0.83,248.37,-1.17,-1.99,-5.03,0.02
118.80731983,31.89044418,8.51,0.73,247.98,-1.23,-2.03,-5.01,0.00
118.80731719,31.89044325,8.51,0.59,247.61,-1.32,-2.08,-5.00,0.00
118.80731456,31.89044231,8.51,0.42,247.25,-1.37,-2.10,-4.98,-0.02
118.80731194,31.89044136,8.51,0.39,246.91,-1.35,-2.12,-4.96,-0.02
118.80730933,31.89044040,8.51,0.42,246.62,-1.30,-2.14,-4.95,0.02
118.80730672,31.89043944,8.52,0.48,246.37,-1.38,-2.14,-4.94,0.06
118.80730411,31.89043847,8.52,0.49,246.12,-1.47,-2.16,-4.94,0.03
118.80730151,31.89043749,8.52,0.45,245.87,-1.56,-2.18,-4.93,-0.01
118.80729891,31.89043650,8.52,0.39,245.63,-1.61,-2.22,-4.90,-0.06
118.80729633,31.89043549,8.52,0.31,245.44,-1.52,-2.26,-4.88,-0.10
118.80729376,31.89043446,8.52,0.23,245.30,-1.39,-2.28,-4.87,-0.07
118.80729119,31.89043343,8.52,0.19,245.21,-1.36,-2.30,-4.88,0.01
118.80728861,31.89043240,8.52,0.06,245.12,-1.50,-2.28,-4.88,0.04
118.80728604,31.89043137,8.52,0.07,245.05,-1.58,-2.27,-4.88,0.04
118.80728346,31.89043035,8.52,0.05,245.04,-1.59,-2.27,-4.88,-0.00
118.80728089,31.89042932,8.52,-0.00,245.07,-1.59,-2.28,-4.87,-0.03
118.80727831,31.89042830,8.52,-0.02,245.12,-1.59,-2.28,-4.87,-0.06
118.80727574,31.89042727,8.52,-0.08,245.18,-1.58,-2.28,-4.87,-0.03
118.80727316,31.89042625,8.52,-0.16,245.24,-1.59,-2.27,-4.87,-0.00
118.80727059,31.89042523,8.52,-0.29,245.30,-1.57,-2.28,-4.87,-0.03
118.80726802,31.89042421,8.52,-0.40,245.37,-1.56,-2.27,-4.87,-0.03
118.80726544,31.89042319,8.52,-0.40,245.44,-1.62,-2.25,-4.88,-0.02
118.80726286,31.89042219,8.52,-0.43,245.51,-1.65,-2.23,-4.88,-0.03
118.80726028,31.89042119,8.52,-0.47,245.58,-1.63,-2.22,-4.88,-0.05
118.80725769,31.89042018,8.52,-0.53,245.68,-1.63,-2.23,-4.89,-0.02
118.80725511,31.89041918,8.52,-0.60,245.79,-1.68,-2.23,-4.88,-0.01
118.80725253,31.89041818,8.52,-0.67,245.91,-1.72,-2.22,-4.88,-0.02
118.80724995,31.89041719,8.52,-0.78,246.05,-1.69,-2.21,-4.89,-0.04
118.80724736,31.89041620,8.52,-0.87,246.21,-1.68,-2.20,-4.90,-0.03
118.80724477,31.89041521,8.52,-0.92,246.39,-1.70,-2.18,-4.90,-0.04
118.80724218,31.89041424,8.51,-0.96,246.60,-1.71,-2.16,-4.90,-0.02
118.80723959,31.89041327,8.51,-1.02,246.83,-1.70,-2.13,-4.91,-0.04
118.80723699,31.89041232,8.51,-1.04,247.09,-1.67,-2.11,-4.92,-0.04
118.80723438,31.89041138,8.51,-1.05,247.38,-1.65,-2.08,-4.93,-0.03
118.80723177,31.89041045,8.51,-1.03,247.70,-1.65,-2.05,-4.94,-0.02
118.80722915,31.89040954,8.51,-1.06,248.03,-1.66,-2.02,-4.95,-0.02
118.80722653,31.89040863,8.51,-1.08,248.38,-1.67,-1.99,-4.96,-0.03
118.80722390,31.89040774,8.51,-1.07,248.75,-1.68,-1.97,-4.98,-0.02
118.80722125,31.89040686,8.51,-1.11,249.14,-1.72,-1.94,-4.99,-0.02
118.80721860,31.89040599,8.50,-1.14,249.55,-1.77,-1.90,-5.00,-0.03
118.80721594,31.89040514,8.50,-1.17,249.97,-1.80,-1.87,-5.01,-0.03
118.80721328,31.89040430,8.50,-1.18,250.40,-1.82,-1.83,-5.03,-0.03
118.80721060,31.89040349,8.50,-1.20,250.84,-1.86,-1.78,-5.04,-0.02
118.80720793,31.89040269,8.50,-1.18,251.29,-1.84,-1.74,-5.05,-0.03
118.80720524,31.89040192,8.49,-1.16,251.77,-1.80,-1.70,-5.07,-0.03
118.80720255,31.89040116,8.49,-1.19,252.27,-1.75,-1.66,-5.08,-0.03
118.80719986,31.89040042,8.49,-1.20,252.79,-1.71,-1.62,-5.09,-0.05
118.80719716,31.89039970,8.48,-1.20,253.33,-1.63,-1.57,-5.10,-0.07
118.80719445,31.89039900,8.48,-1.23,253.90,-1.54,-1.52,-5.11,-0.07
118.80719174,31.89039833,8.48,-1.28,254.49,-1.51,-1.48,-5.12,-0.03
118.80718902,31.89039767,8.48,-1.34,255.10,-1.49,-1.42,-5.14,-0.02
118.80718629,31.89039704,8.47,-1.33,255.73,-1.48,-1.37,-5.16,0.00
118.80718355,31.89039644,8.47,-1.29,256.38,-1.51,-1.29,-5.17,-0.00
118.80718081,31.89039587,8.47,-1.28,257.05,-1.57,-1.24,-5.18,-0.01
118.80717807,31.89039532,8.47,-1.35,257.72,-1.55,-1.17,-5.19,-0.02
118.80717531,31.89039481,8.47,-1.32,258.39,-1.53,-1.11,-5.20,-0.01
118.80717256,31.89039432,8.47,-1.25,259.07,-1.56,-1.04,-5.21,-0.01
118.80716979,31.89039387,8.47,-1.27,259.75,-1.60,-0.99,-5.22,-0.02
118.80716702,31.89039344,8.47,-1.32,260.43,-1.62,-0.93,-5.22,-0.01
118.80716425,31.89039305,8.47,-1.29,261.11,-1.60,-0.86,-5.23,-0.01
118.80716148,31.89039268,8.47,-1.22,261.78,-1.57,-0.79,-5.24,-0.03
118.80715870,31.89039235,8.46,-1.25,262.46,-1.56,-0.74,-5.25,-0.03
118.80715592,31.89039204,8.46,-1.33,263.14,-1.57,-0.68,-5.26,-0.01
118.80715313,31.89039175,8.46,-1.36,263.82,-1.58,-0.62,-5.25,-0.00
118.80715035,31.89039149,8.46,-1.37,264.50,-1.55,-0.56,-5.25,-0.03
118.80714757,31.89039126,8.46,-1.38,265.18,-1.48,-0.49,-5.26,-0.04
118.80714478,31.89039107,8.46,-1.39,265.86,-1.46,-0.42,-5.27,-0.01
118.80714199,31.89039090,8.46,-1.39,266.54,-1.51,-0.36,-5.26,0.02
118.80713920,31.89039076,8.46,-1.38,267.21,-1.51,-0.29,-5.26,-0.02
118.80713641,31.89039065,8.46,-1.34,267.89,-1.39,-0.22,-5.26,-0.05
118.80713363,31.89039057,8.46,-1.33,268.57,-1.33,-0.17,-5.27,-0.01
118.80713084,31.89039051,8.46,-1.35,269.25,-1.36,-0.12,-5.27,0.02
118.80712805,31.89039048,8.46,-1.38,269.93,-1.40,-0.06,-5.26,-0.00
118.80712527,31.89039047,8.46,-1.40,270.61,-1.38,0.01,-5.26,-0.00
118.80712248,31.89039050,8.46,-1.38,271.28,-1.39,0.08,-5.26,0.00
118.80711970,31.89039056,8.46,-1.37,271.95,-1.39,0.15,-5.25,-0.00
118.80711693,31.89039064,8.46,-1.36,272.63,-1.36,0.21,-5.24,-0.01
118.80711415,31.89039076,8.46,-1.31,273.28,-1.37,0.27,-5.24,0.01
118.80711138,31.89039090,8.46,-1.28,273.96,-1.40,0.32,-5.23,0.03
118.80710860,31.89039107,8.46,-1.33,274.64,-1.42,0.38,-5.22,0.00
118.80710584,31.89039126,8.46,-1.35,275.32,-1.37,0.44,-5.21,-0.02
118.80710308,31.89039148,8.46,-1.34,275.99,-1.31,0.50,-5.20,-0.01
118.80710032,31.89039173,8.46,-1.37,276.66,-1.26,0.57,-5.19,-0.01
118.80709757,31.89039200,8.46,-1.37,277.32,-1.22,0.63,-5.18,-0.00
118.80709483,31.89039230,8.46,-1.36,277.99,-1.20,0.69,-5.17,0.02
118.80709209,31.89039263,8.46,-1.38,278.67,-1.26,0.75,-5.16,0.03
118.80708936,31.89039299,8.46,-1.36,279.34,-1.30,0.81,-5.14,-0.00
118.80708664,31.89039337,8.46,-1.36,280.00,-1.26,0.87,-5.12,-0.00
118.80708392,31.89039379,8.46,-1.35,280.66,-1.29,0.93,-5.12,0.03
118.80708121,31.89039422,8.46,-1.33,281.30,-1.36,0.99,-5.10,0.02
118.80707851,31.89039469,8.46,-1.33,281.95,-1.36,1.04,-5.08,-0.00
118.80707583,31.89039517,8.46,-1.35,282.60,-1.34,1.09,-5.07,0.02
118.80707314,31.89039568,8.46,-1.34,283.25,-1.36,1.15,-5.06,0.03
118.80707047,31.89039622,8.47,-1.32,283.88,-1.37,1.21,-5.03,0.01
118.80706781,31.89039678,8.47,-1.32,284.51,-1.35,1.26,-5.02,-0.00
118.80706516,31.89039736,8.47,-1.35,285.13,-1.34,1.31,-5.00,0.01
118.80706251,31.89039797,8.47,-1.36,285.73,-1.33,1.37,-4.97,-0.01
118.80705989,31.89039862,8.46,-1.26,286.35,-1.25,1.42,-4.95,-0.03
118.80705729,31.89039929,8.46,-1.21,286.94,-1.18,1.47,-4.93,-0.01
118.80705470,31.89039999,8.46,-1.21,287.52,-1.12,1.53,-4.90,0.01
118.80705212,31.89040072,8.46,-1.04,288.06,-1.12,1.60,-4.88,0.03
118.80704956,31.89040148,8.46,-0.90,288.59,-1.16,1.64,-4.86,0.03
118.80704700,31.89040225,8.47,-0.86,289.08,-1.17,1.69,-4.84,0.02
118.80704446,31.89040305,8.47,-0.72,289.52,-1.18,1.73,-4.82,0.01
118.80704192,31.89040385,8.47,-0.59,289.91,-1.15,1.76,-4.81,0.00
118.80703939,31.89040468,8.47,-0.49,290.24,-1.15,1.79,-4.80,0.01
118.80703687,31.89040551,8.47,-0.40,290.53,-1.18,1.81,-4.78,0.02
118.80703435,31.89040635,8.47,-0.36,290.75,-1.23,1.82,-4.77,0.04
118.80703183,31.89040720,8.47,-0.31,290.91,-1.28,1.85,-4.76,0.02
118.80702933,31.89040806,8.47,-0.16,291.00,-1.27,1.86,-4.75,0.00
118.80702683,31.89040891,8.47,-0.15,291.05,-1.25,1.86,-4.75,-0.00
118.80702432,31.89040977,8.47,-0.16,291.06,-1.26,1.85,-4.76,0.01
118.80702181,31.89041062,8.47,-0.20,291.03,-1.36,1.84,-4.76,0.03
118.80701931,31.89041146,8.47,-0.21,290.97,-1.41,1.83,-4.75,0.00
118.80701680,31.89041231,8.47,-0.13,290.87,-1.43,1.84,-4.74,0.00
118.80701431,31.89041315,8.47,-0.07,290.74,-1.39,1.84,-4.75,0.01
118.80701181,31.89041400,8.47,-0.06,290.58,-1.34,1.84,-4.76,0.02
118.80700931,31.89041483,8.47,0.04,290.39,-1.39,1.81,-4.76,0.02
118.80700679,31.89041565,8.47,0.07,290.19,-1.47,1.79,-4.76,0.02
118.80700427,31.89041647,8.47,0.08,289.97,-1.54,1.76,-4.76,-0.01
118.80700175,31.89041726,8.47,0.07,289.73,-1.53,1.74,-4.77,-0.06
118.80699923,31.89041806,8.47,0.13,289.47,-1.53,1.73,-4.78,-0.02
118.80699670,31.89041884,8.47,0.26,289.17,-1.59,1.72,-4.78,-0.01
118.80699417,31.89041963,8.47,0.37,288.85,-1.68,1.71,-4.78,0.02
118.80699164,31.89042040,8.47,0.45,288.51,-1.77,1.70,-4.77,0.02
118.80698911,31.89042117,8.47,0.58,288.15,-1.75,1.65,-4.78,-0.01
118.80698658,31.89042191,8.47,0.68,287.79,-1.71,1.60,-4.79,-0.04
118.80698404,31.89042263,8.47,0.73,287.42,-1.69,1.56,-4.81,-0.04
118.80698148,31.89042333,8.47,0.73,287.02,-1.72,1.52,-4.82,-0.04
118.80697893,31.89042402,8.47,0.75,286.61,-1.71,1.49,-4.83,-0.03
118.80697637,31.89042470,8.47,0.80,286.20,-1.69,1.46,-4.83,-0.04
118.80697381,31.89042536,8.46,0.85,285.77,-1.65,1.43,-4.85,-0.04
118.80697124,31.89042600,8.46,0.92,285.34,-1.64,1.40,-4.86,-0.03
118.80696866,31.89042664,8.46,0.97,284.90,-1.62,1.36,-4.87,-0.02
118.80696608,31.89042725,8.46,0.96,284.47,-1.68,1.31,-4.88,0.01
118.80696350,31.89042784,8.46,0.95,284.03,-1.74,1.27,-4.88,-0.02
118.80696091,31.89042841,8.46,0.99,283.59,-1.69,1.23,-4.89,-0.05
118.80695832,31.89042895,8.46,0.96,283.14,-1.63,1.20,-4.91,-0.04
118.80695572,31.89042946,8.46,0.94,282.68,-1.63,1.16,-4.92,-0.02
118.80695312,31.89042995,8.46,0.96,282.20,-1.63,1.12,-4.93,-0.02
118.80695051,31.89043042,8.46,1.00,281.73,-1.61,1.08,-4.94,-0.03
118.80694790,31.89043088,8.45,1.00,281.25,-1.58,1.03,-4.95,-0.02
118.80694529,31.89043132,8.45,1.04,280.77,-1.58,0.99,-4.95,-0.03
118.80694267,31.89043173,8.45,1.07,280.28,-1.58,0.95,-4.95,-0.04
118.80694006,31.89043213,8.45,1.07,279.78,-1.55,0.90,-4.96,-0.02
118.80693743,31.89043251,8.45,1.08,279.28,-1.59,0.86,-4.98,-0.00
118.80693480,31.89043287,8.45,1.09,278.77,-1.62,0.81,-4.97,-0.01
118.80693217,31.89043320,8.45,1.05,278.27,-1.60,0.76,-4.97,-0.03
118.80692954,31.89043352,8.45,1.08,277.77,-1.59,0.71,-4.98,-0.04
118.80692690,31.89043381,8.44,1.10,277.27,-1.62,0.67,-4.99,-0.02
118.80692427,31.89043409,8.44,1.08,276.77,-1.66,0.63,-4.98,-0.01
118.80692163,31.89043435,8.44,1.07,276.27,-1.64,0.58,-4.98,-0.01
118.80691899,31.89043459,8.44,1.09,275.76,-1.62,0.54,-4.99,-0.00
118.80691635,31.89043480,8.44,1.08,275.26,-1.60,0.49,-4.99,-0.03
118.80691370,31.89043500,8.44,1.07,274.76,-1.57,0.44,-4.99,-0.05
118.80691106,31.89043518,8.44,1.03,274.29,-1.57,0.39,-5.00,-0.02
118.80690841,31.89043533,8.44,1.02,273.83,-1.61,0.35,-5.00,-0.03
118.80690577,31.89043547,8.44,1.08,273.38,-1.61,0.32,-5.00,-0.04
118.80690312,31.89043560,8.44,1.06,272.95,-1.58,0.28,-5.01,-0.02
118.80690048,31.89043572,8.44,1.02,272.53,-1.59,0.24,-5.01,0.01
118.80689784,31.89043582,8.44,1.00,272.12,-1.64,0.20,-5.01,0.01
118.80689519,31.89043590,8.44,0.99,271.72,-1.64,0.17,-5.01,-0.03
118.80689255,31.89043596,8.44,0.98,271.33,-1.59,0.13,-5.01,-0.04
118.80688991,31.89043601,8.44,0.95,270.94,-1.56,0.09,-5.01,-0.02
118.80688727,31.89043604,8.44,0.96,270.56,-1.58,0.06,-5.01,-0.01
118.80688463,31.89043606,8.44,0.96,270.18,-1.58,0.03,-5.00,-0.03
118.80688199,31.89043606,8.43,0.96,269.81,-1.54,0.00,-5.00,-0.02
118.80687935,31.89043606,8.43,0.95,269.43,-1.51,-0.03,-5.00,-0.01
118.80687671,31.89043603,8.43,0.95,269.06,-1.54,-0.06,-4.99,-0.01
118.80687408,31.89043600,8.43,0.99,268.69,-1.51,-0.09,-4.99,-0.04
118.80687144,31.89043595,8.43,0.99,268.33,-1.47,-0.13,-4.98,-0.02
118.80686881,31.89043588,8.43,0.97,267.98,-1.48,-0.16,-4.98,0.01
118.80686618,31.89043579,8.43,0.97,267.64,-1.51,-0.20,-4.97,0.00
118.80686355,31.89043570,8.43,0.91,267.31,-1.49,-0.23,-4.97,-0.02
118.80686092,31.89043558,8.43,0.86,267.00,-1.48,-0.26,-4.96,-0.02
118.80685829,31.89043546,8.43,0.87,266.72,-1.48,-0.28,-4.97,-0.01
118.80685567,31.89043533,8.43,0.85,266.47,-1.49,-0.30,-4.97,-0.02
118.80685305,31.89043519,8.43,0.87,266.28,-1.45,-0.32,-4.96,-0.01
118.80685042,31.89043505,8.43,0.89,266.11,-1.44,-0.34,-4.97,0.01
118.80684780,31.89043490,8.43,0.88,265.97,-1.45,-0.35,-4.96,0.01
118.80684518,31.89043475,8.43,0.84,265.87,-1.44,-0.36,-4.95,0.00
118.80684256,31.89043459,8.43,0.79,265.79,-1.43,-0.37,-4.95,0.00
118.80683994,31.89043443,8.43,0.77,265.74,-1.43,-0.38,-4.95,-0.02
118.80683733,31.89043427,8.42,0.74,265.73,-1.44,-0.38,-4.95,-0.01
118.80683471,31.89043411,8.42,0.76,265.74,-1.41,-0.37,-4.95,-0.02
118.80683210,31.89043395,8.42,0.76,265.77,-1.38,-0.37,-4.94,-0.00
118.80682949,31.89043379,8.42,0.79,265.79,-1.39,-0.36,-4.94,-0.00
118.80682688,31.89043364,8.42,0.75,265.80,-1.39,-0.36,-4.94,0.01
118.80682427,31.89043348,8.42,0.74,265.79,-1.41,-0.36,-4.93,0.00
118.80682166,31.89043333,8.41,0.74,265.78,-1.38,-0.36,-4.93,-0.01
118.80681906,31.89043317,8.41,0.74,265.77,-1.34,-0.36,-4.93,-0.03
118.80681646,31.89043302,8.41,0.78,265.78,-1.31,-0.36,-4.93,-0.03
118.80681385,31.89043286,8.41,0.77,265.79,-1.31,-0.36,-4.92,-0.01
118.80681125,31.89043270,8.41,0.74,265.81,-1.36,-0.36,-4.92,0.01
118.80680865,31.89043255,8.41,0.75,265.81,-1.37,-0.35,-4.92,-0.01
118.80680605,31.89043239,8.40,0.76,265.81,-1.41,-0.36,-4.93,0.02
118.80680344,31.89043224,8.40,0.77,265.81,-1.46,-0.35,-4.93,-0.02
118.80680085,31.89043209,8.40,0.80,265.81,-1.47,-0.35,-4.92,-0.02
118.80679826,31.89043193,8.40,0.80,265.82,-1.43,-0.35,-4.92,-0.01
118.80679567,31.89043179,8.40,0.89,265.82,-1.42,-0.34,-4.91,0.01
118.80679309,31.89043164,8.40,0.94,265.83,-1.41,-0.34,-4.90,0.01
118.80679050,31.89043149,8.40,0.91,265.83,-1.42,-0.34,-4.90,-0.01
118.80678792,31.89043134,8.40,0.90,265.83,-1.46,-0.35,-4.90,-0.02
118.80678533,31.89043118,8.40,0.87,265.82,-1.50,-0.35,-4.90,-0.04
118.80678275,31.89043103,8.40,0.92,265.82,-1.53,-0.35,-4.89,-0.06
118.80678017,31.89043088,8.40,1.01,265.82,-1.51,-0.33,-4.89,-0.05
118.80677758,31.89043073,8.40,1.05,265.82,-1.54,-0.33,-4.89,0.00
118.80677499,31.89043059,8.40,1.07,265.82,-1.63,-0.33,-4.89,0.04
118.80677241,31.89043044,8.40,1.13,265.81,-1.72,-0.33,-4.88,0.01
118.80676983,31.89043030,8.41,1.15,265.80,-1.72,-0.34,-4.88,-0.01
118.80676725,31.89043015,8.40,1.13,265.80,-1.71,-0.35,-4.89,-0.04
118.80676467,31.89042999,8.40,1.12,265.80,-1.70,-0.35,-4.88,-0.05
118.80676210,31.89042983,8.40,1.07,265.81,-1.67,-0.35,-4.88,-0.06
118.80675952,31.89042968,8.40,1.10,265.81,-1.64,-0.35,-4.88,-0.06
118.80675694,31.89042953,8.40,1.12,265.82,-1.64,-0.35,-4.89,-0.03
118.80675436,31.89042938,8.40,1.11,265.81,-1.65,-0.34,-4.89,-0.02
118.80675178,31.89042923,8.40,1.09,265.81,-1.66,-0.34,-4.89,-0.02
118.80674920,31.89042907,8.40,1.04,265.80,-1.68,-0.35,-4.89,-0.01
118.80674662,31.89042891,8.40,1.01,265.80,-1.71,-0.35,-4.89,-0.01
118.80674405,31.89042876,8.40,1.00,265.81,-1.73,-0.35,-4.88,-0.02
118.80674147,31.89042860,8.39,0.97,265.81,-1.75,-0.34,-4.88,-0.03
118.80673890,31.89042844,8.39,0.98,265.82,-1.73,-0.34,-4.88,-0.04
118.80673632,31.89042829,8.39,0.97,265.83,-1.70,-0.35,-4.87,-0.04
118.80673375,31.89042813,8.39,0.93,265.84,-1.69,-0.35,-4.87,-0.02
118.80673118,31.89042797,8.39,0.89,265.85,-1.69,-0.35,-4.87,-0.02
118.80672862,31.89042782,8.39,0.84,265.86,-1.65,-0.35,-4.85,-0.03
118.80672606,31.89042766,8.39,0.76,265.86,-1.57,-0.36,-4.85,-0.04
118.80672350,31.89042750,8.39,0.74,265.87,-1.54,-0.35,-4.85,-0.04
118.80672095,31.89042734,8.38,0.76,265.87,-1.51,-0.34,-4.84,-0.05
118.80671841,31.89042719,8.38,0.75,265.88,-1.45,-0.33,-4.82,-0.02
118.80671587,31.89042704,8.38,0.76,265.89,-1.42,-0.33,-4.82,-0.01
118.80671334,31.89042689,8.38,0.75,265.89,-1.43,-0.33,-4.79,0.00
118.80671081,31.89042674,8.38,0.69,265.90,-1.41,-0.33,-4.77,-0.01
118.80670829,31.89042659,8.38,0.72,265.90,-1.43,-0.33,-4.76,-0.00
118.80670579,31.89042644,8.38,0.73,265.90,-1.43,-0.33,-4.74,-0.00
118.80670329,31.89042629,8.38,0.71,265.91,-1.41,-0.32,-4.72,-0.02
118.80670081,31.89042614,8.38,0.71,265.91,-1.38,-0.33,-4.70,-0.01
118.80669833,31.89042600,8.38,0.74,265.92,-1.41,-0.32,-4.69,0.01
118.80669584,31.89042585,8.38,0.78,265.92,-1.46,-0.32,-4.66,0.02
118.80669338,31.89042571,8.38,0.75,265.93,-1.50,-0.32,-4.64,0.00
118.80669092,31.89042556,8.38,0.71,265.93,-1.47,-0.32,-4.61,-0.01
118.80668847,31.89042541,8.39,0.72,265.93,-1.45,-0.32,-4.61,-0.00
118.80668603,31.89042527,8.39,0.76,265.92,-1.50,-0.31,-4.58,-0.01
118.80668361,31.89042513,8.39,0.79,265.92,-1.51,-0.30,-4.55,-0.02
118.80668119,31.89042499,8.39,0.83,265.92,-1.51,-0.30,-4.53,0.01
118.80667879,31.89042485,8.39,0.85,265.92,-1.58,-0.31,-4.50,0.03
118.80667641,31.89042471,8.39,0.83,265.92,-1.61,-0.31,-4.47,-0.00
118.80667405,31.89042457,8.39,0.84,265.92,-1.60,-0.31,-4.43,-0.01
118.80667171,31.89042443,8.39,0.85,265.91,-1.58,-0.31,-4.39,-0.01
118.80666939,31.89042429,8.39,0.83,265.91,-1.62,-0.31,-4.36,0.02
118.80666709,31.89042415,8.39,0.78,265.91,-1.65,-0.31,-4.32,-0.00
118.80666481,31.89042401,8.39,0.80,265.91,-1.61,-0.30,-4.27,-0.03
118.80666255,31.89042387,8.39,0.83,265.91,-1.55,-0.30,-4.24,-0.00
118.80666031,31.89042374,8.39,0.82,265.91,-1.57,-0.29,-4.20,0.01
118.80665810,31.89042361,8.39,0.86,265.91,-1.55,-0.29,-4.16,-0.01
118.80665591,31.89042348,8.39,0.85,265.91,-1.52,-0.29,-4.11,-0.01
118.80665374,31.89042335,8.39,0.81,265.90,-1.53,-0.29,-4.07,0.01
118.80665159,31.89042321,8.39,0.83,265.91,-1.58,-0.29,-4.03,0.00
118.80664947,31.89042308,8.40,0.80,265.90,-1.58,-0.28,-3.97,-0.01
118.80664738,31.89042295,8.39,0.81,265.90,-1.55,-0.28,-3.94,-0.01
118.80664531,31.89042281,8.40,0.81,265.90,-1.55,-0.28,-3.89,0.01
118.80664327,31.89042268,8.40,0.77,265.90,-1.55,-0.28,-3.83,0.01
118.80664125,31.89042256,8.40,0.78,265.90,-1.57,-0.27,-3.78,0.01
118.80663927,31.89042243,8.40,0.80,265.89,-1.59,-0.27,-3.73,0.00
118.80663731,31.89042230,8.40,0.79,265.89,-1.58,-0.27,-3.67,0.01
118.80663538,31.89042218,8.40,0.71,265.90,-1.59,-0.28,-3.61,0.02
118.80663349,31.89042205,8.40,0.64,265.90,-1.57,-0.27,-3.55,0.02
118.80663163,31.89042193,8.40,0.68,265.89,-1.55,-0.26,-3.48,0.01
118.80662981,31.89042181,8.40,0.74,265.89,-1.50,-0.24,-3.41,-0.01
118.80662802,31.89042170,8.40,0.74,265.90,-1.46,-0.24,-3.35,0.01
118.80662627,31.89042159,8.40,0.65,265.91,-1.52,-0.25,-3.27,0.02
118.80662456,31.89042147,8.40,0.67,265.90,-1.52,-0.25,-3.20,0.00
118.80662288,31.89042136,8.41,0.65,265.89,-1.54,-0.25,-3.13,0.03
118.80662124,31.89042124,8.41,0.56,265.89,-1.62,-0.25,-3.06,0.03
118.80661964,31.89042113,8.41,0.57,265.90,-1.69,-0.24,-2.99,-0.01
118.80661807,31.89042102,8.41,0.57,265.91,-1.74,-0.23,-2.93,-0.01
118.80661654,31.89042092,8.41,0.52,265.90,-1.82,-0.22,-2.86,0.01
118.80661505,31.89042083,8.41,0.52,265.88,-1.87,-0.22,-2.79,0.03
118.80661359,31.89042074,8.41,0.47,265.87,-1.93,-0.23,-2.73,0.03
118.80661218,31.89042065,8.41,0.33,265.89,-1.98,-0.23,-2.66,0.04
118.80661079,31.89042056,8.42,0.27,265.89,-2.07,-0.22,-2.60,0.04
118.80660944,31.89042048,8.42,0.31,265.88,-2.11,-0.20,-2.53,0.04
118.80660812,31.89042041,8.42,0.30,265.87,-2.14,-0.18,-2.48,0.04
118.80660683,31.89042034,8.43,0.35,265.85,-2.19,-0.16,-2.42,0.04
118.80660557,31.89042028,8.43,0.42,265.85,-2.20,-0.16,-2.37,-0.01
118.80660434,31.89042021,8.43,0.38,265.86,-2.15,-0.18,-2.31,-0.00
118.80660314,31.89042014,8.43,0.34,265.87,-2.16,-0.19,-2.26,0.04
118.80660197,31.89042007,8.43,0.40,265.86,-2.17,-0.18,-2.22,0.03
118.80660081,31.89042000,8.43,0.36,265.86,-2.14,-0.18,-2.18,-0.00
118.80659969,31.89041993,8.43,0.32,265.86,-2.13,-0.17,-2.13,-0.01
118.80659859,31.89041987,8.43,0.37,265.86,-2.11,-0.16,-2.07,-0.01
118.80659751,31.89041981,8.43,0.36,265.86,-2.06,-0.15,-2.03,-0.02
118.80659646,31.89041975,8.43,0.34,265.85,-2.02,-0.16,-1.98,-0.02
118.80659544,31.89041969,8.43,0.36,265.84,-2.02,-0.15,-1.92,-0.01
118.80659445,31.89041963,8.43,0.34,265.85,-2.00,-0.16,-1.86,-0.01
118.80659349,31.89041957,8.43,0.27,265.85,-1.98,-0.16,-1.80,0.00
118.80659256,31.89041951,8.43,0.25,265.85,-1.95,-0.15,-1.73,0.01
118.80659166,31.89041945,8.43,0.26,265.84,-1.89,-0.13,-1.66,0.00
118.80659080,31.89041940,8.43,0.23,265.83,-1.84,-0.13,-1.59,-0.00
118.80658997,31.89041935,8.43,0.21,265.83,-1.81,-0.12,-1.52,0.00
118.80658918,31.89041930,8.43,0.21,265.84,-1.79,-0.12,-1.45,0.01
118.80658843,31.89041925,8.43,0.23,265.85,-1.78,-0.11,-1.38,0.01
118.80658771,31.89041921,8.43,0.23,265.84,-1.79,-0.11,-1.31,0.02
118.80658703,31.89041916,8.44,0.21,265.84,-1.79,-0.10,-1.24,0.01
118.80658639,31.89041912,8.44,0.21,265.84,-1.78,-0.10,-1.17,0.01
118.80658579,31.89041909,8.44,0.23,265.83,-1.77,-0.09,-1.10,0.02
118.80658522,31.89041905,8.44,0.25,265.82,-1.77,-0.09,-1.03,0.02
118.80658469,31.89041902,8.44,0.26,265.83,-1.76,-0.08,-0.96,0.01
118.80658420,31.89041899,8.44,0.28,265.83,-1.76,-0.07,-0.90,0.02
118.80658374,31.89041896,8.44,0.30,265.83,-1.77,-0.07,-0.83,0.02
118.80658332,31.89041894,8.44,0.30,265.82,-1.78,-0.07,-0.76,0.02
118.80658293,31.89041891,8.44,0.29,265.81,-1.79,-0.07,-0.69,0.02
118.80658257,31.89041888,8.44,0.28,265.82,-1.80,-0.07,-0.62,0.02
118.80658226,31.89041886,8.44,0.29,265.82,-1.81,-0.06,-0.56,0.02
118.80658198,31.89041884,8.44,0.27,265.82,-1.82,-0.05,-0.49,0.02
118.80658173,31.89041882,8.45,0.28,265.81,-1.83,-0.04,-0.42,0.02
118.80658152,31.89041881,8.45,0.30,265.81,-1.83,-0.04,-0.36,0.02
118.80658135,31.89041880,8.45,0.33,265.80,-1.81,-0.03,-0.29,0.02
118.80658122,31.89041880,8.45,0.33,265.81,-1.83,-0.03,-0.22,0.02
118.80658113,31.89041880,8.45,0.34,265.80,-1.83,-0.02,-0.16,0.02
118.80658108,31.89041880,8.45,0.34,265.79,-1.83,-0.02,-0.09,0.02
118.80658106,31.89041881,8.44,0.33,265.79,-1.83,-0.02,-0.02,0.02
118.80658108,31.89041881,8.44,0.33,265.79,-1.83,-0.01,0.06,0.02
118.80658113,31.89041882,8.44,0.33,265.80,-1.77,-0.01,0.08,-0.01
118.80658117,31.89041883,8.44,0.34,265.79,-1.65,-0.00,0.06,-0.01
118.80658121,31.89041884,8.44,0.37,265.78,-1.60,-0.00,0.03,-0.01
118.80658122,31.89041885,8.44,0.39,265.78,-1.57,-0.00,0.00,-0.00
118.80658122,31.89041886,8.44,0.41,265.78,-1.56,-0.00,-0.02,0.01
118.80658122,31.89041887,8.44,0.42,265.78,-1.59,-0.01,-0.01,0.03
