  longitude ,  latitude ,high;roll,yaw,pitch;n_vel,e_vel,u_vel
118.80846004,31.89051864,8.37,0.53,266.12,-1.40,0.02,0.01,-0.00
118.80846004,31.89051864,8.37,0.52,266.12,-1.40,0.02,0.01,-0.00
118.80846004,31.89051864,8.37,0.52,266.12,-1.40,0.02,0.01,-0.00
118.80846004,31.89051864,8.37,0.52,266.12,-1.40,0.02,0.01,-0.00
118.80846005,31.89051865,8.37,0.52,266.12,-1.40,0.02,0.01,-0.00
118.80846005,31.89051865,8.37,0.52,266.12,-1.40,0.02,0.01,-0.00
118.80846005,31.89051865,8.37,0.52,266.12,-1.40,0.02,0.01,-0.00
118.80846005,31.89051865,8.37,0.52,266.12,-1.40,0.02,0.01,-0.00
118.80846005,31.89051865,8.37,0.52,266.12,-1.40,0.02,0.01,-0.00
118.80846006,31.89051866,8.37,0.52,266.12,-1.40,0.02,0.01,-0.00
118.80846006,31.89051866,8.37,0.52,266.12,-1.40,0.02,0.01,-0.00
118.80846006,31.89051866,8.37,0.52,266.12,-1.40,0.02,0.01,-0.00
118.80846006,31.89051866,8.37,0.52,266.12,-1.40,0.02,0.01,-0.00
118.80846007,31.89051867,8.37,0.52,266.12,-1.40,0.02,0.01,-0.00
118.80846007,31.89051867,8.37,0.52,266.12,-1.40,0.02,0.01,-0.00
118.80846008,31.89051867,8.37,0.52,266.12,-1.40,0.02,0.01,-0.00
118.80846008,31.89051868,8.37,0.52,266.11,-1.40,0.02,0.01,-0.00
118.80846008,31.89051868,8.37,0.52,266.12,-1.39,0.02,0.01,-0.00
118.80846009,31.89051868,8.37,0.52,266.12,-1.39,0.02,0.01,-0.00
118.80846009,31.89051869,8.37,0.52,266.12,-1.39,0.02,0.00,-0.00
118.80846009,31.89051869,8.37,0.52,266.12,-1.39,0.02,0.01,0.00
118.80846009,31.89051869,8.37,0.49,266.11,-1.40,0.02,0.01,0.00
118.80846009,31.89051868,8.37,0.49,266.11,-1.39,0.02,0.01,-0.00
118.80846009,31.89051867,8.37,0.49,266.11,-1.38,0.01,0.01,-0.01
118.80846009,31.89051866,8.37,0.49,266.11,-1.37,0.01,0.00,-0.00
118.80846008,31.89051865,8.37,0.49,266.11,-1.37,0.01,-0.01,-0.00
118.80846006,31.89051864,8.37,0.49,266.10,-1.36,0.01,-0.03,-0.00
118.80846004,31.89051863,8.37,0.49,266.11,-1.35,0.01,-0.05,-0.00
118.80846000,31.89051862,8.37,0.49,266.11,-1.34,0.01,-0.08,-0.00
118.80845994,31.89051861,8.37,0.49,266.11,-1.33,0.00,-0.11,-0.00
118.80845987,31.89051860,8.37,0.49,266.10,-1.31,-0.00,-0.15,-0.01
118.80845977,31.89051858,8.37,0.49,266.10,-1.30,-0.00,-0.20,-0.00
118.80845965,31.89051857,8.37,0.49,266.09,-1.28,-0.01,-0.25,-0.00
118.80845950,31.89051855,8.37,0.49,266.09,-1.24,-0.01,-0.31,-0.01
118.80845932,31.89051853,8.37,0.49,266.09,-1.21,-0.02,-0.36,-0.00
118.80845910,31.89051851,8.37,0.50,266.09,-1.17,-0.02,-0.45,-0.01
118.80845884,31.89051849,8.37,0.50,266.08,-1.15,-0.03,-0.52,0.00
118.80845853,31.89051847,8.37,0.51,266.08,-1.12,-0.03,-0.61,-0.00
118.80845818,31.89051844,8.37,0.52,266.07,-1.09,-0.04,-0.69,-0.00
118.80845779,31.89051841,8.37,0.52,266.06,-1.04,-0.04,-0.79,-0.01
118.80845734,31.89051838,8.37,0.53,266.05,-1.04,-0.05,-0.88,0.00
118.80845684,31.89051835,8.37,0.53,266.05,-1.01,-0.06,-0.97,-0.00
118.80845630,31.89051832,8.37,0.55,266.03,-1.00,-0.07,-1.07,-0.01
118.80845570,31.89051829,8.37,0.55,266.02,-0.98,-0.07,-1.16,-0.01
118.80845506,31.89051825,8.37,0.58,265.99,-0.96,-0.07,-1.26,-0.02
118.80845437,31.89051822,8.37,0.60,265.98,-0.92,-0.09,-1.34,-0.02
118.80845363,31.89051818,8.37,0.61,265.96,-0.89,-0.09,-1.44,-0.02
118.80845284,31.89051813,8.37,0.62,265.94,-0.89,-0.10,-1.52,-0.00
118.80845201,31.89051809,8.37,0.61,265.92,-0.90,-0.11,-1.61,-0.00
118.80845113,31.89051804,8.37,0.59,265.90,-0.90,-0.12,-1.69,-0.00
118.80845022,31.89051798,8.37,0.58,265.88,-0.88,-0.12,-1.77,-0.01
118.80844926,31.89051793,8.37,0.58,265.86,-0.87,-0.13,-1.84,0.00
118.80844826,31.89051787,8.37,0.56,265.83,-0.87,-0.13,-1.92,0.00
118.80844722,31.89051781,8.37,0.58,265.80,-0.88,-0.13,-2.00,-0.01
118.80844614,31.89051774,8.37,0.57,265.77,-0.86,-0.14,-2.07,-0.00
118.80844502,31.89051768,8.37,0.57,265.74,-0.87,-0.15,-2.14,0.01
118.80844387,31.89051761,8.37,0.57,265.70,-0.91,-0.16,-2.21,0.02
118.80844268,31.89051753,8.37,0.57,265.66,-0.95,-0.16,-2.28,-0.00
118.80844145,31.89051746,8.37,0.56,265.62,-0.93,-0.17,-2.34,-0.02
118.80844019,31.89051738,8.37,0.57,265.58,-0.91,-0.18,-2.41,-0.01
118.80843890,31.89051730,8.37,0.56,265.54,-0.94,-0.18,-2.47,0.02
118.80843757,31.89051721,8.37,0.56,265.49,-1.00,-0.18,-2.54,0.01
118.80843621,31.89051713,8.37,0.60,265.44,-1.02,-0.18,-2.60,0.00
118.80843481,31.89051705,8.37,0.66,265.39,-1.03,-0.19,-2.67,-0.01
118.80843338,31.89051696,8.37,0.67,265.34,-1.06,-0.20,-2.72,0.01
118.80843191,31.89051687,8.37,0.66,265.29,-1.08,-0.21,-2.78,0.00
118.80843042,31.89051677,8.37,0.67,265.25,-1.07,-0.22,-2.84,-0.01
118.80842889,31.89051666,8.37,0.66,265.21,-1.05,-0.24,-2.91,-0.02
118.80842733,31.89051655,8.36,0.64,265.18,-1.04,-0.24,-2.98,-0.01
118.80842573,31.89051644,8.36,0.63,265.16,-1.04,-0.25,-3.03,0.01
118.80842410,31.89051633,8.37,0.64,265.14,-1.04,-0.25,-3.10,0.00
118.80842244,31.89051621,8.37,0.62,265.11,-1.01,-0.25,-3.16,0.00
118.80842075,31.89051610,8.36,0.64,265.09,-0.98,-0.26,-3.23,-0.02
118.80841902,31.89051598,8.36,0.68,265.06,-0.96,-0.26,-3.29,-0.01
118.80841725,31.89051586,8.36,0.66,265.04,-0.92,-0.27,-3.36,-0.00
118.80841546,31.89051573,8.36,0.66,265.01,-0.93,-0.28,-3.42,0.00
118.80841363,31.89051560,8.36,0.70,264.98,-0.90,-0.28,-3.48,-0.03
118.80841176,31.89051548,8.36,0.73,264.96,-0.83,-0.29,-3.54,-0.04
118.80840987,31.89051534,8.36,0.71,264.93,-0.76,-0.29,-3.61,-0.01
118.80840793,31.89051521,8.36,0.69,264.91,-0.72,-0.31,-3.68,0.01
118.80840597,31.89051507,8.36,0.72,264.89,-0.69,-0.32,-3.74,0.01
118.80840397,31.89051491,8.36,0.71,264.85,-0.66,-0.32,-3.81,-0.00
118.80840194,31.89051476,8.36,0.71,264.83,-0.65,-0.33,-3.87,0.00
118.80839987,31.89051460,8.36,0.72,264.82,-0.67,-0.33,-3.94,0.02
118.80839777,31.89051444,8.36,0.78,264.80,-0.67,-0.33,-4.00,0.01
118.80839563,31.89051428,8.36,0.81,264.78,-0.65,-0.34,-4.07,0.02
118.80839346,31.89051412,8.36,0.74,264.77,-0.62,-0.36,-4.14,0.01
118.80839125,31.89051395,8.36,0.75,264.74,-0.62,-0.37,-4.22,0.01
118.80838901,31.89051377,8.36,0.82,264.73,-0.61,-0.37,-4.28,0.01
118.80838673,31.89051359,8.36,0.75,264.73,-0.58,-0.39,-4.35,0.02
118.80838441,31.89051341,8.36,0.69,264.74,-0.58,-0.40,-4.42,0.04
118.80838205,31.89051322,8.36,0.70,264.74,-0.61,-0.40,-4.49,0.04
118.80837966,31.89051303,8.36,0.70,264.74,-0.62,-0.40,-4.57,0.01
118.80837723,31.89051284,8.36,0.73,264.73,-0.62,-0.40,-4.63,-0.01
118.80837476,31.89051266,8.36,0.79,264.72,-0.62,-0.39,-4.70,-0.00
118.80837226,31.89051247,8.36,0.79,264.71,-0.62,-0.41,-4.76,0.03
118.80836972,31.89051228,8.36,0.70,264.70,-0.61,-0.43,-4.83,0.03
118.80836715,31.89051207,8.37,0.72,264.70,-0.60,-0.44,-4.89,0.02
118.80836454,31.89051187,8.37,0.75,264.72,-0.56,-0.45,-4.96,0.02
118.80836190,31.89051166,8.37,0.66,264.74,-0.51,-0.46,-5.04,0.03
118.80835922,31.89051145,8.37,0.59,264.75,-0.50,-0.46,-5.10,0.03
118.80835650,31.89051124,8.37,0.67,264.76,-0.50,-0.45,-5.16,0.00
118.80835375,31.89051104,8.37,0.69,264.76,-0.44,-0.45,-5.23,-0.01
118.80835095,31.89051083,8.37,0.65,264.76,-0.39,-0.46,-5.30,0.02
118.80834812,31.89051062,8.37,0.58,264.77,-0.40,-0.48,-5.37,0.06
118.80834526,31.89051041,8.37,0.60,264.78,-0.46,-0.49,-5.44,0.03
118.80834236,31.89051019,8.37,0.62,264.79,-0.50,-0.48,-5.51,0.05
118.80833942,31.89050997,8.37,0.63,264.81,-0.55,-0.48,-5.57,0.04
118.80833646,31.89050976,8.38,0.66,264.82,-0.62,-0.48,-5.63,0.04
118.80833345,31.89050954,8.38,0.69,264.82,-0.65,-0.48,-5.70,0.04
118.80833041,31.89050933,8.38,0.70,264.81,-0.69,-0.49,-5.76,0.04
118.80832734,31.89050911,8.38,0.68,264.83,-0.73,-0.50,-5.82,0.02
118.80832424,31.89050888,8.38,0.65,264.86,-0.73,-0.52,-5.88,-0.02
118.80832110,31.89050864,8.38,0.63,264.90,-0.71,-0.52,-5.95,-0.01
118.80831793,31.89050841,8.38,0.63,264.92,-0.70,-0.51,-6.02,0.00
118.80831472,31.89050819,8.38,0.69,264.93,-0.71,-0.49,-6.10,0.01
118.80831148,31.89050796,8.38,0.77,264.94,-0.76,-0.51,-6.16,0.03
118.80830821,31.89050774,8.38,0.74,264.97,-0.74,-0.51,-6.22,-0.01
118.80830490,31.89050751,8.38,0.75,265.00,-0.69,-0.52,-6.28,-0.01
118.80830156,31.89050727,8.38,0.84,265.03,-0.69,-0.53,-6.34,0.02
118.80829819,31.89050703,8.38,0.77,265.06,-0.69,-0.53,-6.40,0.03
118.80829479,31.89050680,8.38,0.66,265.09,-0.68,-0.54,-6.47,0.02
118.80829135,31.89050656,8.38,0.72,265.10,-0.65,-0.53,-6.52,-0.02
118.80828789,31.89050634,8.38,0.84,265.13,-0.61,-0.53,-6.58,-0.01
118.80828439,31.89050610,8.38,0.77,265.16,-0.57,-0.53,-6.64,-0.01
118.80828086,31.89050587,8.38,0.76,265.19,-0.57,-0.53,-6.71,0.03
118.80827730,31.89050564,8.38,0.83,265.22,-0.64,-0.53,-6.76,0.06
118.80827371,31.89050541,8.39,0.75,265.24,-0.68,-0.53,-6.82,0.02
118.80827010,31.89050517,8.39,0.71,265.27,-0.62,-0.54,-6.87,-0.02
118.80826645,31.89050493,8.39,0.81,265.30,-0.61,-0.54,-6.93,0.01
118.80826277,31.89050470,8.39,0.84,265.33,-0.66,-0.53,-6.98,0.04
118.80825907,31.89050447,8.39,0.77,265.36,-0.73,-0.53,-7.01,0.03
118.80825536,31.89050423,8.39,0.77,265.38,-0.71,-0.53,-7.05,-0.00
118.80825162,31.89050400,8.39,0.82,265.42,-0.68,-0.53,-7.10,0.01
118.80824785,31.89050376,8.39,0.80,265.46,-0.69,-0.53,-7.15,0.02
118.80824407,31.89050353,8.39,0.80,265.51,-0.76,-0.53,-7.17,0.03
118.80824028,31.89050330,8.39,0.83,265.56,-0.84,-0.53,-7.20,0.04
118.80823647,31.89050306,8.40,0.77,265.59,-0.86,-0.52,-7.23,0.01
118.80823264,31.89050283,8.40,0.72,265.63,-0.83,-0.52,-7.25,-0.00
118.80822879,31.89050261,8.40,0.83,265.67,-0.81,-0.51,-7.28,0.00
118.80822493,31.89050238,8.40,0.84,265.71,-0.78,-0.49,-7.32,0.02
118.80822105,31.89050216,8.40,0.87,265.75,-0.78,-0.49,-7.37,0.02
118.80821714,31.89050192,8.40,0.84,265.79,-0.79,-0.50,-7.40,-0.00
118.80821322,31.89050169,8.40,0.75,265.82,-0.70,-0.51,-7.43,-0.04
118.80820928,31.89050145,8.40,0.74,265.87,-0.65,-0.52,-7.47,0.02
118.80820531,31.89050121,8.40,0.79,265.92,-0.73,-0.51,-7.52,0.07
118.80820133,31.89050098,8.40,0.79,265.97,-0.84,-0.49,-7.53,0.06
118.80819735,31.89050075,8.40,0.77,266.02,-0.87,-0.48,-7.54,0.01
118.80819336,31.89050052,8.40,0.79,266.06,-0.85,-0.48,-7.56,-0.01
118.80818935,31.89050030,8.40,0.77,266.10,-0.85,-0.48,-7.58,0.02
118.80818533,31.89050008,8.40,0.82,266.13,-0.89,-0.47,-7.60,0.03
118.80818131,31.89049986,8.40,0.85,266.15,-0.92,-0.47,-7.62,0.04
118.80817727,31.89049964,8.41,0.84,266.17,-0.92,-0.47,-7.65,0.01
118.80817323,31.89049943,8.41,0.86,266.20,-0.93,-0.47,-7.66,-0.01
118.80816918,31.89049921,8.40,0.89,266.22,-0.92,-0.48,-7.68,0.01
118.80816511,31.89049900,8.40,0.93,266.24,-0.91,-0.46,-7.70,0.02
118.80816104,31.89049878,8.41,0.87,266.25,-0.94,-0.47,-7.71,0.04
118.80815696,31.89049857,8.41,0.85,266.24,-0.95,-0.47,-7.72,0.00
118.80815287,31.89049835,8.41,0.85,266.25,-0.88,-0.47,-7.73,-0.05
118.80814877,31.89049813,8.40,0.87,266.26,-0.81,-0.47,-7.76,-0.01
118.80814466,31.89049791,8.41,0.90,266.26,-0.81,-0.46,-7.78,0.03
118.80814054,31.89049770,8.41,0.85,266.23,-0.84,-0.47,-7.80,0.03
118.80813641,31.89049748,8.41,0.82,266.20,-0.84,-0.47,-7.81,0.02
118.80813227,31.89049726,8.41,0.95,266.17,-0.85,-0.47,-7.84,0.01
118.80812812,31.89049704,8.41,0.93,266.13,-0.88,-0.49,-7.86,0.04
118.80812397,31.89049681,8.42,0.86,266.06,-0.96,-0.50,-7.87,0.04
118.80811981,31.89049658,8.42,0.88,265.96,-0.99,-0.51,-7.88,0.03
118.80811564,31.89049635,8.42,0.92,265.83,-1.02,-0.52,-7.90,0.02
118.80811146,31.89049611,8.42,1.01,265.66,-0.99,-0.53,-7.91,-0.01
118.80810729,31.89049586,8.42,1.05,265.46,-0.96,-0.54,-7.90,0.00
118.80810311,31.89049561,8.42,1.08,265.20,-0.96,-0.57,-7.91,0.02
118.80809893,31.89049533,8.43,1.08,264.91,-1.00,-0.63,-7.90,0.03
118.80809475,31.89049504,8.43,1.19,264.58,-1.00,-0.66,-7.90,-0.01
118.80809058,31.89049473,8.43,1.25,264.24,-1.02,-0.70,-7.89,0.04
118.80808642,31.89049440,8.43,1.21,263.87,-1.06,-0.75,-7.88,0.04
118.80808226,31.89049405,8.43,1.23,263.46,-1.04,-0.81,-7.86,0.02
118.80807811,31.89049367,8.43,1.29,263.05,-0.97,-0.87,-7.85,0.03
118.80807396,31.89049326,8.44,1.28,262.62,-0.97,-0.92,-7.84,0.03
118.80806982,31.89049283,8.44,1.30,262.19,-0.95,-0.98,-7.82,0.03
118.80806569,31.89049237,8.44,1.30,261.76,-0.88,-1.04,-7.81,0.03
118.80806157,31.89049189,8.44,1.30,261.32,-0.87,-1.10,-7.79,0.06
118.80805745,31.89049138,8.45,1.37,260.88,-0.86,-1.16,-7.77,0.05
118.80805334,31.89049085,8.45,1.43,260.46,-0.79,-1.20,-7.77,0.04
118.80804923,31.89049029,8.45,1.47,260.04,-0.82,-1.27,-7.76,0.08
118.80804513,31.89048971,8.45,1.41,259.61,-0.91,-1.33,-7.74,0.07
118.80804104,31.89048910,8.45,1.42,259.18,-0.94,-1.38,-7.71,0.03
118.80803697,31.89048847,8.46,1.50,258.75,-0.89,-1.43,-7.69,0.06
118.80803290,31.89048781,8.46,1.57,258.33,-0.90,-1.49,-7.68,0.11
118.80802884,31.89048713,8.46,1.52,257.90,-0.94,-1.55,-7.66,0.07
118.80802479,31.89048642,8.46,1.48,257.46,-0.93,-1.61,-7.63,0.02
118.80802075,31.89048569,8.46,1.48,257.01,-0.88,-1.67,-7.61,0.01
118.80801672,31.89048492,8.47,1.47,256.57,-0.86,-1.73,-7.60,0.05
118.80801271,31.89048413,8.47,1.43,256.11,-0.95,-1.79,-7.58,0.10
118.80800870,31.89048331,8.47,1.38,255.65,-1.00,-1.84,-7.55,0.07
118.80800471,31.89048247,8.48,1.33,255.19,-0.99,-1.90,-7.52,0.03
118.80800073,31.89048160,8.48,1.32,254.74,-0.92,-1.96,-7.51,0.02
118.80799675,31.89048070,8.48,1.28,254.30,-0.94,-2.03,-7.50,0.06
118.80799279,31.89047978,8.48,1.25,253.86,-0.99,-2.07,-7.47,0.06
118.80798885,31.89047883,8.48,1.19,253.43,-0.99,-2.13,-7.45,0.05
118.80798492,31.89047786,8.48,1.13,253.00,-0.96,-2.19,-7.43,0.03
118.80798100,31.89047686,8.48,1.11,252.59,-0.94,-2.26,-7.40,0.04
118.80797709,31.89047583,8.49,1.04,252.20,-0.96,-2.30,-7.38,0.06
118.80797319,31.89047478,8.49,0.95,251.79,-1.03,-2.35,-7.35,0.07
118.80796931,31.89047370,8.49,0.90,251.40,-1.11,-2.40,-7.33,0.05
118.80796544,31.89047261,8.49,0.83,251.01,-1.11,-2.45,-7.30,0.01
118.80796158,31.89047149,8.50,0.78,250.64,-1.08,-2.50,-7.28,0.03
118.80795773,31.89047035,8.50,0.69,250.29,-1.12,-2.54,-7.27,0.07
118.80795390,31.89046919,8.50,0.60,249.96,-1.18,-2.58,-7.24,0.04
118.80795008,31.89046801,8.50,0.55,249.68,-1.14,-2.62,-7.22,-0.01
118.80794627,31.89046681,8.50,0.45,249.45,-1.13,-2.67,-7.21,0.00
118.80794246,31.89046559,8.50,0.31,249.29,-1.17,-2.71,-7.19,0.03
118.80793867,31.89046436,8.50,0.14,249.19,-1.23,-2.74,-7.17,0.04
118.80793488,31.89046312,8.50,-0.07,249.14,-1.27,-2.75,-7.16,0.03
118.80793110,31.89046188,8.51,-0.22,249.14,-1.30,-2.75,-7.16,0.03
118.80792732,31.89046064,8.51,-0.35,249.18,-1.31,-2.75,-7.14,0.01
118.80792355,31.89045940,8.51,-0.52,249.27,-1.28,-2.74,-7.13,-0.00
118.80791977,31.89045816,8.51,-0.71,249.37,-1.27,-2.72,-7.15,0.01
118.80791599,31.89045694,8.51,-0.79,249.48,-1.29,-2.70,-7.15,-0.01
118.80791222,31.89045572,8.51,-0.93,249.59,-1.30,-2.69,-7.14,-0.01
118.80790843,31.89045451,8.51,-0.99,249.71,-1.29,-2.66,-7.16,-0.02
118.80790465,31.89045331,8.51,-1.03,249.84,-1.37,-2.65,-7.16,0.04
118.80790086,31.89045212,8.51,-1.13,249.99,-1.47,-2.63,-7.16,0.03
118.80789708,31.89045093,8.51,-1.21,250.15,-1.49,-2.60,-7.16,-0.02
118.80789329,31.89044976,8.51,-1.23,250.34,-1.41,-2.59,-7.16,-0.04
118.80788950,31.89044859,8.51,-1.30,250.58,-1.41,-2.57,-7.18,-0.01
118.80788571,31.89044743,8.51,-1.38,250.86,-1.45,-2.54,-7.18,-0.01
118.80788192,31.89044629,8.51,-1.42,251.18,-1.43,-2.49,-7.19,-0.02
118.80787812,31.89044517,8.51,-1.48,251.56,-1.41,-2.45,-7.19,-0.01
118.80787432,31.89044408,8.51,-1.48,251.98,-1.41,-2.40,-7.21,0.01
118.80787051,31.89044300,8.51,-1.52,252.47,-1.40,-2.34,-7.22,-0.01
118.80786669,31.89044195,8.51,-1.50,253.01,-1.39,-2.27,-7.23,-0.01
118.80786287,31.89044094,8.51,-1.52,253.58,-1.41,-2.20,-7.25,0.01
118.80785903,31.89043996,8.51,-1.58,254.18,-1.42,-2.13,-7.25,-0.00
118.80785520,31.89043901,8.51,-1.61,254.81,-1.35,-2.06,-7.27,-0.02
118.80785135,31.89043809,8.51,-1.61,255.46,-1.29,-1.97,-7.29,-0.01
118.80784749,31.89043722,8.51,-1.61,256.12,-1.32,-1.88,-7.31,0.01
118.80784362,31.89043639,8.52,-1.60,256.79,-1.37,-1.79,-7.32,-0.00
118.80783975,31.89043560,8.52,-1.62,257.47,-1.33,-1.70,-7.33,-0.01
118.80783588,31.89043484,8.52,-1.67,258.18,-1.30,-1.63,-7.34,0.01
118.80783199,31.89043412,8.52,-1.73,258.90,-1.26,-1.54,-7.36,0.02
118.80782810,31.89043345,8.52,-1.77,259.63,-1.21,-1.44,-7.38,0.01
118.80782420,31.89043283,8.52,-1.74,260.35,-1.12,-1.34,-7.39,-0.00
118.80782030,31.89043225,8.52,-1.73,261.10,-1.04,-1.24,-7.40,-0.01
118.80781639,31.89043172,8.52,-1.76,261.87,-1.02,-1.15,-7.42,0.01
118.80781247,31.89043124,8.52,-1.77,262.65,-1.05,-1.05,-7.43,0.05
118.80780855,31.89043079,8.52,-1.80,263.43,-1.12,-0.95,-7.44,0.07
118.80780462,31.89043040,8.52,-1.84,264.21,-1.18,-0.84,-7.45,0.06
118.80780069,31.89043005,8.52,-1.81,264.98,-1.22,-0.74,-7.46,0.03
118.80779676,31.89042975,8.52,-1.77,265.76,-1.23,-0.63,-7.46,0.02
118.80779282,31.89042950,8.52,-1.74,266.53,-1.25,-0.53,-7.47,0.02
118.80778888,31.89042929,8.52,-1.77,267.29,-1.26,-0.43,-7.47,0.02
118.80778494,31.89042913,8.52,-1.79,268.03,-1.26,-0.33,-7.47,0.02
118.80778100,31.89042901,8.52,-1.78,268.77,-1.24,-0.24,-7.47,0.00
118.80777706,31.89042893,8.52,-1.77,269.51,-1.22,-0.14,-7.47,0.01
118.80777311,31.89042889,8.52,-1.79,270.24,-1.19,-0.05,-7.47,0.02
118.80776917,31.89042890,8.52,-1.80,270.97,-1.14,0.06,-7.48,0.00
118.80776522,31.89042895,8.52,-1.83,271.70,-1.11,0.14,-7.47,0.02
118.80776128,31.89042905,8.52,-1.84,272.45,-1.06,0.24,-7.47,0.00
118.80775733,31.89042918,8.52,-1.82,273.19,-0.98,0.34,-7.47,0.02
118.80775339,31.89042937,8.52,-1.82,273.93,-0.96,0.44,-7.47,0.04
118.80774945,31.89042959,8.52,-1.84,274.66,-0.98,0.54,-7.46,0.06
118.80774550,31.89042987,8.52,-1.81,275.37,-1.02,0.63,-7.45,0.04
118.80774154,31.89043019,8.52,-1.81,276.11,-0.99,0.73,-7.45,0.03
118.80773758,31.89043055,8.52,-1.81,276.85,-0.99,0.82,-7.45,0.05
118.80773362,31.89043096,8.53,-1.82,277.56,-1.00,0.93,-7.43,0.03
118.80772967,31.89043141,8.53,-1.81,278.25,-0.99,1.02,-7.42,0.04
118.80772573,31.89043191,8.53,-1.77,278.92,-0.98,1.11,-7.41,0.05
118.80772179,31.89043244,8.53,-1.75,279.58,-0.96,1.20,-7.41,0.04
118.80771786,31.89043302,8.53,-1.70,280.20,-0.94,1.30,-7.39,0.03
118.80771393,31.89043363,8.54,-1.67,280.80,-0.90,1.37,-7.38,0.03
118.80771001,31.89043428,8.54,-1.64,281.37,-0.86,1.46,-7.38,0.04
118.80770609,31.89043497,8.54,-1.55,281.90,-0.84,1.54,-7.37,0.05
118.80770218,31.89043569,8.54,-1.47,282.40,-0.84,1.61,-7.36,0.05
118.80769827,31.89043644,8.54,-1.36,282.85,-0.78,1.68,-7.34,0.05
118.80769438,31.89043722,8.55,-1.19,283.23,-0.72,1.76,-7.34,0.06
118.80769048,31.89043804,8.55,-0.98,283.56,-0.74,1.81,-7.33,0.07
118.80768659,31.89043887,8.55,-0.81,283.82,-0.77,1.86,-7.33,0.07
118.80768270,31.89043973,8.56,-0.70,284.00,-0.79,1.88,-7.33,0.06
118.80767882,31.89044059,8.56,-0.61,284.12,-0.83,1.90,-7.34,0.09
118.80767493,31.89044146,8.57,-0.49,284.18,-0.87,1.92,-7.34,0.08
118.80767104,31.89044233,8.57,-0.36,284.17,-0.87,1.94,-7.34,0.07
118.80766715,31.89044321,8.57,-0.18,284.09,-0.94,1.93,-7.34,0.07
118.80766325,31.89044410,8.57,-0.07,284.02,-0.96,1.92,-7.34,0.06
118.80765935,31.89044497,8.58,0.01,283.93,-0.96,1.91,-7.36,0.05
118.80765544,31.89044583,8.58,0.05,283.84,-1.04,1.88,-7.38,0.06
118.80765152,31.89044669,8.58,-0.01,283.76,-1.23,1.87,-7.40,0.08
118.80764760,31.89044753,8.58,0.04,283.69,-1.32,1.87,-7.38,0.01
118.80764368,31.89044838,8.58,0.27,283.61,-1.30,1.86,-7.39,0.04
118.80763976,31.89044924,8.58,0.38,283.51,-1.31,1.87,-7.42,0.05
118.80763583,31.89045009,8.58,0.42,283.38,-1.35,1.86,-7.43,0.01
118.80763189,31.89045093,8.58,0.48,283.24,-1.32,1.85,-7.44,-0.05
118.80762794,31.89045176,8.58,0.59,283.07,-1.33,1.82,-7.45,-0.01
118.80762398,31.89045260,8.58,0.74,282.87,-1.38,1.81,-7.46,0.02
118.80762002,31.89045342,8.58,0.81,282.63,-1.36,1.80,-7.48,0.00
118.80761605,31.89045423,8.58,0.83,282.36,-1.34,1.76,-7.49,0.00
118.80761207,31.89045502,8.58,0.92,282.07,-1.32,1.71,-7.52,-0.01
118.80760808,31.89045579,8.58,0.98,281.74,-1.30,1.69,-7.54,-0.05
118.80760407,31.89045655,8.57,1.02,281.38,-1.29,1.65,-7.56,-0.02
118.80760006,31.89045728,8.57,1.06,281.00,-1.33,1.60,-7.59,0.01
118.80759604,31.89045800,8.57,1.07,280.59,-1.39,1.55,-7.61,0.00
118.80759200,31.89045869,8.57,1.14,280.15,-1.43,1.49,-7.63,0.02
118.80758796,31.89045934,8.57,1.10,279.71,-1.43,1.43,-7.65,-0.02
118.80758391,31.89045995,8.57,1.12,279.24,-1.38,1.37,-7.66,-0.05
118.80757985,31.89046053,8.57,1.13,278.75,-1.36,1.30,-7.69,-0.03
118.80757578,31.89046109,8.57,1.11,278.25,-1.37,1.23,-7.70,-0.03
118.80757170,31.89046161,8.56,1.11,277.74,-1.33,1.17,-7.72,-0.03
118.80756761,31.89046210,8.56,1.13,277.23,-1.29,1.10,-7.74,-0.01
118.80756351,31.89046256,8.56,1.14,276.73,-1.32,1.04,-7.77,0.01
118.80755940,31.89046300,8.56,1.13,276.21,-1.34,0.97,-7.79,-0.01
118.80755528,31.89046340,8.56,1.14,275.70,-1.26,0.89,-7.80,-0.04
118.80755115,31.89046377,8.56,1.16,275.18,-1.20,0.82,-7.82,0.00
118.80754701,31.89046411,8.56,1.11,274.65,-1.21,0.76,-7.85,0.03
118.80754286,31.89046442,8.56,1.12,274.09,-1.26,0.70,-7.87,-0.01
118.80753870,31.89046469,8.56,1.20,273.50,-1.28,0.61,-7.88,-0.03
118.80753454,31.89046494,8.56,1.22,272.89,-1.28,0.53,-7.90,-0.00
118.80753037,31.89046515,8.56,1.25,272.26,-1.30,0.45,-7.91,0.03
118.80752619,31.89046531,8.56,1.23,271.63,-1.30,0.36,-7.91,0.02
118.80752201,31.89046544,8.56,1.24,271.01,-1.27,0.27,-7.93,-0.03
118.80751781,31.89046553,8.56,1.30,270.39,-1.24,0.18,-7.94,-0.04
118.80751361,31.89046558,8.56,1.35,269.78,-1.22,0.10,-7.96,-0.04
118.80750941,31.89046559,8.55,1.31,269.17,-1.23,0.01,-7.97,0.00
118.80750521,31.89046556,8.56,1.27,268.56,-1.25,-0.08,-7.97,0.03
118.80750100,31.89046549,8.56,1.27,267.97,-1.31,-0.16,-7.99,0.02
118.80749678,31.89046539,8.56,1.31,267.41,-1.36,-0.25,-8.00,-0.02
118.80749256,31.89046525,8.56,1.30,266.86,-1.38,-0.33,-8.00,-0.04
118.80748835,31.89046507,8.56,1.26,266.36,-1.38,-0.42,-8.00,-0.01
118.80748412,31.89046485,8.56,1.19,265.91,-1.40,-0.49,-8.01,0.02
118.80747990,31.89046461,8.56,1.15,265.52,-1.40,-0.56,-8.01,-0.01
118.80747567,31.89046433,8.56,1.10,265.19,-1.30,-0.61,-8.01,-0.04
118.80747145,31.89046403,8.55,1.04,264.93,-1.24,-0.67,-8.02,-0.04
118.80746721,31.89046371,8.55,0.98,264.71,-1.23,-0.70,-8.03,-0.01
118.80746297,31.89046338,8.55,0.86,264.54,-1.24,-0.73,-8.03,-0.02
118.80745873,31.89046304,8.55,0.86,264.42,-1.28,-0.75,-8.03,-0.01
118.80745449,31.89046269,8.55,0.82,264.34,-1.32,-0.77,-8.04,0.01
118.80745024,31.89046233,8.55,0.78,264.30,-1.35,-0.77,-8.04,0.01
118.80744599,31.89046197,8.55,0.74,264.28,-1.32,-0.77,-8.05,-0.01
118.80744174,31.89046161,8.55,0.66,264.27,-1.30,-0.79,-8.06,-0.02
118.80743748,31.89046125,8.55,0.68,264.28,-1.31,-0.78,-8.07,-0.02
118.80743322,31.89046090,8.55,0.75,264.29,-1.35,-0.77,-8.07,-0.02
118.80742895,31.89046055,8.55,0.77,264.30,-1.36,-0.76,-8.08,0.00
118.80742468,31.89046019,8.55,0.74,264.30,-1.37,-0.77,-8.09,-0.01
118.80742041,31.89045984,8.55,0.69,264.31,-1.38,-0.78,-8.09,-0.01
118.80741614,31.89045949,8.55,0.68,264.32,-1.38,-0.78,-8.10,-0.02
118.80741186,31.89045914,8.55,0.72,264.34,-1.35,-0.77,-8.10,-0.04
118.80740758,31.89045880,8.55,0.70,264.35,-1.34,-0.77,-8.12,0.00
118.80740329,31.89045845,8.55,0.71,264.37,-1.37,-0.76,-8.13,-0.01
118.80739900,31.89045811,8.54,0.74,264.38,-1.38,-0.76,-8.13,-0.04
118.80739470,31.89045776,8.54,0.74,264.39,-1.37,-0.76,-8.14,-0.03
118.80739041,31.89045742,8.54,0.76,264.40,-1.35,-0.75,-8.15,0.00
118.80738610,31.89045708,8.54,0.74,264.40,-1.35,-0.76,-8.15,-0.00
118.80738180,31.89045674,8.54,0.73,264.41,-1.31,-0.76,-8.16,-0.02
118.80737749,31.89045639,8.54,0.73,264.42,-1.26,-0.76,-8.17,-0.04
118.80737318,31.89045605,8.54,0.72,264.43,-1.22,-0.76,-8.17,-0.02
118.80736886,31.89045571,8.54,0.74,264.41,-1.26,-0.75,-8.18,0.00
118.80736454,31.89045537,8.54,0.76,264.40,-1.32,-0.76,-8.19,0.00
118.80736021,31.89045503,8.54,0.75,264.40,-1.32,-0.77,-8.19,-0.01
118.80735588,31.89045468,8.53,0.72,264.41,-1.33,-0.77,-8.20,-0.01
118.80735155,31.89045433,8.53,0.73,264.40,-1.35,-0.77,-8.20,0.00
118.80734721,31.89045399,8.53,0.70,264.39,-1.38,-0.77,-8.20,-0.04
118.80734288,31.89045364,8.53,0.73,264.39,-1.35,-0.77,-8.21,-0.04
118.80733853,31.89045329,8.53,0.72,264.40,-1.33,-0.77,-8.22,-0.03
118.80733418,31.89045295,8.53,0.74,264.42,-1.29,-0.76,-8.23,-0.01
118.80732982,31.89045261,8.53,0.80,264.41,-1.30,-0.75,-8.23,0.00
118.80732546,31.89045227,8.53,0.79,264.41,-1.25,-0.76,-8.23,-0.04
118.80732109,31.89045193,8.52,0.78,264.41,-1.18,-0.77,-8.24,-0.02
118.80731672,31.89045159,8.52,0.80,264.43,-1.21,-0.77,-8.26,0.01
118.80731235,31.89045125,8.52,0.76,264.45,-1.34,-0.78,-8.26,0.03
118.80730798,31.89045090,8.52,0.71,264.48,-1.42,-0.77,-8.25,-0.02
118.80730361,31.89045056,8.52,0.68,264.53,-1.45,-0.78,-8.25,0.00
118.80729924,31.89045022,8.52,0.64,264.57,-1.52,-0.77,-8.24,0.01
118.80729488,31.89044988,8.52,0.65,264.60,-1.59,-0.74,-8.24,-0.01
118.80729052,31.89044955,8.52,0.66,264.63,-1.64,-0.74,-8.21,-0.04
118.80728618,31.89044923,8.52,0.63,264.67,-1.57,-0.73,-8.21,-0.07
118.80728183,31.89044890,8.51,0.56,264.72,-1.53,-0.74,-8.21,-0.05
118.80727750,31.89044857,8.51,0.51,264.77,-1.55,-0.73,-8.20,-0.01
118.80727316,31.89044825,8.51,0.49,264.82,-1.56,-0.72,-8.18,-0.05
118.80726884,31.89044793,8.51,0.49,264.86,-1.48,-0.71,-8.16,-0.07
118.80726453,31.89044762,8.50,0.49,264.90,-1.48,-0.69,-8.16,-0.03
118.80726022,31.89044731,8.50,0.51,264.94,-1.52,-0.68,-8.14,-0.01
118.80725593,31.89044701,8.50,0.48,264.98,-1.52,-0.68,-8.11,-0.02
118.80725164,31.89044671,8.50,0.46,265.03,-1.49,-0.68,-8.09,-0.05
118.80724737,31.89044641,8.50,0.45,265.09,-1.55,-0.67,-8.07,0.02
118.80724312,31.89044611,8.50,0.48,265.14,-1.57,-0.65,-8.05,-0.04
118.80723888,31.89044581,8.50,0.48,265.18,-1.51,-0.64,-8.01,-0.03
118.80723465,31.89044553,8.50,0.45,265.22,-1.50,-0.64,-8.00,-0.02
118.80723044,31.89044524,8.50,0.45,265.25,-1.56,-0.62,-7.95,-0.02
118.80722625,31.89044496,8.49,0.46,265.29,-1.54,-0.62,-7.91,-0.04
118.80722208,31.89044468,8.49,0.50,265.33,-1.54,-0.60,-7.87,-0.01
118.80721793,31.89044441,8.49,0.50,265.36,-1.57,-0.60,-7.84,0.01
118.80721381,31.89044414,8.50,0.43,265.39,-1.63,-0.59,-7.78,-0.02
118.80720971,31.89044388,8.49,0.48,265.43,-1.63,-0.58,-7.72,-0.04
118.80720564,31.89044361,8.49,0.50,265.47,-1.65,-0.58,-7.68,-0.00
118.80720160,31.89044335,8.49,0.41,265.51,-1.66,-0.57,-7.62,-0.00
118.80719759,31.89044310,8.49,0.40,265.54,-1.67,-0.56,-7.57,-0.01
118.80719360,31.89044284,8.49,0.39,265.57,-1.67,-0.55,-7.51,-0.04
118.80718965,31.89044260,8.49,0.44,265.60,-1.66,-0.53,-7.46,-0.03
118.80718573,31.89044236,8.49,0.50,265.63,-1.66,-0.52,-7.40,-0.03
118.80718184,31.89044212,8.49,0.50,265.65,-1.69,-0.52,-7.34,0.01
118.80717798,31.89044189,8.49,0.44,265.68,-1.76,-0.52,-7.28,0.03
118.80717415,31.89044165,8.49,0.45,265.70,-1.83,-0.51,-7.21,-0.00
118.80717037,31.89044142,8.49,0.46,265.72,-1.86,-0.51,-7.13,-0.02
118.80716663,31.89044120,8.49,0.47,265.73,-1.88,-0.49,-7.05,-0.03
118.80716293,31.89044097,8.49,0.51,265.73,-1.92,-0.48,-6.97,-0.01
118.80715927,31.89044075,8.49,0.50,265.74,-1.99,-0.47,-6.87,-0.00
118.80715566,31.89044053,8.49,0.46,265.75,-2.03,-0.47,-6.78,-0.04
118.80715210,31.89044032,8.49,0.48,265.76,-1.98,-0.47,-6.68,-0.04
118.80714860,31.89044010,8.49,0.48,265.76,-1.96,-0.46,-6.58,-0.02
118.80714515,31.89043989,8.49,0.45,265.76,-1.96,-0.45,-6.47,-0.01
118.80714176,31.89043969,8.49,0.45,265.75,-1.95,-0.44,-6.36,-0.03
118.80713843,31.89043949,8.49,0.52,265.75,-1.91,-0.42,-6.25,-0.04
118.80713515,31.89043929,8.48,0.57,265.75,-1.88,-0.43,-6.14,-0.04
118.80713194,31.89043910,8.48,0.52,265.76,-1.89,-0.43,-6.03,-0.00
118.80712878,31.89043890,8.48,0.50,265.76,-1.93,-0.42,-5.92,0.01
118.80712568,31.89043871,8.48,0.53,265.76,-1.95,-0.40,-5.80,0.01
118.80712264,31.89043853,8.48,0.53,265.75,-1.98,-0.39,-5.69,0.00
118.80711967,31.89043835,8.48,0.48,265.75,-2.00,-0.40,-5.57,-0.01
118.80711676,31.89043817,8.48,0.50,265.74,-2.01,-0.38,-5.45,-0.01
118.80711391,31.89043799,8.48,0.55,265.74,-2.01,-0.38,-5.33,-0.01
118.80711112,31.89043782,8.48,0.49,265.75,-2.04,-0.37,-5.21,0.01
118.80710840,31.89043765,8.48,0.45,265.74,-2.08,-0.36,-5.09,-0.00
118.80710575,31.89043749,8.48,0.50,265.73,-2.08,-0.35,-4.96,0.00
118.80710316,31.89043733,8.48,0.48,265.72,-2.07,-0.35,-4.83,-0.01
118.80710064,31.89043718,8.48,0.46,265.72,-2.06,-0.34,-4.70,-0.01
118.80709819,31.89043703,8.48,0.48,265.72,-2.08,-0.33,-4.58,-0.02
118.80709579,31.89043688,8.48,0.47,265.72,-2.06,-0.33,-4.46,-0.01
118.80709347,31.89043674,8.48,0.48,265.72,-2.06,-0.31,-4.34,0.00
118.80709120,31.89043660,8.48,0.49,265.71,-2.09,-0.30,-4.23,-0.01
118.80708899,31.89043647,8.48,0.48,265.70,-2.08,-0.29,-4.11,-0.03
118.80708684,31.89043634,8.48,0.47,265.69,-2.07,-0.29,-4.00,-0.02
118.80708475,31.89043621,8.48,0.48,265.69,-2.09,-0.28,-3.90,0.01
118.80708272,31.89043608,8.48,0.47,265.68,-2.12,-0.27,-3.79,-0.00
118.80708074,31.89043596,8.48,0.47,265.68,-2.12,-0.27,-3.69,-0.02
118.80707882,31.89043584,8.48,0.46,265.67,-2.10,-0.26,-3.59,-0.02
118.80707695,31.89043573,8.48,0.46,265.67,-2.12,-0.26,-3.49,-0.01
118.80707513,31.89043561,8.48,0.44,265.67,-2.14,-0.25,-3.40,-0.00
118.80707336,31.89043550,8.48,0.43,265.66,-2.12,-0.24,-3.30,-0.02
118.80707164,31.89043540,8.48,0.46,265.65,-2.10,-0.23,-3.21,-0.01
118.80706997,31.89043530,8.48,0.49,265.64,-2.10,-0.22,-3.12,-0.01
118.80706835,31.89043520,8.48,0.48,265.64,-2.09,-0.22,-3.02,-0.01
118.80706678,31.89043511,8.48,0.47,265.64,-2.09,-0.21,-2.94,-0.02
118.80706525,31.89043501,8.48,0.47,265.63,-2.10,-0.21,-2.85,-0.01
118.80706377,31.89043492,8.48,0.47,265.61,-2.10,-0.21,-2.76,-0.01
118.80706234,31.89043483,8.48,0.45,265.61,-2.06,-0.20,-2.68,-0.02
118.80706095,31.89043474,8.48,0.45,265.61,-2.02,-0.19,-2.61,-0.01
118.80705959,31.89043466,8.48,0.47,265.61,-2.01,-0.19,-2.54,-0.00
118.80705828,31.89043458,8.48,0.46,265.62,-2.03,-0.18,-2.46,-0.01
118.80705701,31.89043451,8.48,0.44,265.62,-2.04,-0.17,-2.39,-0.01
118.80705577,31.89043443,8.48,0.46,265.61,-2.00,-0.17,-2.32,-0.02
118.80705457,31.89043436,8.48,0.47,265.61,-1.97,-0.16,-2.26,0.00
118.80705340,31.89043429,8.48,0.45,265.61,-1.99,-0.17,-2.19,0.01
118.80705226,31.89043422,8.48,0.43,265.61,-1.99,-0.16,-2.13,-0.00
