  longitude ,  latitude ,high;roll,yaw,pitch;n_vel,e_vel,u_vel
118.80651395,31.89036273,8.34,0.33,84.00,-1.40,-0.01,0.00,-0.00
118.80651395,31.89036273,8.34,0.33,84.00,-1.39,-0.00,0.00,-0.00
118.80651395,31.89036273,8.34,0.33,84.00,-1.39,-0.00,0.00,0.00
118.80651395,31.89036273,8.34,0.33,84.00,-1.39,-0.00,0.00,0.00
118.80651394,31.89036272,8.34,0.33,83.99,-1.40,-0.00,0.00,0.00
118.80651394,31.89036272,8.34,0.33,83.99,-1.40,-0.00,0.00,-0.00
118.80651394,31.89036272,8.34,0.33,83.99,-1.39,-0.00,0.00,-0.00
118.80651394,31.89036272,8.34,0.33,83.99,-1.40,-0.00,0.00,-0.00
118.80651393,31.89036272,8.34,0.33,84.00,-1.40,-0.00,0.00,-0.00
118.80651393,31.89036272,8.34,0.33,83.99,-1.40,-0.00,0.00,-0.00
118.80651393,31.89036272,8.34,0.33,83.99,-1.40,-0.00,0.00,-0.00
118.80651393,31.89036272,8.34,0.33,83.99,-1.40,-0.00,-0.00,-0.00
118.80651393,31.89036272,8.34,0.33,84.00,-1.40,-0.00,-0.00,-0.00
118.80651392,31.89036271,8.34,0.33,84.00,-1.39,-0.00,-0.00,-0.00
118.80651392,31.89036271,8.34,0.33,84.00,-1.38,-0.00,0.00,-0.00
118.80651392,31.89036271,8.34,0.33,83.99,-1.38,-0.00,0.01,-0.00
118.80651392,31.89036271,8.34,0.32,84.00,-1.37,-0.00,0.01,0.00
118.80651392,31.89036271,8.34,0.32,84.01,-1.37,-0.00,0.01,0.00
118.80651392,31.89036271,8.34,0.32,84.01,-1.37,-0.00,0.02,-0.00
118.80651392,31.89036271,8.34,0.32,84.01,-1.37,-0.00,0.02,0.00
118.80651393,31.89036271,8.34,0.32,84.01,-1.37,0.00,0.02,0.00
118.80651394,31.89036271,8.34,0.32,84.01,-1.38,0.00,0.02,0.00
118.80651394,31.89036272,8.34,0.32,84.01,-1.37,0.00,0.02,-0.00
118.80651395,31.89036272,8.34,0.32,84.01,-1.37,0.00,0.02,-0.00
118.80651395,31.89036272,8.34,0.32,84.01,-1.37,-0.00,0.02,-0.00
118.80651396,31.89036272,8.34,0.32,84.01,-1.36,0.00,0.03,0.00
118.80651398,31.89036272,8.34,0.32,84.01,-1.36,0.00,0.03,-0.00
118.80651400,31.89036272,8.34,0.32,84.01,-1.33,0.00,0.05,-0.01
118.80651402,31.89036273,8.34,0.31,84.01,-1.31,0.01,0.06,-0.00
118.80651406,31.89036273,8.34,0.31,84.01,-1.28,0.01,0.10,-0.01
118.80651412,31.89036274,8.34,0.31,84.00,-1.25,0.01,0.12,0.00
118.80651419,31.89036274,8.34,0.30,84.00,-1.20,0.02,0.16,-0.00
118.80651428,31.89036275,8.34,0.31,84.00,-1.17,0.02,0.21,0.00
118.80651440,31.89036276,8.34,0.30,84.00,-1.13,0.03,0.26,-0.00
118.80651455,31.89036278,8.34,0.30,84.00,-1.09,0.03,0.31,-0.01
118.80651473,31.89036279,8.34,0.29,84.00,-1.05,0.04,0.37,-0.01
118.80651494,31.89036281,8.34,0.28,84.00,-1.00,0.05,0.44,-0.01
118.80651520,31.89036283,8.33,0.27,84.00,-0.93,0.05,0.51,-0.01
118.80651550,31.89036286,8.33,0.26,83.99,-0.85,0.06,0.60,-0.01
118.80651584,31.89036289,8.33,0.24,83.99,-0.77,0.07,0.68,-0.01
118.80651622,31.89036292,8.33,0.22,84.00,-0.70,0.08,0.77,-0.00
118.80651666,31.89036296,8.33,0.22,84.01,-0.67,0.09,0.85,0.01
118.80651714,31.89036301,8.33,0.20,84.01,-0.64,0.09,0.95,0.01
118.80651766,31.89036305,8.33,0.19,83.99,-0.61,0.10,1.03,-0.00
118.80651824,31.89036310,8.33,0.18,83.99,-0.58,0.12,1.13,-0.01
118.80651886,31.89036315,8.33,0.17,84.01,-0.57,0.13,1.21,-0.00
118.80651952,31.89036321,8.33,0.13,84.02,-0.56,0.14,1.30,0.00
118.80652023,31.89036328,8.33,0.12,84.02,-0.55,0.14,1.38,-0.01
118.80652098,31.89036334,8.33,0.14,84.01,-0.50,0.14,1.46,-0.02
118.80652178,31.89036341,8.33,0.11,84.01,-0.46,0.16,1.54,-0.03
118.80652262,31.89036348,8.32,0.00,84.04,-0.35,0.19,1.63,-0.09
118.80652351,31.89036357,8.32,-0.03,84.07,-0.10,0.18,1.73,-0.19
118.80652446,31.89036365,8.31,0.17,84.06,0.20,0.17,1.82,-0.21
118.80652544,31.89036372,8.30,0.30,84.04,0.48,0.15,1.91,-0.19
118.80652648,31.89036378,8.29,0.41,84.03,0.71,0.15,2.00,-0.13
118.80652755,31.89036386,8.28,0.47,84.06,0.78,0.22,2.06,-0.04
118.80652864,31.89036394,8.29,0.56,84.17,0.64,0.21,2.09,0.13
118.80652976,31.89036403,8.29,0.45,84.20,0.33,0.22,2.13,0.24
118.80653090,31.89036413,8.31,0.18,84.16,-0.03,0.23,2.18,0.25
118.80653208,31.89036423,8.32,0.10,84.10,-0.27,0.24,2.25,0.18
118.80653329,31.89036433,8.32,0.05,84.12,-0.40,0.25,2.31,0.10
118.80653453,31.89036443,8.33,0.01,84.19,-0.49,0.24,2.37,0.04
118.80653580,31.89036453,8.33,0.03,84.25,-0.50,0.21,2.42,-0.03
118.80653709,31.89036461,8.33,0.14,84.25,-0.43,0.18,2.47,-0.06
118.80653841,31.89036468,8.32,0.26,84.23,-0.36,0.18,2.52,-0.05
118.80653976,31.89036476,8.32,0.36,84.22,-0.28,0.19,2.57,-0.02
118.80654114,31.89036485,8.32,0.38,84.23,-0.26,0.22,2.63,0.01
118.80654254,31.89036495,8.32,0.39,84.26,-0.27,0.24,2.67,0.01
118.80654397,31.89036505,8.32,0.36,84.29,-0.26,0.25,2.72,0.01
118.80654543,31.89036516,8.32,0.31,84.30,-0.27,0.26,2.77,-0.00
118.80654691,31.89036527,8.32,0.25,84.31,-0.26,0.26,2.82,-0.02
118.80654841,31.89036538,8.32,0.21,84.32,-0.25,0.26,2.87,0.01
118.80654995,31.89036550,8.32,0.17,84.33,-0.27,0.26,2.92,0.02
118.80655151,31.89036561,8.32,0.17,84.36,-0.25,0.25,2.97,0.01
118.80655309,31.89036572,8.32,0.18,84.38,-0.24,0.25,3.02,0.01
118.80655471,31.89036582,8.32,0.14,84.39,-0.22,0.25,3.07,0.01
118.80655635,31.89036594,8.32,0.13,84.37,-0.23,0.25,3.13,0.01
118.80655802,31.89036606,8.32,0.17,84.38,-0.27,0.26,3.18,0.02
118.80655972,31.89036619,8.32,0.20,84.39,-0.33,0.26,3.23,0.01
118.80656145,31.89036631,8.33,0.24,84.41,-0.37,0.25,3.27,0.01
118.80656320,31.89036644,8.33,0.24,84.43,-0.37,0.27,3.33,0.01
118.80656497,31.89036657,8.33,0.21,84.45,-0.38,0.27,3.38,0.02
118.80656678,31.89036670,8.33,0.20,84.46,-0.39,0.29,3.43,0.01
118.80656861,31.89036684,8.33,0.17,84.48,-0.34,0.29,3.49,-0.00
118.80657047,31.89036698,8.33,0.11,84.51,-0.32,0.30,3.54,0.01
118.80657236,31.89036712,8.33,0.10,84.54,-0.32,0.30,3.59,0.02
118.80657428,31.89036726,8.33,0.11,84.56,-0.32,0.29,3.64,0.03
118.80657622,31.89036740,8.33,0.07,84.58,-0.33,0.29,3.69,0.05
118.80657819,31.89036754,8.34,0.02,84.60,-0.34,0.30,3.75,0.02
118.80658019,31.89036768,8.34,0.02,84.62,-0.30,0.31,3.80,-0.01
118.80658222,31.89036783,8.34,0.05,84.65,-0.21,0.31,3.86,-0.04
118.80658428,31.89036797,8.33,0.05,84.68,-0.14,0.30,3.91,-0.01
118.80658637,31.89036811,8.33,0.04,84.69,-0.12,0.31,3.97,0.01
118.80658848,31.89036826,8.34,0.10,84.71,-0.09,0.30,4.02,0.03
118.80659063,31.89036840,8.34,0.17,84.74,-0.19,0.31,4.09,0.05
118.80659281,31.89036854,8.34,0.12,84.76,-0.22,0.30,4.15,0.01
118.80659502,31.89036869,8.34,0.17,84.79,-0.25,0.31,4.20,0.02
118.80659727,31.89036884,8.34,0.22,84.82,-0.26,0.32,4.26,0.04
118.80659955,31.89036900,8.34,0.22,84.86,-0.29,0.33,4.32,0.05
118.80660186,31.89036916,8.35,0.16,84.90,-0.33,0.33,4.37,0.04
118.80660421,31.89036932,8.35,0.15,84.95,-0.36,0.34,4.43,0.03
118.80660657,31.89036948,8.35,0.16,85.00,-0.37,0.34,4.48,0.04
118.80660898,31.89036964,8.35,0.17,85.05,-0.42,0.33,4.55,0.04
118.80661141,31.89036980,8.35,0.18,85.10,-0.48,0.32,4.60,0.03
118.80661387,31.89036995,8.35,0.24,85.14,-0.43,0.30,4.65,-0.04
118.80661636,31.89037011,8.35,0.18,85.18,-0.47,0.33,4.71,0.02
118.80661889,31.89037026,8.35,0.27,85.22,-0.53,0.33,4.78,0.01
118.80662144,31.89037042,8.35,0.24,85.27,-0.52,0.32,4.83,-0.01
118.80662402,31.89037058,8.35,0.17,85.32,-0.48,0.34,4.89,-0.00
118.80662664,31.89037074,8.35,0.20,85.36,-0.52,0.34,4.95,0.02
118.80662928,31.89037090,8.35,0.23,85.41,-0.52,0.33,5.00,0.02
118.80663195,31.89037105,8.36,0.22,85.46,-0.50,0.32,5.06,0.01
118.80663465,31.89037121,8.36,0.18,85.51,-0.53,0.33,5.10,0.02
118.80663738,31.89037137,8.36,0.16,85.55,-0.53,0.33,5.17,-0.01
118.80664013,31.89037152,8.36,0.18,85.60,-0.54,0.34,5.20,-0.01
118.80664290,31.89037168,8.36,0.12,85.65,-0.46,0.33,5.25,-0.03
118.80664570,31.89037185,8.35,0.12,85.67,-0.48,0.34,5.29,0.02
118.80664853,31.89037202,8.35,0.16,85.73,-0.48,0.32,5.34,-0.01
118.80665138,31.89037218,8.36,0.18,85.78,-0.56,0.32,5.38,0.03
118.80665424,31.89037235,8.36,0.17,85.83,-0.64,0.32,5.42,0.02
118.80665713,31.89037251,8.36,0.20,85.88,-0.64,0.31,5.45,-0.01
118.80666004,31.89037267,8.36,0.17,85.93,-0.61,0.32,5.49,0.01
118.80666297,31.89037284,8.36,0.15,85.99,-0.61,0.33,5.54,0.03
118.80666591,31.89037301,8.36,0.13,86.05,-0.66,0.33,5.55,0.04
118.80666887,31.89037317,8.36,0.17,86.11,-0.65,0.31,5.59,-0.01
118.80667184,31.89037333,8.36,0.20,86.17,-0.67,0.30,5.60,-0.02
118.80667482,31.89037348,8.36,0.21,86.22,-0.69,0.29,5.64,-0.04
118.80667782,31.89037362,8.36,0.26,86.25,-0.79,0.29,5.65,0.01
118.80668082,31.89037377,8.36,0.28,86.29,-0.88,0.29,5.65,0.03
118.80668382,31.89037392,8.36,0.29,86.33,-0.94,0.30,5.66,0.03
118.80668682,31.89037407,8.36,0.27,86.37,-0.97,0.30,5.65,0.02
118.80668982,31.89037422,8.36,0.29,86.41,-1.00,0.29,5.67,0.01
118.80669282,31.89037436,8.36,0.31,86.44,-1.03,0.28,5.65,-0.02
118.80669582,31.89037451,8.36,0.31,86.45,-1.00,0.28,5.64,-0.03
118.80669882,31.89037465,8.36,0.31,86.47,-0.93,0.28,5.65,-0.01
118.80670181,31.89037479,8.36,0.30,86.47,-0.91,0.28,5.65,0.02
118.80670480,31.89037494,8.36,0.28,86.46,-0.87,0.28,5.64,0.01
118.80670779,31.89037509,8.36,0.32,86.46,-0.80,0.28,5.63,-0.00
118.80671078,31.89037524,8.36,0.32,86.48,-0.72,0.28,5.63,-0.02
118.80671377,31.89037538,8.35,0.37,86.48,-0.67,0.27,5.64,-0.01
118.80671675,31.89037553,8.35,0.38,86.47,-0.68,0.28,5.63,0.02
118.80671973,31.89037568,8.35,0.37,86.46,-0.68,0.28,5.63,0.03
118.80672271,31.89037583,8.35,0.35,86.43,-0.67,0.30,5.61,0.03
118.80672569,31.89037599,8.36,0.38,86.40,-0.64,0.29,5.61,0.02
118.80672866,31.89037614,8.36,0.42,86.38,-0.65,0.29,5.62,0.03
118.80673164,31.89037629,8.36,0.44,86.35,-0.70,0.29,5.61,0.04
118.80673461,31.89037644,8.36,0.46,86.31,-0.72,0.29,5.60,0.02
118.80673757,31.89037659,8.36,0.53,86.28,-0.71,0.29,5.60,0.03
118.80674054,31.89037674,8.36,0.53,86.26,-0.73,0.30,5.60,0.03
118.80674350,31.89037690,8.36,0.55,86.24,-0.80,0.31,5.60,0.03
118.80674646,31.89037706,8.36,0.58,86.22,-0.86,0.31,5.59,0.02
118.80674942,31.89037721,8.36,0.64,86.19,-0.88,0.30,5.59,0.01
118.80675238,31.89037737,8.36,0.64,86.16,-0.89,0.31,5.58,0.02
118.80675533,31.89037753,8.36,0.61,86.14,-0.95,0.32,5.58,0.03
118.80675829,31.89037769,8.36,0.63,86.12,-1.03,0.33,5.57,0.03
118.80676124,31.89037785,8.36,0.65,86.09,-1.10,0.33,5.57,-0.00
118.80676419,31.89037801,8.36,0.64,86.08,-1.12,0.33,5.56,-0.02
118.80676714,31.89037816,8.36,0.65,86.05,-1.10,0.33,5.56,-0.03
118.80677009,31.89037831,8.36,0.68,86.00,-1.11,0.33,5.56,0.01
118.80677304,31.89037846,8.37,0.70,85.92,-1.19,0.33,5.56,0.04
118.80677598,31.89037861,8.37,0.69,85.83,-1.20,0.34,5.54,0.01
118.80677892,31.89037877,8.37,0.72,85.71,-1.14,0.35,5.54,-0.03
118.80678186,31.89037893,8.37,0.78,85.56,-1.03,0.36,5.54,-0.05
118.80678480,31.89037910,8.37,0.80,85.38,-0.96,0.38,5.55,-0.03
118.80678774,31.89037928,8.37,0.80,85.14,-0.98,0.40,5.55,0.01
118.80679069,31.89037946,8.37,0.83,84.87,-0.98,0.42,5.54,0.00
118.80679363,31.89037966,8.37,0.85,84.57,-0.93,0.45,5.54,-0.01
118.80679657,31.89037987,8.37,0.82,84.24,-0.86,0.49,5.55,-0.01
118.80679952,31.89038010,8.37,0.80,83.90,-0.84,0.52,5.56,0.01
118.80680247,31.89038034,8.37,0.81,83.55,-0.84,0.56,5.57,0.03
118.80680543,31.89038060,8.37,0.81,83.17,-0.85,0.59,5.59,0.03
118.80680839,31.89038088,8.38,0.78,82.79,-0.79,0.63,5.60,0.01
118.80681137,31.89038117,8.38,0.74,82.38,-0.74,0.67,5.63,0.00
118.80681436,31.89038149,8.38,0.72,81.98,-0.73,0.72,5.64,0.01
118.80681735,31.89038182,8.38,0.71,81.57,-0.71,0.76,5.66,0.02
118.80682035,31.89038218,8.38,0.72,81.17,-0.70,0.81,5.67,0.03
118.80682336,31.89038256,8.38,0.67,80.78,-0.68,0.85,5.69,0.04
118.80682637,31.89038297,8.38,0.64,80.37,-0.66,0.89,5.70,0.03
118.80682939,31.89038340,8.38,0.65,79.96,-0.65,0.94,5.72,0.02
118.80683241,31.89038385,8.39,0.62,79.54,-0.68,0.98,5.72,0.02
118.80683544,31.89038432,8.39,0.58,79.13,-0.65,1.03,5.74,0.01
118.80683848,31.89038481,8.39,0.59,78.73,-0.62,1.08,5.75,0.03
118.80684153,31.89038532,8.39,0.59,78.33,-0.62,1.12,5.77,0.04
118.80684458,31.89038585,8.39,0.56,77.92,-0.65,1.16,5.78,0.03
118.80684764,31.89038640,8.39,0.55,77.52,-0.69,1.21,5.79,0.03
118.80685070,31.89038697,8.39,0.55,77.13,-0.69,1.25,5.80,0.01
118.80685377,31.89038756,8.39,0.57,76.73,-0.68,1.30,5.81,0.01
118.80685685,31.89038817,8.39,0.61,76.36,-0.66,1.34,5.82,0.02
118.80685993,31.89038880,8.39,0.65,75.99,-0.68,1.38,5.84,0.04
118.80686303,31.89038944,8.40,0.65,75.63,-0.73,1.43,5.84,0.03
118.80686612,31.89039011,8.40,0.60,75.27,-0.70,1.47,5.85,0.01
118.80686922,31.89039080,8.40,0.57,74.91,-0.66,1.52,5.86,0.01
118.80687232,31.89039151,8.40,0.55,74.58,-0.62,1.57,5.87,0.01
118.80687543,31.89039224,8.40,0.50,74.26,-0.61,1.61,5.88,0.02
118.80687854,31.89039298,8.40,0.48,73.94,-0.65,1.64,5.88,0.04
118.80688165,31.89039374,8.40,0.50,73.63,-0.65,1.67,5.89,0.02
118.80688476,31.89039451,8.40,0.48,73.34,-0.62,1.70,5.89,0.02
118.80688788,31.89039528,8.41,0.39,73.05,-0.64,1.75,5.89,0.05
118.80689100,31.89039608,8.41,0.30,72.78,-0.69,1.79,5.89,0.04
118.80689411,31.89039689,8.41,0.23,72.52,-0.70,1.82,5.87,0.04
118.80689722,31.89039772,8.41,0.11,72.30,-0.65,1.86,5.86,0.01
118.80690032,31.89039856,8.41,-0.01,72.09,-0.61,1.88,5.85,0.03
118.80690342,31.89039941,8.42,-0.10,71.89,-0.64,1.89,5.86,0.05
118.80690652,31.89040027,8.42,-0.18,71.70,-0.74,1.91,5.84,0.06
118.80690960,31.89040113,8.42,-0.29,71.54,-0.79,1.93,5.83,0.03
118.80691268,31.89040201,8.43,-0.38,71.39,-0.79,1.95,5.82,0.03
118.80691576,31.89040289,8.43,-0.45,71.26,-0.88,1.96,5.82,0.06
118.80691884,31.89040377,8.43,-0.49,71.13,-1.02,1.97,5.81,0.06
118.80692191,31.89040466,8.44,-0.60,71.02,-1.14,1.97,5.80,0.05
118.80692497,31.89040555,8.44,-0.68,70.91,-1.24,1.98,5.78,0.01
118.80692803,31.89040644,8.44,-0.68,70.82,-1.26,1.99,5.77,-0.02
118.80693107,31.89040734,8.44,-0.72,70.75,-1.26,2.00,5.76,0.00
118.80693412,31.89040825,8.44,-0.78,70.70,-1.28,2.00,5.75,0.01
118.80693716,31.89040915,8.44,-0.77,70.66,-1.27,2.00,5.75,-0.00
118.80694020,31.89041004,8.44,-0.79,70.62,-1.24,1.99,5.74,-0.01
118.80694323,31.89041094,8.44,-0.84,70.59,-1.23,1.99,5.74,-0.02
118.80694626,31.89041184,8.44,-0.82,70.56,-1.19,1.99,5.72,-0.05
118.80694928,31.89041274,8.44,-0.82,70.56,-1.17,2.00,5.72,-0.02
118.80695230,31.89041364,8.44,-0.87,70.56,-1.21,2.01,5.72,0.02
118.80695531,31.89041454,8.44,-0.92,70.55,-1.27,2.00,5.71,0.04
118.80695832,31.89041544,8.44,-0.97,70.54,-1.28,2.00,5.70,0.00
118.80696133,31.89041634,8.44,-1.04,70.53,-1.25,2.00,5.69,-0.01
118.80696433,31.89041724,8.44,-1.06,70.52,-1.20,2.00,5.68,-0.03
118.80696733,31.89041814,8.44,-1.03,70.53,-1.16,1.99,5.68,-0.00
118.80697032,31.89041904,8.44,-1.03,70.55,-1.16,1.99,5.68,0.02
118.80697332,31.89041993,8.45,-1.00,70.57,-1.19,1.98,5.67,-0.00
118.80697631,31.89042081,8.45,-1.00,70.60,-1.21,1.97,5.64,-0.01
118.80697929,31.89042170,8.45,-1.10,70.62,-1.18,1.98,5.64,-0.03
118.80698226,31.89042259,8.45,-1.18,70.66,-1.15,1.98,5.63,-0.00
118.80698523,31.89042349,8.45,-1.22,70.72,-1.20,1.98,5.61,0.05
118.80698819,31.89042438,8.45,-1.27,70.78,-1.30,1.96,5.61,0.05
118.80699115,31.89042525,8.45,-1.27,70.85,-1.38,1.94,5.60,0.01
118.80699410,31.89042612,8.45,-1.27,70.93,-1.43,1.92,5.59,-0.01
118.80699705,31.89042698,8.45,-1.28,71.03,-1.49,1.90,5.58,-0.03
118.80699999,31.89042784,8.45,-1.32,71.16,-1.57,1.90,5.55,0.00
118.80700292,31.89042869,8.45,-1.35,71.34,-1.62,1.89,5.53,0.01
118.80700584,31.89042953,8.46,-1.43,71.55,-1.66,1.87,5.51,0.01
118.80700876,31.89043035,8.46,-1.50,71.80,-1.66,1.84,5.50,-0.02
118.80701167,31.89043116,8.45,-1.49,72.10,-1.63,1.79,5.50,-0.04
118.80701458,31.89043194,8.45,-1.54,72.44,-1.59,1.75,5.48,-0.05
118.80701748,31.89043271,8.45,-1.59,72.85,-1.53,1.72,5.48,-0.05
118.80702037,31.89043347,8.45,-1.62,73.32,-1.47,1.67,5.47,-0.03
118.80702327,31.89043420,8.45,-1.64,73.84,-1.42,1.62,5.47,-0.02
118.80702616,31.89043490,8.45,-1.64,74.40,-1.40,1.56,5.45,0.00
118.80702904,31.89043557,8.45,-1.66,74.99,-1.35,1.48,5.45,-0.02
118.80703192,31.89043622,8.45,-1.61,75.63,-1.33,1.41,5.45,-0.01
118.80703480,31.89043683,8.44,-1.63,76.31,-1.35,1.36,5.42,-0.00
118.80703768,31.89043742,8.44,-1.72,77.01,-1.36,1.30,5.42,-0.02
118.80704055,31.89043798,8.44,-1.74,77.75,-1.34,1.22,5.41,0.00
118.80704341,31.89043850,8.45,-1.72,78.49,-1.32,1.14,5.41,0.01
118.80704628,31.89043899,8.45,-1.73,79.23,-1.29,1.05,5.42,0.01
118.80704915,31.89043944,8.45,-1.73,79.96,-1.26,0.98,5.43,0.03
118.80705202,31.89043985,8.45,-1.75,80.69,-1.27,0.91,5.42,0.01
118.80705489,31.89044024,8.45,-1.75,81.40,-1.20,0.84,5.42,-0.04
118.80705777,31.89044060,8.45,-1.73,82.14,-1.12,0.79,5.45,0.05
118.80706065,31.89044093,8.45,-1.74,82.87,-1.10,0.70,5.46,0.02
118.80706355,31.89044123,8.45,-1.78,83.59,-1.09,0.63,5.48,0.02
118.80706644,31.89044150,8.45,-1.74,84.31,-1.12,0.57,5.47,0.03
118.80706934,31.89044173,8.45,-1.74,85.03,-1.10,0.49,5.49,0.00
118.80707225,31.89044194,8.45,-1.78,85.75,-1.08,0.43,5.50,0.00
118.80707516,31.89044212,8.45,-1.83,86.48,-1.10,0.38,5.50,0.02
118.80707807,31.89044227,8.45,-1.82,87.21,-1.10,0.30,5.51,0.03
118.80708098,31.89044239,8.45,-1.79,87.93,-1.08,0.22,5.50,0.04
118.80708390,31.89044248,8.45,-1.82,88.66,-1.07,0.15,5.52,0.02
118.80708681,31.89044253,8.45,-1.87,89.38,-1.12,0.08,5.51,0.01
118.80708973,31.89044255,8.45,-1.81,90.10,-1.13,0.01,5.51,0.00
118.80709265,31.89044253,8.45,-1.80,90.82,-1.12,-0.05,5.51,0.02
118.80709557,31.89044249,8.45,-1.85,91.55,-1.09,-0.12,5.51,0.01
118.80709849,31.89044242,8.45,-1.83,92.26,-1.11,-0.20,5.52,0.02
118.80710141,31.89044232,8.45,-1.81,92.97,-1.09,-0.27,5.52,0.03
118.80710434,31.89044218,8.45,-1.82,93.68,-1.10,-0.34,5.53,0.03
118.80710726,31.89044202,8.45,-1.87,94.39,-1.12,-0.40,5.53,0.01
118.80711019,31.89044182,8.45,-1.87,95.09,-1.09,-0.47,5.53,-0.00
118.80711311,31.89044160,8.45,-1.82,95.79,-1.06,-0.53,5.53,0.02
118.80711603,31.89044134,8.45,-1.82,96.50,-1.06,-0.60,5.53,0.03
118.80711895,31.89044105,8.45,-1.85,97.19,-1.00,-0.68,5.52,0.00
118.80712187,31.89044072,8.45,-1.77,97.86,-0.95,-0.75,5.52,0.04
118.80712479,31.89044036,8.46,-1.75,98.53,-0.95,-0.81,5.51,0.04
118.80712770,31.89043997,8.46,-1.74,99.21,-0.92,-0.88,5.50,0.00
118.80713061,31.89043955,8.46,-1.71,99.88,-0.91,-0.94,5.51,0.02
118.80713352,31.89043910,8.46,-1.70,100.55,-0.96,-1.01,5.49,0.04
118.80713643,31.89043862,8.46,-1.63,101.20,-0.94,-1.08,5.48,0.01
118.80713932,31.89043811,8.46,-1.58,101.84,-0.89,-1.14,5.47,0.03
118.80714222,31.89043757,8.46,-1.58,102.47,-0.90,-1.21,5.46,0.06
118.80714511,31.89043700,8.47,-1.50,103.10,-0.94,-1.27,5.45,0.06
118.80714799,31.89043641,8.47,-1.46,103.71,-0.99,-1.33,5.44,0.04
118.80715087,31.89043579,8.47,-1.42,104.31,-0.99,-1.39,5.42,0.02
118.80715374,31.89043514,8.47,-1.36,104.90,-0.96,-1.45,5.42,0.02
118.80715661,31.89043446,8.47,-1.28,105.46,-0.96,-1.51,5.41,0.03
118.80715947,31.89043376,8.48,-1.21,105.99,-0.98,-1.56,5.40,0.04
118.80716232,31.89043304,8.48,-1.16,106.48,-1.00,-1.61,5.39,0.05
118.80716517,31.89043229,8.48,-1.13,106.92,-0.99,-1.66,5.38,0.02
118.80716802,31.89043153,8.48,-1.07,107.30,-0.99,-1.70,5.38,0.03
118.80717086,31.89043075,8.48,-1.02,107.63,-1.03,-1.74,5.38,0.04
118.80717371,31.89042995,8.49,-0.98,107.89,-1.06,-1.77,5.37,0.03
118.80717654,31.89042914,8.49,-0.92,108.10,-1.05,-1.80,5.37,0.00
118.80717938,31.89042832,8.49,-0.89,108.26,-1.04,-1.82,5.37,0.01
118.80718222,31.89042750,8.49,-0.84,108.36,-1.04,-1.83,5.37,0.02
118.80718506,31.89042667,8.49,-0.77,108.41,-1.04,-1.84,5.37,0.02
118.80718790,31.89042585,8.49,-0.73,108.41,-1.05,-1.85,5.38,0.02
118.80719074,31.89042501,8.49,-0.67,108.35,-1.00,-1.85,5.38,0.01
118.80719358,31.89042418,8.49,-0.61,108.25,-0.97,-1.85,5.39,0.01
118.80719643,31.89042335,8.49,-0.52,108.10,-0.98,-1.84,5.40,0.02
118.80719928,31.89042253,8.49,-0.41,107.92,-0.99,-1.83,5.41,0.01
118.80720214,31.89042171,8.49,-0.27,107.71,-0.97,-1.82,5.41,0.01
118.80720500,31.89042090,8.49,-0.17,107.47,-0.97,-1.79,5.43,0.01
118.80720788,31.89042010,8.49,-0.12,107.21,-0.98,-1.77,5.45,0.01
118.80721076,31.89041931,8.49,-0.03,106.92,-1.00,-1.74,5.46,0.03
118.80721365,31.89041853,8.49,0.01,106.62,-1.02,-1.71,5.47,0.02
118.80721654,31.89041777,8.49,0.07,106.32,-1.01,-1.68,5.49,0.01
118.80721944,31.89041702,8.49,0.15,106.01,-1.03,-1.66,5.50,0.01
118.80722235,31.89041628,8.49,0.26,105.70,-1.04,-1.63,5.52,0.02
118.80722527,31.89041555,8.49,0.31,105.38,-1.07,-1.61,5.53,0.02
118.80722819,31.89041483,8.49,0.34,105.03,-1.08,-1.57,5.54,0.00
118.80723112,31.89041413,8.49,0.43,104.67,-1.04,-1.53,5.55,-0.01
118.80723406,31.89041345,8.49,0.49,104.31,-1.01,-1.50,5.57,0.00
118.80723701,31.89041278,8.49,0.48,103.95,-1.02,-1.46,5.59,0.02
118.80723997,31.89041213,8.49,0.51,103.58,-1.03,-1.42,5.60,0.01
118.80724293,31.89041150,8.49,0.54,103.20,-1.02,-1.39,5.61,0.03
118.80724589,31.89041088,8.49,0.59,102.80,-1.03,-1.35,5.62,0.01
118.80724886,31.89041028,8.49,0.62,102.40,-1.01,-1.31,5.63,-0.00
118.80725184,31.89040969,8.50,0.61,101.98,-1.01,-1.27,5.64,0.01
118.80725482,31.89040913,8.50,0.62,101.55,-1.06,-1.23,5.65,0.02
118.80725781,31.89040858,8.50,0.65,101.11,-1.10,-1.18,5.66,0.01
118.80726080,31.89040806,8.50,0.62,100.65,-1.10,-1.14,5.68,0.01
118.80726381,31.89040756,8.50,0.59,100.18,-1.13,-1.09,5.69,0.02
118.80726681,31.89040707,8.50,0.63,99.70,-1.15,-1.05,5.69,0.02
118.80726982,31.89040661,8.50,0.66,99.21,-1.14,-1.01,5.71,0.01
118.80727284,31.89040616,8.50,0.66,98.72,-1.14,-0.96,5.72,0.00
118.80727586,31.89040574,8.50,0.65,98.23,-1.15,-0.90,5.73,-0.01
118.80727889,31.89040535,8.50,0.64,97.73,-1.16,-0.85,5.73,-0.02
118.80728192,31.89040498,8.50,0.66,97.24,-1.13,-0.80,5.74,-0.00
118.80728495,31.89040462,8.50,0.70,96.74,-1.07,-0.76,5.75,0.01
118.80728800,31.89040429,8.50,0.69,96.25,-1.07,-0.71,5.77,0.03
118.80729105,31.89040398,8.51,0.67,95.75,-1.16,-0.66,5.78,0.02
118.80729410,31.89040369,8.51,0.70,95.24,-1.22,-0.61,5.77,-0.01
118.80729715,31.89040344,8.51,0.70,94.75,-1.21,-0.56,5.78,-0.02
118.80730021,31.89040321,8.50,0.64,94.27,-1.15,-0.50,5.78,-0.00
118.80730327,31.89040300,8.51,0.66,93.77,-1.13,-0.46,5.79,0.05
118.80730634,31.89040281,8.51,0.74,93.27,-1.15,-0.42,5.79,0.05
118.80730940,31.89040265,8.51,0.71,92.78,-1.13,-0.36,5.79,0.01
118.80731247,31.89040251,8.51,0.67,92.28,-1.08,-0.30,5.79,-0.03
118.80731554,31.89040239,8.51,0.69,91.79,-1.03,-0.25,5.80,-0.04
118.80731861,31.89040230,8.50,0.67,91.31,-1.02,-0.19,5.80,0.01
118.80732168,31.89040223,8.50,0.65,90.84,-1.07,-0.15,5.80,0.05
118.80732475,31.89040218,8.51,0.65,90.37,-1.12,-0.10,5.80,0.06
118.80732782,31.89040215,8.51,0.69,89.90,-1.14,-0.06,5.79,0.04
118.80733089,31.89040214,8.51,0.70,89.43,-1.15,-0.01,5.79,0.01
118.80733396,31.89040215,8.51,0.67,88.96,-1.16,0.04,5.79,-0.00
118.80733702,31.89040219,8.51,0.65,88.51,-1.17,0.10,5.79,0.00
118.80734009,31.89040225,8.51,0.64,88.08,-1.13,0.14,5.78,0.01
118.80734315,31.89040233,8.51,0.64,87.66,-1.06,0.18,5.78,0.01
118.80734621,31.89040242,8.51,0.65,87.23,-1.00,0.22,5.78,0.00
118.80734927,31.89040253,8.51,0.68,86.79,-0.95,0.26,5.78,-0.01
118.80735234,31.89040267,8.51,0.68,86.32,-0.96,0.30,5.78,0.02
118.80735539,31.89040282,8.51,0.68,85.85,-0.96,0.35,5.77,0.02
118.80735845,31.89040299,8.51,0.64,85.40,-0.93,0.41,5.76,0.03
118.80736151,31.89040319,8.51,0.63,84.93,-0.92,0.46,5.76,0.04
118.80736456,31.89040340,8.51,0.67,84.46,-0.96,0.51,5.76,0.04
118.80736761,31.89040364,8.52,0.67,83.99,-0.97,0.55,5.75,0.02
118.80737066,31.89040389,8.52,0.66,83.52,-0.97,0.59,5.75,0.03
118.80737370,31.89040417,8.52,0.61,83.04,-0.99,0.65,5.74,0.03
118.80737674,31.89040447,8.52,0.59,82.57,-1.00,0.70,5.73,0.04
118.80737977,31.89040479,8.52,0.59,82.10,-1.01,0.75,5.73,0.04
118.80738280,31.89040514,8.52,0.55,81.63,-1.03,0.79,5.72,0.02
118.80738583,31.89040550,8.52,0.62,81.16,-1.00,0.82,5.71,-0.00
118.80738885,31.89040588,8.52,0.68,80.68,-0.98,0.86,5.71,0.01
118.80739187,31.89040628,8.52,0.63,80.19,-0.99,0.92,5.69,0.03
118.80739488,31.89040670,8.53,0.62,79.71,-0.98,0.98,5.67,0.03
118.80739788,31.89040715,8.53,0.59,79.24,-0.93,1.03,5.67,0.02
118.80740088,31.89040763,8.53,0.58,78.77,-0.89,1.08,5.66,0.04
118.80740387,31.89040812,8.53,0.56,78.29,-0.89,1.12,5.65,0.03
118.80740686,31.89040863,8.53,0.62,77.80,-0.88,1.14,5.64,0.02
118.80740984,31.89040915,8.53,0.67,77.31,-0.87,1.19,5.63,0.03
118.80741282,31.89040970,8.53,0.64,76.83,-0.86,1.24,5.61,0.04
118.80741579,31.89041027,8.53,0.65,76.36,-0.85,1.30,5.60,0.03
118.80741874,31.89041087,8.54,0.66,75.89,-0.82,1.35,5.58,0.04
118.80742169,31.89041148,8.54,0.63,75.41,-0.85,1.39,5.57,0.04
118.80742463,31.89041211,8.54,0.65,74.94,-0.88,1.43,5.55,0.03
118.80742756,31.89041276,8.54,0.66,74.46,-0.87,1.47,5.54,0.03
118.80743049,31.89041343,8.54,0.66,73.99,-0.91,1.52,5.53,0.05
118.80743341,31.89041412,8.55,0.66,73.51,-0.97,1.57,5.51,0.03
118.80743631,31.89041483,8.55,0.68,73.05,-0.97,1.61,5.50,0.03
118.80743921,31.89041557,8.55,0.66,72.58,-0.99,1.66,5.48,0.04
118.80744210,31.89041631,8.55,0.69,72.11,-1.03,1.70,5.46,0.03
118.80744498,31.89041708,8.55,0.70,71.63,-1.05,1.74,5.44,0.02
118.80744784,31.89041787,8.55,0.65,71.16,-1.06,1.78,5.42,0.02
118.80745070,31.89041868,8.55,0.66,70.70,-1.04,1.82,5.39,-0.00
118.80745354,31.89041951,8.55,0.66,70.26,-0.97,1.87,5.37,0.01
118.80745637,31.89042036,8.56,0.62,69.81,-0.96,1.91,5.35,0.04
118.80745918,31.89042122,8.56,0.63,69.37,-0.95,1.95,5.32,0.02
118.80746199,31.89042210,8.56,0.59,68.94,-0.89,1.98,5.30,0.01
118.80746478,31.89042300,8.56,0.54,68.50,-0.85,2.03,5.27,0.01
118.80746756,31.89042392,8.56,0.46,68.08,-0.81,2.07,5.25,0.01
118.80747033,31.89042486,8.56,0.38,67.68,-0.80,2.11,5.23,0.03
118.80747308,31.89042582,8.56,0.28,67.29,-0.82,2.15,5.21,0.05
118.80747583,31.89042679,8.56,0.17,66.92,-0.87,2.18,5.18,0.06
118.80747856,31.89042778,8.57,0.11,66.56,-0.92,2.21,5.16,0.06
118.80748128,31.89042878,8.57,0.04,66.23,-0.96,2.23,5.14,0.05
118.80748400,31.89042979,8.57,-0.04,65.93,-1.02,2.25,5.13,0.05
118.80748670,31.89043081,8.58,-0.10,65.66,-1.05,2.28,5.11,0.03
118.80748939,31.89043185,8.58,-0.18,65.43,-1.06,2.31,5.09,0.02
118.80749208,31.89043290,8.58,-0.30,65.24,-1.09,2.33,5.07,0.02
118.80749475,31.89043395,8.58,-0.36,65.08,-1.12,2.35,5.05,0.02
118.80749742,31.89043501,8.58,-0.47,64.94,-1.11,2.35,5.04,0.02
118.80750008,31.89043607,8.58,-0.55,64.83,-1.13,2.36,5.04,0.03
118.80750274,31.89043713,8.58,-0.62,64.77,-1.17,2.36,5.03,0.01
118.80750540,31.89043820,8.59,-0.66,64.75,-1.21,2.36,5.03,0.02
118.80750805,31.89043926,8.59,-0.70,64.77,-1.26,2.36,5.02,0.01
118.80751070,31.89044033,8.59,-0.75,64.81,-1.30,2.36,5.02,0.01
118.80751335,31.89044139,8.59,-0.81,64.87,-1.33,2.34,5.02,0.01
118.80751600,31.89044244,8.59,-0.84,64.93,-1.37,2.34,5.01,0.02
118.80751864,31.89044350,8.59,-0.93,65.00,-1.44,2.34,5.01,0.01
118.80752129,31.89044455,8.59,-0.96,65.07,-1.44,2.33,5.01,-0.03
118.80752393,31.89044560,8.59,-1.02,65.16,-1.43,2.33,5.01,-0.02
118.80752658,31.89044664,8.59,-1.10,65.27,-1.47,2.32,5.01,-0.02
118.80752923,31.89044768,8.59,-1.12,65.40,-1.49,2.30,5.01,-0.02
118.80753188,31.89044870,8.59,-1.17,65.55,-1.50,2.29,5.01,0.00
118.80753453,31.89044971,8.59,-1.27,65.72,-1.49,2.27,5.01,0.00
118.80753719,31.89045072,8.59,-1.32,65.92,-1.47,2.25,5.02,-0.01
118.80753984,31.89045172,8.58,-1.32,66.16,-1.46,2.23,5.02,-0.03
118.80754250,31.89045271,8.58,-1.43,66.46,-1.47,2.22,5.02,-0.02
118.80754516,31.89045369,8.58,-1.53,66.79,-1.48,2.19,5.03,-0.03
118.80754783,31.89045466,8.58,-1.56,67.16,-1.48,2.15,5.04,-0.03
118.80755050,31.89045561,8.58,-1.62,67.57,-1.47,2.11,5.05,-0.02
118.80755317,31.89045654,8.57,-1.71,68.03,-1.44,2.07,5.07,-0.01
118.80755586,31.89045745,8.57,-1.77,68.53,-1.45,2.02,5.08,0.00
118.80755855,31.89045835,8.57,-1.77,69.07,-1.45,1.98,5.09,-0.01
118.80756125,31.89045922,8.57,-1.81,69.65,-1.44,1.92,5.11,-0.02
118.80756396,31.89046006,8.57,-1.83,70.24,-1.43,1.86,5.13,-0.02
118.80756668,31.89046088,8.57,-1.80,70.83,-1.43,1.80,5.15,-0.02
118.80756941,31.89046167,8.57,-1.81,71.40,-1.43,1.74,5.18,-0.00
118.80757215,31.89046244,8.57,-1.82,71.98,-1.46,1.69,5.19,-0.00
118.80757490,31.89046318,8.57,-1.81,72.56,-1.46,1.64,5.19,-0.02
118.80757765,31.89046390,8.57,-1.78,73.14,-1.45,1.59,5.21,-0.02
118.80758042,31.89046460,8.56,-1.81,73.74,-1.47,1.54,5.23,-0.01
118.80758319,31.89046528,8.56,-1.83,74.34,-1.51,1.48,5.24,-0.00
118.80758597,31.89046593,8.56,-1.84,74.95,-1.51,1.43,5.26,-0.00
118.80758877,31.89046656,8.56,-1.85,75.56,-1.51,1.37,5.27,-0.01
118.80759157,31.89046717,8.56,-1.92,76.19,-1.51,1.32,5.29,-0.02
118.80759437,31.89046775,8.56,-1.90,76.83,-1.50,1.26,5.30,-0.04
118.80759719,31.89046830,8.56,-1.89,77.48,-1.48,1.20,5.32,-0.01
118.80760002,31.89046883,8.56,-1.92,78.14,-1.47,1.13,5.34,-0.03
118.80760285,31.89046932,8.56,-1.92,78.79,-1.44,1.07,5.36,-0.02
118.80760570,31.89046979,8.56,-1.92,79.44,-1.45,1.01,5.38,0.00
118.80760855,31.89047023,8.56,-1.96,80.08,-1.45,0.96,5.39,-0.00
118.80761140,31.89047065,8.56,-1.99,80.74,-1.42,0.90,5.40,-0.02
118.80761426,31.89047104,8.56,-1.98,81.39,-1.39,0.83,5.41,-0.03
118.80761713,31.89047140,8.56,-1.95,82.05,-1.40,0.77,5.43,-0.01
118.80762001,31.89047173,8.55,-2.00,82.71,-1.40,0.70,5.43,-0.02
118.80762289,31.89047203,8.55,-2.02,83.36,-1.37,0.65,5.44,-0.01
118.80762577,31.89047231,8.55,-2.02,84.02,-1.35,0.58,5.46,0.01
118.80762866,31.89047256,8.55,-2.05,84.67,-1.35,0.53,5.46,0.01
118.80763156,31.89047279,8.55,-2.09,85.33,-1.37,0.47,5.47,0.01
118.80763446,31.89047298,8.55,-2.09,86.00,-1.41,0.40,5.47,-0.01
118.80763736,31.89047314,8.55,-2.06,86.65,-1.37,0.31,5.48,-0.04
118.80764026,31.89047328,8.55,-1.98,87.29,-1.36,0.25,5.49,-0.01
118.80764317,31.89047338,8.55,-1.94,87.95,-1.38,0.19,5.50,0.01
118.80764608,31.89047346,8.55,-2.01,88.60,-1.45,0.14,5.50,0.02
118.80764899,31.89047352,8.55,-2.01,89.26,-1.52,0.09,5.50,0.01
118.80765190,31.89047355,8.55,-1.99,89.93,-1.51,0.03,5.50,-0.02
118.80765482,31.89047355,8.55,-2.01,90.60,-1.47,-0.04,5.50,-0.03
118.80765773,31.89047352,8.55,-1.98,91.26,-1.45,-0.12,5.51,-0.02
118.80766065,31.89047346,8.55,-1.97,91.92,-1.46,-0.18,5.51,0.01
118.80766356,31.89047336,8.54,-1.91,92.57,-1.45,-0.25,5.50,-0.00
118.80766647,31.89047324,8.54,-1.90,93.23,-1.40,-0.31,5.50,-0.02
118.80766939,31.89047310,8.54,-1.94,93.91,-1.34,-0.36,5.51,-0.03
118.80767230,31.89047292,8.54,-1.91,94.58,-1.32,-0.42,5.50,-0.01
118.80767521,31.89047272,8.54,-1.88,95.24,-1.28,-0.49,5.49,-0.02
118.80767811,31.89047249,8.54,-1.89,95.90,-1.20,-0.56,5.49,0.00
118.80768102,31.89047223,8.54,-1.91,96.56,-1.18,-0.62,5.49,0.02
118.80768392,31.89047194,8.54,-1.93,97.23,-1.20,-0.68,5.48,0.00
118.80768682,31.89047162,8.53,-1.95,97.89,-1.22,-0.74,5.47,-0.01
118.80768971,31.89047127,8.53,-1.89,98.56,-1.25,-0.81,5.47,-0.01
118.80769260,31.89047090,8.53,-1.82,99.21,-1.27,-0.88,5.45,0.01
118.80769549,31.89047049,8.53,-1.81,99.86,-1.26,-0.95,5.45,0.02
118.80769836,31.89047004,8.53,-1.76,100.51,-1.27,-1.01,5.44,0.04
118.80770123,31.89046957,8.53,-1.77,101.16,-1.26,-1.06,5.43,0.02
118.80770409,31.89046908,8.53,-1.78,101.80,-1.27,-1.11,5.42,-0.00
118.80770694,31.89046856,8.53,-1.78,102.45,-1.28,-1.16,5.41,-0.01
118.80770979,31.89046802,8.53,-1.86,103.09,-1.27,-1.23,5.39,-0.01
118.80771263,31.89046744,8.53,-1.78,103.70,-1.19,-1.31,5.37,-0.03
118.80771546,31.89046684,8.53,-1.65,104.30,-1.16,-1.37,5.36,0.02
118.80771829,31.89046620,8.53,-1.68,104.90,-1.18,-1.44,5.35,0.04
118.80772111,31.89046554,8.53,-1.67,105.48,-1.20,-1.48,5.33,0.00
118.80772392,31.89046486,8.53,-1.62,106.05,-1.20,-1.53,5.32,0.00
118.80772672,31.89046415,8.53,-1.58,106.60,-1.21,-1.58,5.31,-0.00
118.80772952,31.89046343,8.53,-1.57,107.11,-1.20,-1.64,5.29,-0.00
118.80773231,31.89046267,8.53,-1.51,107.58,-1.17,-1.69,5.27,0.02
118.80773509,31.89046190,8.53,-1.43,108.00,-1.17,-1.74,5.26,0.04
118.80773787,31.89046110,8.53,-1.32,108.38,-1.20,-1.79,5.25,0.02
118.80774064,31.89046029,8.53,-1.20,108.71,-1.27,-1.82,5.25,0.02
118.80774340,31.89045945,8.53,-1.08,108.98,-1.34,-1.86,5.23,0.00
118.80774616,31.89045861,8.53,-0.95,109.18,-1.32,-1.88,5.22,-0.01
118.80774892,31.89045775,8.53,-0.81,109.32,-1.26,-1.90,5.22,-0.02
118.80775167,31.89045689,8.53,-0.70,109.41,-1.26,-1.91,5.22,0.00
118.80775443,31.89045604,8.53,-0.66,109.45,-1.26,-1.91,5.22,-0.00
118.80775719,31.89045519,8.53,-0.57,109.44,-1.28,-1.91,5.22,-0.00
118.80775995,31.89045434,8.52,-0.47,109.40,-1.29,-1.91,5.23,-0.01
118.80776271,31.89045349,8.52,-0.41,109.32,-1.28,-1.90,5.23,-0.01
118.80776548,31.89045264,8.52,-0.31,109.21,-1.30,-1.90,5.23,0.00
118.80776824,31.89045179,8.52,-0.21,109.08,-1.34,-1.88,5.23,0.01
118.80777101,31.89045096,8.52,-0.16,108.93,-1.38,-1.86,5.24,-0.00
118.80777378,31.89045013,8.52,-0.10,108.77,-1.38,-1.84,5.24,-0.02
118.80777655,31.89044931,8.52,-0.05,108.59,-1.39,-1.83,5.25,-0.01
118.80777933,31.89044850,8.52,0.00,108.37,-1.44,-1.81,5.26,-0.01
118.80778211,31.89044769,8.52,0.04,108.11,-1.52,-1.80,5.26,-0.01
118.80778490,31.89044689,8.52,0.08,107.83,-1.56,-1.77,5.27,-0.02
118.80778768,31.89044611,8.52,0.20,107.51,-1.53,-1.75,5.27,-0.03
118.80779047,31.89044533,8.51,0.23,107.16,-1.54,-1.71,5.29,-0.02
118.80779327,31.89044457,8.51,0.28,106.77,-1.59,-1.68,5.31,-0.04
118.80779608,31.89044383,8.51,0.39,106.36,-1.66,-1.64,5.32,-0.02
118.80779889,31.89044310,8.51,0.44,105.92,-1.70,-1.61,5.32,-0.03
118.80780171,31.89044239,8.51,0.46,105.46,-1.69,-1.56,5.34,-0.04
118.80780453,31.89044171,8.50,0.46,105.00,-1.67,-1.50,5.35,-0.04
118.80780736,31.89044105,8.50,0.48,104.52,-1.66,-1.46,5.36,-0.03
118.80781019,31.89044041,8.50,0.51,104.06,-1.65,-1.41,5.37,-0.03
118.80781303,31.89043979,8.50,0.50,103.59,-1.60,-1.36,5.38,-0.06
118.80781587,31.89043919,8.49,0.48,103.11,-1.57,-1.32,5.39,-0.06
118.80781872,31.89043861,8.49,0.48,102.63,-1.57,-1.28,5.40,-0.04
118.80782158,31.89043806,8.49,0.52,102.14,-1.58,-1.24,5.40,-0.03
118.80782443,31.89043751,8.49,0.57,101.64,-1.55,-1.19,5.41,-0.05
118.80782730,31.89043700,8.49,0.54,101.14,-1.52,-1.13,5.42,-0.03
118.80783016,31.89043650,8.48,0.55,100.63,-1.53,-1.09,5.43,-0.02
118.80783304,31.89043603,8.48,0.61,100.10,-1.55,-1.04,5.44,-0.02
118.80783591,31.89043557,8.48,0.61,99.56,-1.58,-0.99,5.45,-0.02
118.80783879,31.89043515,8.48,0.59,99.01,-1.59,-0.93,5.45,-0.04
118.80784167,31.89043474,8.48,0.63,98.44,-1.56,-0.87,5.45,-0.05
118.80784455,31.89043437,8.48,0.65,97.87,-1.52,-0.82,5.46,-0.04
118.80784744,31.89043401,8.47,0.64,97.30,-1.51,-0.77,5.46,-0.03
118.80785033,31.89043368,8.47,0.63,96.73,-1.49,-0.71,5.47,-0.03
118.80785322,31.89043338,8.47,0.65,96.16,-1.52,-0.66,5.48,-0.01
118.80785612,31.89043310,8.47,0.68,95.58,-1.55,-0.61,5.47,-0.03
118.80785901,31.89043284,8.47,0.73,95.00,-1.49,-0.56,5.47,-0.06
118.80786190,31.89043261,8.47,0.77,94.42,-1.44,-0.50,5.48,-0.03
118.80786480,31.89043240,8.46,0.79,93.84,-1.46,-0.45,5.48,-0.02
118.80786770,31.89043221,8.46,0.82,93.26,-1.49,-0.38,5.48,-0.03
118.80787061,31.89043206,8.46,0.78,92.68,-1.47,-0.32,5.48,-0.03
118.80787351,31.89043193,8.46,0.76,92.11,-1.45,-0.26,5.49,-0.02
118.80787642,31.89043183,8.46,0.79,91.53,-1.45,-0.21,5.48,-0.03
118.80787932,31.89043174,8.46,0.84,90.95,-1.41,-0.16,5.47,-0.03
118.80788222,31.89043168,8.46,0.84,90.39,-1.37,-0.11,5.47,-0.01
118.80788512,31.89043165,8.46,0.84,89.82,-1.36,-0.05,5.47,-0.02
118.80788802,31.89043164,8.46,0.85,89.26,-1.36,0.01,5.48,-0.03
118.80789091,31.89043166,8.45,0.83,88.72,-1.36,0.07,5.47,-0.02
118.80789381,31.89043170,8.45,0.79,88.21,-1.35,0.13,5.46,-0.01
118.80789669,31.89043177,8.45,0.80,87.72,-1.33,0.17,5.45,-0.01
118.80789958,31.89043186,8.45,0.83,87.26,-1.31,0.21,5.45,-0.00
118.80790247,31.89043196,8.45,0.81,86.82,-1.33,0.25,5.45,0.01
118.80790535,31.89043208,8.45,0.83,86.42,-1.37,0.29,5.44,-0.01
118.80790822,31.89043222,8.45,0.82,86.05,-1.36,0.33,5.43,-0.03
118.80791110,31.89043238,8.45,0.79,85.71,-1.35,0.36,5.42,-0.03
118.80791397,31.89043255,8.45,0.83,85.41,-1.33,0.40,5.42,-0.02
118.80791684,31.89043274,8.45,0.81,85.15,-1.36,0.42,5.41,0.00
118.80791970,31.89043293,8.45,0.78,84.90,-1.40,0.45,5.40,-0.00
118.80792256,31.89043314,8.45,0.76,84.68,-1.38,0.47,5.39,-0.02
118.80792541,31.89043336,8.45,0.71,84.50,-1.37,0.49,5.40,-0.01
118.80792827,31.89043359,8.45,0.68,84.34,-1.37,0.51,5.39,-0.01
118.80793112,31.89043384,8.45,0.63,84.22,-1.37,0.53,5.38,-0.01
118.80793396,31.89043408,8.45,0.60,84.13,-1.31,0.54,5.37,-0.02
118.80793680,31.89043433,8.45,0.56,84.05,-1.25,0.55,5.36,-0.01
118.80793964,31.89043459,8.45,0.49,84.00,-1.20,0.55,5.36,-0.01
118.80794248,31.89043484,8.45,0.48,83.95,-1.19,0.55,5.36,-0.02
118.80794531,31.89043510,8.45,0.47,83.92,-1.19,0.55,5.35,-0.01
118.80794814,31.89043535,8.45,0.42,83.89,-1.15,0.56,5.35,-0.01
118.80795097,31.89043561,8.45,0.39,83.87,-1.14,0.57,5.35,-0.00
118.80795380,31.89043587,8.45,0.37,83.85,-1.17,0.56,5.35,0.02
118.80795663,31.89043613,8.45,0.36,83.82,-1.24,0.56,5.34,0.03
118.80795945,31.89043639,8.46,0.33,83.80,-1.26,0.57,5.32,0.02
118.80796226,31.89043665,8.46,0.31,83.77,-1.27,0.56,5.32,0.00
118.80796508,31.89043691,8.46,0.31,83.74,-1.29,0.56,5.32,-0.00
118.80796789,31.89043717,8.46,0.32,83.72,-1.32,0.57,5.31,-0.00
118.80797070,31.89043743,8.46,0.33,83.71,-1.36,0.57,5.31,0.00
118.80797351,31.89043769,8.46,0.34,83.69,-1.36,0.57,5.30,-0.01
118.80797631,31.89043795,8.46,0.36,83.67,-1.37,0.57,5.30,-0.01
118.80797912,31.89043822,8.46,0.36,83.65,-1.39,0.57,5.29,-0.01
118.80798192,31.89043847,8.46,0.38,83.63,-1.42,0.57,5.30,0.01
118.80798472,31.89043873,8.46,0.38,83.60,-1.43,0.58,5.29,-0.00
118.80798752,31.89043898,8.46,0.34,83.59,-1.42,0.59,5.29,-0.01
118.80799032,31.89043924,8.46,0.35,83.57,-1.40,0.59,5.29,-0.02
118.80799312,31.89043950,8.46,0.37,83.56,-1.38,0.58,5.28,-0.02
118.80799591,31.89043975,8.46,0.37,83.54,-1.37,0.58,5.28,-0.01
118.80799871,31.89044001,8.46,0.38,83.52,-1.36,0.57,5.28,-0.01
118.80800151,31.89044026,8.46,0.40,83.50,-1.33,0.58,5.29,-0.01
118.80800430,31.89044052,8.46,0.38,83.48,-1.35,0.59,5.29,-0.00
118.80800710,31.89044078,8.46,0.34,83.47,-1.37,0.60,5.28,-0.01
118.80800989,31.89044105,8.46,0.31,83.46,-1.35,0.61,5.28,-0.01
118.80801269,31.89044132,8.46,0.31,83.45,-1.33,0.60,5.28,0.00
118.80801548,31.89044158,8.46,0.28,83.44,-1.30,0.60,5.29,0.00
118.80801828,31.89044184,8.46,0.30,83.43,-1.31,0.59,5.29,-0.00
118.80802108,31.89044210,8.46,0.32,83.41,-1.33,0.59,5.30,-0.01
118.80802388,31.89044237,8.46,0.29,83.40,-1.34,0.59,5.30,-0.01
118.80802669,31.89044263,8.46,0.27,83.39,-1.31,0.60,5.30,-0.01
118.80802949,31.89044290,8.46,0.28,83.38,-1.31,0.60,5.30,0.01
118.80803230,31.89044317,8.46,0.26,83.37,-1.35,0.61,5.31,0.01
118.80803510,31.89044344,8.46,0.22,83.36,-1.37,0.60,5.31,0.00
118.80803791,31.89044371,8.46,0.25,83.35,-1.40,0.60,5.31,-0.01
118.80804073,31.89044397,8.46,0.26,83.34,-1.39,0.60,5.31,-0.02
118.80804354,31.89044425,8.45,0.24,83.34,-1.37,0.61,5.31,-0.02
118.80804636,31.89044452,8.45,0.23,83.33,-1.37,0.61,5.32,0.00
118.80804918,31.89044479,8.45,0.26,83.32,-1.39,0.61,5.33,0.01
118.80805199,31.89044507,8.45,0.23,83.32,-1.39,0.61,5.33,-0.01
118.80805481,31.89044534,8.45,0.20,83.31,-1.38,0.61,5.33,-0.02
118.80805764,31.89044562,8.45,0.22,83.30,-1.38,0.61,5.33,-0.03
118.80806046,31.89044589,8.45,0.23,83.29,-1.35,0.61,5.33,-0.02
118.80806328,31.89044616,8.45,0.21,83.29,-1.32,0.61,5.33,-0.00
118.80806611,31.89044644,8.45,0.21,83.28,-1.30,0.61,5.34,0.01
118.80806894,31.89044672,8.45,0.21,83.27,-1.31,0.62,5.34,-0.00
118.80807176,31.89044699,8.45,0.21,83.26,-1.29,0.61,5.34,-0.03
118.80807459,31.89044727,8.44,0.23,83.25,-1.26,0.61,5.34,-0.02
118.80807742,31.89044754,8.44,0.27,83.25,-1.25,0.61,5.35,-0.02
118.80808025,31.89044782,8.44,0.25,83.24,-1.26,0.62,5.35,-0.00
118.80808309,31.89044810,8.44,0.22,83.23,-1.29,0.62,5.35,0.00
118.80808592,31.89044838,8.44,0.25,83.23,-1.31,0.63,5.35,0.01
118.80808876,31.89044866,8.44,0.25,83.23,-1.32,0.62,5.35,-0.01
118.80809159,31.89044894,8.44,0.22,83.22,-1.32,0.62,5.36,-0.01
118.80809443,31.89044922,8.44,0.22,83.22,-1.35,0.62,5.36,0.00
118.80809727,31.89044948,8.44,0.26,83.21,-1.36,0.62,5.36,-0.01
118.80810011,31.89044975,8.44,0.28,83.20,-1.36,0.62,5.37,-0.00
118.80810296,31.89045002,8.44,0.26,83.20,-1.37,0.62,5.37,-0.01
118.80810580,31.89045029,8.44,0.28,83.19,-1.37,0.62,5.37,-0.01
118.80810865,31.89045057,8.44,0.30,83.18,-1.36,0.63,5.38,-0.01
118.80811149,31.89045084,8.44,0.29,83.17,-1.35,0.63,5.38,-0.00
118.80811434,31.89045111,8.44,0.31,83.16,-1.32,0.62,5.38,-0.02
118.80811719,31.89045138,8.44,0.32,83.16,-1.30,0.62,5.39,-0.02
118.80812004,31.89045166,8.43,0.30,83.16,-1.32,0.63,5.39,-0.01
118.80812289,31.89045193,8.43,0.29,83.17,-1.32,0.63,5.39,-0.03
118.80812575,31.89045221,8.43,0.34,83.19,-1.29,0.62,5.40,-0.02
118.80812860,31.89045248,8.43,0.34,83.21,-1.29,0.62,5.40,0.01
118.80813146,31.89045275,8.43,0.28,83.24,-1.31,0.62,5.40,0.01
118.80813431,31.89045303,8.43,0.30,83.26,-1.34,0.62,5.40,-0.01
118.80813717,31.89045330,8.43,0.31,83.29,-1.35,0.62,5.40,-0.00
118.80814003,31.89045357,8.43,0.25,83.31,-1.37,0.62,5.40,-0.02
118.80814289,31.89045384,8.43,0.24,83.34,-1.33,0.62,5.40,-0.03
118.80814575,31.89045411,8.43,0.27,83.37,-1.32,0.61,5.41,-0.01
118.80814862,31.89045438,8.43,0.28,83.41,-1.36,0.60,5.42,0.01
118.80815148,31.89045464,8.43,0.29,83.45,-1.37,0.59,5.42,-0.01
118.80815435,31.89045489,8.43,0.31,83.50,-1.38,0.59,5.42,-0.01
118.80815721,31.89045514,8.42,0.31,83.54,-1.39,0.59,5.42,-0.02
118.80816008,31.89045540,8.42,0.28,83.59,-1.38,0.59,5.42,-0.03
118.80816295,31.89045565,8.42,0.29,83.64,-1.35,0.59,5.43,-0.01
118.80816582,31.89045590,8.42,0.26,83.68,-1.38,0.58,5.43,0.01
118.80816869,31.89045615,8.42,0.26,83.72,-1.37,0.57,5.43,-0.01
118.80817156,31.89045639,8.42,0.30,83.76,-1.33,0.56,5.44,-0.02
118.80817444,31.89045663,8.41,0.34,83.81,-1.33,0.55,5.45,-0.02
118.80817731,31.89045687,8.41,0.33,83.85,-1.34,0.55,5.45,-0.03
118.80818019,31.89045710,8.41,0.33,83.90,-1.34,0.55,5.44,-0.02
118.80818307,31.89045734,8.41,0.34,83.95,-1.33,0.55,5.45,-0.00
118.80818594,31.89045758,8.41,0.36,84.00,-1.33,0.54,5.44,-0.00
118.80818881,31.89045781,8.41,0.34,84.06,-1.32,0.54,5.44,-0.01
118.80819168,31.89045804,8.40,0.34,84.12,-1.30,0.52,5.43,-0.02
118.80819455,31.89045826,8.40,0.42,84.16,-1.31,0.51,5.43,-0.01
118.80819741,31.89045848,8.40,0.40,84.22,-1.32,0.51,5.40,-0.02
118.80820027,31.89045870,8.40,0.39,84.27,-1.30,0.51,5.40,-0.02
118.80820312,31.89045892,8.40,0.43,84.33,-1.29,0.50,5.39,-0.00
118.80820596,31.89045914,8.40,0.42,84.38,-1.30,0.49,5.37,0.00
118.80820880,31.89045936,8.40,0.42,84.43,-1.29,0.48,5.36,-0.01
118.80821164,31.89045959,8.40,0.46,84.49,-1.23,0.47,5.34,0.00
118.80821447,31.89045981,8.40,0.50,84.54,-1.19,0.46,5.33,0.01
118.80821730,31.89046002,8.39,0.59,84.59,-1.18,0.46,5.32,0.00
118.80822012,31.89046024,8.39,0.55,84.65,-1.21,0.46,5.29,0.00
118.80822292,31.89046046,8.39,0.47,84.71,-1.27,0.47,5.28,-0.01
118.80822572,31.89046068,8.39,0.43,84.77,-1.35,0.47,5.26,-0.02
118.80822851,31.89046090,8.39,0.38,84.82,-1.44,0.46,5.25,-0.02
118.80823129,31.89046112,8.39,0.35,84.88,-1.55,0.44,5.23,0.00
118.80823405,31.89046132,8.39,0.33,84.94,-1.66,0.43,5.20,0.04
118.80823680,31.89046152,8.39,0.35,85.01,-1.78,0.41,5.16,0.03
118.80823954,31.89046172,8.39,0.40,85.07,-1.84,0.41,5.13,0.03
118.80824225,31.89046191,8.39,0.38,85.13,-1.90,0.40,5.10,0.01
118.80824494,31.89046210,8.39,0.35,85.18,-1.94,0.40,5.06,-0.02
118.80824761,31.89046228,8.39,0.34,85.24,-1.91,0.40,5.02,-0.06
118.80825027,31.89046247,8.39,0.35,85.30,-1.84,0.40,4.99,-0.06
118.80825290,31.89046266,8.38,0.24,85.36,-1.80,0.40,4.94,-0.06
118.80825551,31.89046284,8.38,0.19,85.42,-1.77,0.39,4.90,-0.04
118.80825809,31.89046302,8.38,0.19,85.47,-1.75,0.38,4.85,-0.01
118.80826065,31.89046319,8.38,0.21,85.52,-1.73,0.36,4.81,-0.01
118.80826318,31.89046335,8.38,0.19,85.58,-1.69,0.35,4.76,-0.01
118.80826568,31.89046349,8.37,0.17,85.63,-1.69,0.34,4.72,-0.02
118.80826816,31.89046363,8.37,0.21,85.68,-1.74,0.33,4.67,-0.02
118.80827061,31.89046377,8.37,0.20,85.72,-1.78,0.32,4.62,-0.01
118.80827303,31.89046390,8.37,0.19,85.77,-1.78,0.32,4.56,-0.02
118.80827542,31.89046404,8.37,0.18,85.82,-1.75,0.31,4.51,-0.02
118.80827778,31.89046417,8.37,0.19,85.88,-1.75,0.30,4.46,-0.00
118.80828012,31.89046430,8.37,0.18,85.93,-1.82,0.29,4.41,0.02
118.80828243,31.89046442,8.37,0.15,85.97,-1.85,0.28,4.34,-0.01
118.80828470,31.89046454,8.37,0.16,86.01,-1.85,0.28,4.28,-0.01
118.80828694,31.89046465,8.37,0.18,86.06,-1.88,0.27,4.23,-0.00
118.80828915,31.89046476,8.37,0.18,86.10,-1.91,0.27,4.16,-0.01
118.80829133,31.89046487,8.37,0.15,86.15,-1.95,0.26,4.10,-0.02
118.80829347,31.89046498,8.37,0.15,86.20,-1.97,0.26,4.03,-0.01
118.80829558,31.89046509,8.37,0.15,86.24,-1.96,0.25,3.96,-0.01
118.80829765,31.89046519,8.37,0.18,86.28,-1.96,0.23,3.89,-0.01
118.80829968,31.89046528,8.37,0.18,86.32,-1.97,0.22,3.81,-0.01
118.80830167,31.89046537,8.37,0.18,86.35,-1.99,0.21,3.74,-0.02
118.80830362,31.89046546,8.37,0.19,86.39,-2.00,0.21,3.66,-0.02
118.80830554,31.89046555,8.37,0.20,86.43,-1.97,0.21,3.59,-0.02
118.80830742,31.89046564,8.36,0.21,86.46,-1.99,0.20,3.52,-0.01
118.80830927,31.89046573,8.36,0.21,86.50,-2.02,0.19,3.45,-0.01
118.80831109,31.89046581,8.36,0.20,86.53,-2.04,0.19,3.37,-0.02
118.80831286,31.89046590,8.36,0.18,86.57,-2.01,0.18,3.29,-0.02
118.80831460,31.89046598,8.36,0.20,86.60,-2.00,0.18,3.23,-0.00
118.80831630,31.89046606,8.36,0.24,86.63,-2.03,0.16,3.16,0.01
118.80831796,31.89046614,8.36,0.23,86.66,-2.05,0.15,3.09,-0.01
118.80831959,31.89046621,8.36,0.22,86.68,-2.05,0.15,3.01,-0.02
118.80832117,31.89046628,8.36,0.24,86.71,-2.02,0.15,2.94,-0.01
118.80832272,31.89046635,8.36,0.23,86.74,-2.03,0.15,2.87,-0.00
118.80832423,31.89046642,8.36,0.23,86.76,-2.02,0.14,2.80,-0.01
118.80832570,31.89046649,8.36,0.22,86.78,-2.00,0.14,2.74,-0.01
118.80832715,31.89046655,8.36,0.19,86.80,-2.01,0.14,2.67,-0.01
118.80832855,31.89046662,8.36,0.20,86.83,-2.00,0.13,2.61,-0.02
118.80832992,31.89046668,8.36,0.22,86.85,-1.97,0.13,2.55,-0.02
118.80833126,31.89046674,8.36,0.20,86.88,-1.93,0.13,2.49,-0.01
118.80833257,31.89046680,8.36,0.19,86.91,-1.92,0.12,2.43,-0.01
118.80833385,31.89046685,8.36,0.22,86.93,-1.91,0.12,2.37,-0.02
118.80833509,31.89046690,8.36,0.22,86.94,-1.89,0.12,2.31,-0.01
118.80833631,31.89046696,8.36,0.18,86.96,-1.87,0.11,2.25,-0.00
118.80833749,31.89046700,8.36,0.21,86.97,-1.87,0.11,2.20,0.00
118.80833865,31.89046705,8.36,0.24,86.98,-1.86,0.10,2.15,-0.00
118.80833978,31.89046709,8.36,0.24,87.00,-1.87,0.09,2.09,-0.01
118.80834088,31.89046713,8.36,0.24,87.02,-1.88,0.09,2.03,-0.01
118.80834194,31.89046716,8.36,0.25,87.03,-1.89,0.09,1.97,-0.01
118.80834298,31.89046720,8.36,0.25,87.04,-1.90,0.09,1.91,0.00
118.80834398,31.89046724,8.36,0.24,87.05,-1.90,0.09,1.86,-0.00
118.80834495,31.89046727,8.36,0.23,87.07,-1.89,0.09,1.79,-0.00
118.80834590,31.89046731,8.36,0.21,87.09,-1.90,0.09,1.74,0.00
118.80834681,31.89046734,8.36,0.19,87.11,-1.90,0.09,1.67,-0.00
118.80834768,31.89046738,8.35,0.18,87.12,-1.89,0.08,1.61,-0.01
118.80834852,31.89046741,8.35,0.17,87.13,-1.88,0.07,1.55,-0.01
118.80834934,31.89046743,8.35,0.17,87.14,-1.89,0.07,1.49,-0.00
118.80835011,31.89046746,8.35,0.18,87.15,-1.90,0.06,1.43,0.00
118.80835086,31.89046748,8.35,0.18,87.17,-1.91,0.06,1.36,-0.00
118.80835157,31.89046751,8.35,0.18,87.18,-1.91,0.06,1.30,-0.00
118.80835225,31.89046753,8.35,0.17,87.19,-1.91,0.05,1.23,-0.00
118.80835289,31.89046755,8.35,0.17,87.20,-1.93,0.05,1.17,-0.00
118.80835349,31.89046757,8.35,0.16,87.20,-1.95,0.05,1.10,-0.00
118.80835406,31.89046759,8.35,0.15,87.21,-1.95,0.05,1.03,-0.01
118.80835459,31.89046761,8.35,0.15,87.23,-1.95,0.04,0.96,-0.00
118.80835509,31.89046764,8.35,0.16,87.23,-1.95,0.04,0.90,0.00
118.80835554,31.89046766,8.35,0.16,87.24,-1.96,0.03,0.83,-0.00
118.80835596,31.89046768,8.35,0.16,87.25,-1.96,0.03,0.76,-0.00
118.80835634,31.89046770,8.35,0.16,87.26,-1.96,0.03,0.68,-0.00
118.80835669,31.89046772,8.35,0.15,87.26,-1.96,0.03,0.61,0.00
