speed,steeringAngle
0.00,6.30
0.00,6.30
0.00,6.30
0.00,7.60
0.00,7.90
0.00,8.10
0.00,8.30
0.00,8.50
0.00,8.60
0.00,8.70
0.00,8.70
0.00,8.70
0.00,8.70
0.00,8.70
0.00,8.70
0.00,8.70
0.03,8.70
0.05,8.60
0.06,8.60
0.07,8.60
0.09,8.60
0.11,8.60
0.13,8.60
0.46,8.60
0.49,8.70
0.53,8.70
0.57,8.70
0.60,8.70
0.65,8.70
0.69,8.70
1.18,8.70
1.22,8.90
1.26,8.90
1.30,8.90
1.35,8.90
1.40,8.80
1.44,8.80
1.92,8.80
1.96,8.90
2.00,9.00
2.03,9.10
2.07,9.30
2.10,9.40
2.14,9.60
2.57,10.70
2.61,10.70
2.64,10.80
2.67,10.90
2.71,11.00
2.75,11.10
2.77,11.20
3.17,13.40
3.20,14.00
3.23,14.60
3.26,15.20
3.29,15.70
3.32,16.20
3.71,16.20
3.73,17.00
3.77,16.90
3.79,16.90
3.81,16.80
3.85,16.80
3.88,17.00
4.26,13.70
4.29,13.40
4.32,13.00
4.35,12.60
4.38,12.10
4.42,11.60
4.44,11.00
4.80,3.80
4.83,3.60
4.86,3.40
4.88,3.20
4.91,3.00
4.95,2.90
5.27,2.90
5.31,2.30
5.34,2.20
5.36,2.20
5.39,2.20
5.41,2.10
5.45,2.00
5.79,-0.70
5.82,-0.90
5.84,-1.10
5.88,-1.20
5.90,-1.20
5.94,-1.10
5.95,-1.10
6.30,-1.30
6.34,-1.10
6.37,-0.90
6.40,-0.80
6.42,-0.90
6.46,-1.00
6.77,-1.00
6.80,-1.70
6.82,-1.80
6.84,-2.00
6.87,-2.20
6.89,-2.40
7.22,-2.60
7.25,-3.80
7.27,-4.00
7.28,-4.20
7.31,-4.30
7.33,-4.50
7.56,-7.00
7.57,-7.20
7.60,-7.50
7.61,-7.70
7.61,-7.90
7.63,-8.00
7.77,-9.20
7.79,-9.20
7.80,-9.20
7.81,-9.20
7.81,-9.40
7.81,-9.50
7.83,-9.50
7.95,-7.50
7.95,-7.40
7.96,-7.20
7.97,-7.00
7.98,-6.80
7.98,-6.60
8.03,-6.60
8.03,-5.10
8.04,-5.00
8.04,-5.10
8.04,-5.10
8.04,-5.10
8.04,-5.00
8.05,-1.70
8.06,-1.00
8.06,-0.40
8.06,0.20
8.07,0.80
8.07,1.40
8.07,1.90
8.08,7.40
8.08,7.70
8.08,8.10
8.08,8.60
8.09,9.10
8.10,9.60
8.13,9.60
8.14,14.70
8.14,15.40
8.14,16.30
8.14,17.30
8.14,18.30
8.13,19.40
8.14,30.10
8.16,30.30
8.17,30.40
8.17,30.40
8.17,30.40
8.18,30.40
8.19,30.40
8.23,29.70
8.23,29.80
8.23,29.90
8.24,30.00
8.25,30.10
8.26,30.10
8.32,30.10
8.33,30.90
8.34,31.10
8.34,31.40
8.35,31.80
8.36,32.20
8.44,32.60
8.43,32.60
8.44,32.30
8.44,31.90
8.45,31.60
8.46,31.40
8.55,28.00
8.56,27.60
8.56,27.10
8.57,26.60
8.59,26.00
8.58,25.40
8.62,13.90
8.63,13.00
8.64,12.00
8.64,11.00
8.65,9.90
8.65,8.80
8.66,7.60
8.69,7.60
8.70,-5.00
8.70,-5.30
8.70,-5.50
8.70,-5.60
8.71,-5.60
8.71,-5.40
8.70,-5.40
8.69,-8.60
8.69,-9.20
8.68,-9.90
8.69,-10.70
8.68,-11.70
8.66,-12.80
8.63,-35.90
8.63,-37.90
8.63,-40.00
8.63,-42.00
8.63,-44.00
8.63,-45.90
8.63,-47.70
8.59,-59.30
8.58,-59.40
8.58,-59.50
8.57,-59.50
8.57,-59.50
8.56,-59.50
8.50,-59.50
8.50,-70.40
8.49,-71.70
8.49,-72.80
8.49,-73.70
8.49,-74.40
8.47,-75.00
8.41,-75.40
8.41,-75.60
8.41,-75.80
8.41,-76.00
8.40,-76.20
8.41,-76.10
8.41,-76.00
8.34,-74.80
8.34,-74.70
8.34,-74.60
8.33,-74.50
8.33,-74.50
8.32,-74.40
8.30,-74.40
8.30,-67.00
8.30,-66.20
8.30,-65.50
8.29,-64.80
8.28,-64.10
8.26,-63.40
8.26,-55.50
8.26,-54.60
8.24,-53.70
8.23,-52.60
8.23,-51.30
8.19,-22.10
8.19,-19.00
8.19,-15.80
8.19,-12.60
8.19,-9.60
8.16,-6.70
8.16,15.70
8.16,16.80
8.15,18.10
8.15,19.60
8.14,21.40
8.12,21.40
8.12,53.70
8.12,55.90
8.12,58.10
8.12,60.30
8.12,62.10
8.12,63.80
8.07,69.50
8.06,68.90
8.06,68.40
8.06,67.90
8.06,67.50
8.06,67.00
8.06,66.60
8.06,66.60
8.06,64.80
8.06,64.70
8.05,64.60
8.05,64.50
8.05,64.40
8.04,64.30
8.00,64.30
8.00,57.70
8.01,56.70
8.01,55.70
8.01,54.50
8.00,53.20
8.00,51.70
7.99,21.90
7.99,19.60
7.98,17.60
7.98,15.70
7.97,13.90
7.96,12.30
7.96,10.90
7.96,-3.10
7.96,-3.30
7.96,-3.30
7.96,-3.10
7.96,-2.80
7.95,-2.30
7.93,-2.30
7.93,-2.40
7.93,-2.40
7.93,-2.30
7.92,-2.20
7.92,-2.00
7.90,-1.80
7.91,-1.80
7.91,-1.90
7.92,-2.10
7.92,-2.40
7.90,-2.60
7.93,-2.60
7.93,-2.40
7.93,-2.60
7.94,-2.70
7.94,-2.80
7.95,-2.80
7.96,-2.70
7.96,-2.50
8.01,-2.50
8.02,-2.30
8.02,-2.20
8.03,-2.20
8.03,-2.20
8.05,-2.30
8.06,-2.40
8.11,-2.90
8.11,-2.60
8.11,-2.20
8.11,-1.80
8.10,-1.50
8.11,-1.20
8.16,-1.20
8.16,-1.20
8.18,-1.20
8.19,-1.20
8.19,-1.20
8.19,-1.20
8.20,-1.30
8.20,-1.20
8.20,-1.40
8.19,-1.50
8.19,-1.40
8.20,-1.20
8.20,-0.80
8.20,-0.50
8.19,-0.50
8.17,-0.20
8.17,0.10
8.18,0.30
8.17,0.30
8.17,0.20
8.14,-0.10
7.99,-0.10
7.98,-0.70
7.97,-0.80
7.96,-0.80
7.94,-0.60
7.93,-0.30
7.64,0.00
7.61,0.10
7.59,0.10
7.55,0.10
7.53,-0.10
7.49,-0.40
7.13,-0.50
7.08,-0.70
7.05,-0.70
7.01,-0.50
6.98,-0.30
6.95,0.00
6.46,0.50
6.41,0.30
6.37,0.00
6.34,-0.30
6.30,-0.50
6.26,-0.70
6.22,-0.60
5.62,-0.70
5.57,-0.40
5.53,-0.10
5.49,0.10
5.43,0.10
5.39,-0.10
4.81,-0.10
4.76,-0.30
4.72,-0.40
4.67,-0.50
4.62,-0.60
4.57,-0.50
4.52,-0.30
3.86,0.10
3.83,0.10
3.78,0.00
3.75,-0.20
3.71,-0.50
3.65,-0.80
3.62,-1.00
3.05,-1.10
3.00,-1.00
2.96,-0.70
2.93,-0.30
2.88,0.10
2.85,0.30
2.42,0.30
2.39,0.20
2.36,0.10
2.32,-0.20
2.28,-0.40
2.25,-0.60
2.21,-0.60
1.81,0.00
1.79,0.30
1.76,0.40
1.73,0.30
1.69,0.00
1.66,-0.30
1.62,-0.60
1.25,-0.60
1.22,-0.40
1.20,-0.40
1.16,-0.40
1.13,-0.40
1.09,-0.40
1.07,-0.40
0.71,-0.40
0.69,-0.40
0.65,-0.40
0.62,-0.40
0.60,-0.40
0.57,-0.40
0.24,-0.40
0.24,-0.40
0.24,-0.40
0.24,-0.30
0.24,-0.30
0.24,-0.30
0.10,-0.30
0.06,-0.30
0.04,-0.30
0.03,-0.30
0.01,-0.30
0.00,-0.30
0.00,-0.30
0.00,-0.30
0.00,-0.30
0.00,-0.30
0.00,-0.30
0.00,-0.30
0.00,-0.30
0.00,-0.30
0.00,-0.30
0.00,-0.30
0.00,-0.20
0.00,-0.30
0.00,-0.20
0.00,-0.20
0.00,-0.20
