289515.988	3497192.369	4.2231
289516.081	3497192.425	4.2151
289516.180	3497192.474	4.2204
289516.280	3497192.523	4.2328
289516.387	3497192.572	4.2499
289516.481	3497192.617	4.2673
289516.575	3497192.662	4.2831
289516.672	3497192.710	4.3005
289516.777	3497192.752	4.3231
289516.889	3497192.798	4.3462
289517.005	3497192.841	4.3701
289517.128	3497192.880	4.4001
289517.224	3497192.912	4.4217
289517.329	3497192.937	4.4494
289517.444	3497192.965	4.4759
289517.566	3497192.994	4.5016
289517.690	3497193.021	4.5255
289517.811	3497193.048	4.5467
289517.925	3497193.066	4.5681
289518.027	3497193.081	4.5851
289518.138	3497193.088	4.6062
289518.251	3497193.091	4.6241
289518.134	3497193.098	4.6494
289518.021	3497193.096	4.6629
289517.896	3497193.090	4.6801
289517.776	3497193.086	4.6929
289517.636	3497193.083	4.7059
289517.536	3497193.084	4.7138
289517.430	3497193.088	4.7182
289517.319	3497193.095	4.7184
289517.204	3497193.097	4.7212
289517.087	3497193.099	4.7220
289516.965	3497193.101	4.7208
289516.838	3497193.103	4.7189
289516.707	3497193.108	4.7167
289516.571	3497193.111	4.7159
289516.432	3497193.116	4.7134
289516.289	3497193.118	4.7139
289516.143	3497193.120	4.7142
289515.995	3497193.125	4.7133
289515.845	3497193.130	4.7133
289515.691	3497193.132	4.7126
289515.534	3497193.132	4.7131
289515.373	3497193.134	4.7108
289515.207	3497193.136	4.7081
289515.040	3497193.139	4.7062
289514.872	3497193.142	4.7029
289514.704	3497193.143	4.7017
289514.536	3497193.148	4.7007
289514.370	3497193.155	4.6999
289514.211	3497193.158	4.6991
289514.061	3497193.158	4.6991
289513.923	3497193.159	4.6988
289513.797	3497193.162	4.6980
289513.688	3497193.163	4.6987
289513.554	3497193.165	4.6985
289513.452	3497193.165	4.6991
289513.344	3497193.161	4.6993
289513.228	3497193.151	4.6923
289513.113	3497193.150	4.6826
289512.987	3497193.150	4.6671
289512.874	3497193.143	4.6536
289512.743	3497193.137	4.6359
289512.594	3497193.132	4.6172
289512.484	3497193.125	4.6041
289512.367	3497193.113	4.5913
289512.246	3497193.100	4.5778
289512.121	3497193.085	4.5655
289511.993	3497193.069	4.5526
289511.864	3497193.052	4.5402
289511.735	3497193.030	4.5302
289511.605	3497193.005	4.5211
289511.474	3497192.981	4.5105
289511.342	3497192.956	4.5019
289511.211	3497192.929	4.4937
289511.079	3497192.903	4.4849
289510.949	3497192.874	4.4776
289510.818	3497192.845	4.4710
289510.687	3497192.816	4.4644
289510.557	3497192.787	4.4581
289510.427	3497192.757	4.4532
289510.298	3497192.728	4.4482
289510.171	3497192.696	4.4443
289510.043	3497192.665	4.4402
289509.915	3497192.632	4.4375
289509.788	3497192.599	4.4351
289509.662	3497192.567	4.4318
289509.538	3497192.537	4.4299
289509.416	3497192.505	4.4291
289509.294	3497192.472	4.4277
289509.171	3497192.435	4.4280
289509.046	3497192.398	4.4275
289508.920	3497192.358	4.4274
289508.794	3497192.320	4.4278
289508.667	3497192.285	4.4276
289508.539	3497192.255	4.4264
289508.413	3497192.224	4.4287
289508.292	3497192.192	4.4303
289508.178	3497192.163	4.4315
289508.071	3497192.135	4.4330
289507.970	3497192.111	4.4342
289507.829	3497192.075	4.4371
289507.703	3497192.045	4.4377
289507.588	3497192.022	4.4397
289507.484	3497192.000	4.4405
289507.357	3497191.968	4.4433
289507.236	3497191.942	4.4451
289507.120	3497191.912	4.4485
289507.013	3497191.887	4.4499
289506.906	3497191.863	4.4541
289506.797	3497191.839	4.4566
289506.696	3497191.814	4.4592
289506.598	3497191.791	4.4609
289506.493	3497191.769	4.4634
289506.383	3497191.741	4.4676
289506.277	3497191.713	4.4704
289506.173	3497191.690	4.4728
289506.068	3497191.666	4.4899
289505.957	3497191.651	4.5179
289505.846	3497191.635	4.5462
289505.746	3497191.625	4.5727
289505.630	3497191.620	4.5995
289505.508	3497191.619	4.6302
289505.407	3497191.618	4.6525
289505.293	3497191.614	4.6788
289505.162	3497191.611	4.7063
289505.009	3497191.610	4.7362
289504.898	3497191.614	4.7570
289504.777	3497191.623	4.7778
289504.647	3497191.637	4.7988
289504.509	3497191.655	4.8196
289504.361	3497191.674	4.8389
289504.207	3497191.695	4.8556
289504.046	3497191.720	4.8742
289503.878	3497191.751	4.8881
289503.705	3497191.787	4.9005
289503.526	3497191.825	4.9121
289503.342	3497191.866	4.9207
289503.150	3497191.908	4.9269
289503.052	3497191.930	4.9290
289502.952	3497191.953	4.9305
289502.851	3497191.977	4.9318
289502.748	3497192.001	4.9324
289502.643	3497192.026	4.9321
289502.536	3497192.050	4.9308
289502.428	3497192.075	4.9286
289502.320	3497192.100	4.9252
289502.211	3497192.125	4.9212
289502.101	3497192.151	4.9168
289501.991	3497192.178	4.9124
289501.881	3497192.204	4.9070
289501.769	3497192.230	4.9008
289501.657	3497192.255	4.8947
289501.546	3497192.278	4.8887
289501.434	3497192.300	4.8821
289501.321	3497192.321	4.8753
289501.207	3497192.341	4.8682
289501.093	3497192.361	4.8613
289500.978	3497192.380	4.8548
289500.862	3497192.399	4.8485
289500.746	3497192.417	4.8427
289500.629	3497192.436	4.8366
289500.512	3497192.454	4.8305
289500.393	3497192.472	4.8250
289500.274	3497192.487	4.8202
289500.154	3497192.502	4.8155
289500.034	3497192.517	4.8102
289499.913	3497192.533	4.8049
289499.792	3497192.548	4.7996
289499.670	3497192.563	4.7945
289499.547	3497192.577	4.7895
289499.423	3497192.590	4.7848
289499.298	3497192.603	4.7801
289499.173	3497192.614	4.7758
289499.047	3497192.626	4.7723
289498.920	3497192.638	4.7684
289498.791	3497192.650	4.7643
289498.660	3497192.661	4.7604
289498.527	3497192.672	4.7563
289498.393	3497192.681	4.7525
289498.256	3497192.689	4.7493
289498.117	3497192.697	4.7465
289497.978	3497192.706	4.7430
289497.837	3497192.714	4.7399
289497.695	3497192.723	4.7367
289497.552	3497192.731	4.7342
289497.408	3497192.737	4.7311
289497.263	3497192.743	4.7277
289497.117	3497192.749	4.7250
289496.971	3497192.754	4.7229
289496.822	3497192.758	4.7203
289496.673	3497192.763	4.7170
289496.522	3497192.766	4.7143
289496.370	3497192.768	4.7120
289496.215	3497192.770	4.7093
289496.060	3497192.773	4.7064
289495.902	3497192.776	4.7032
289495.743	3497192.779	4.7002
289495.583	3497192.781	4.6972
289495.421	3497192.781	4.6947
289495.258	3497192.780	4.6922
289495.093	3497192.778	4.6893
289494.927	3497192.777	4.6863
289494.760	3497192.775	4.6832
289494.593	3497192.772	4.6805
289494.424	3497192.767	4.6776
289494.255	3497192.763	4.6744
289494.084	3497192.759	4.6711
289493.911	3497192.756	4.6682
289493.737	3497192.754	4.6653
289493.560	3497192.752	4.6622
289493.382	3497192.748	4.6592
289493.203	3497192.742	4.6560
289493.022	3497192.735	4.6528
289492.842	3497192.727	4.6496
289492.660	3497192.718	4.6470
289492.477	3497192.707	4.6447
289492.293	3497192.696	4.6425
289492.108	3497192.685	4.6403
289491.922	3497192.676	4.6381
289491.735	3497192.668	4.6362
289491.549	3497192.660	4.6347
289491.363	3497192.652	4.6338
289491.176	3497192.644	4.6335
289490.990	3497192.634	4.6337
289490.803	3497192.623	4.6341
289490.617	3497192.609	4.6346
289490.432	3497192.595	4.6357
289490.246	3497192.581	4.6374
289490.062	3497192.569	4.6391
289489.878	3497192.558	4.6404
289489.694	3497192.548	4.6426
289489.512	3497192.539	4.6448
289489.330	3497192.531	4.6464
289489.150	3497192.523	4.6480
289488.972	3497192.515	4.6507
289488.794	3497192.507	4.6542
289488.618	3497192.498	4.6583
289488.441	3497192.491	4.6609
289488.265	3497192.483	4.6632
289488.089	3497192.477	4.6654
289487.914	3497192.472	4.6680
289487.740	3497192.467	4.6702
289487.568	3497192.464	4.6722
289487.397	3497192.461	4.6739
289487.227	3497192.457	4.6753
289487.057	3497192.453	4.6759
289486.889	3497192.450	4.6760
289486.721	3497192.447	4.6756
289486.555	3497192.445	4.6748
289486.392	3497192.443	4.6741
289486.229	3497192.440	4.6730
289486.068	3497192.436	4.6717
289485.907	3497192.432	4.6703
289485.747	3497192.428	4.6699
289485.587	3497192.425	4.6694
289485.429	3497192.421	4.6689
289485.271	3497192.417	4.6684
289485.115	3497192.414	4.6684
289484.960	3497192.412	4.6681
289484.807	3497192.410	4.6672
289484.655	3497192.409	4.6665
289484.503	3497192.406	4.6667
289484.353	3497192.402	4.6667
289484.204	3497192.398	4.6667
289484.055	3497192.393	4.6670
289483.908	3497192.390	4.6670
289483.762	3497192.388	4.6661
289483.618	3497192.388	4.6653
289483.475	3497192.387	4.6649
289483.334	3497192.386	4.6648
289483.194	3497192.383	4.6647
289483.056	3497192.378	4.6643
289482.920	3497192.373	4.6639
289482.786	3497192.367	4.6632
289482.655	3497192.362	4.6627
289482.525	3497192.356	4.6627
289482.398	3497192.349	4.6629
289482.272	3497192.341	4.6625
289482.148	3497192.335	4.6615
289482.026	3497192.331	4.6604
289481.904	3497192.327	4.6589
289481.784	3497192.324	4.6573
289481.664	3497192.320	4.6554
289481.546	3497192.317	4.6535
289481.430	3497192.314	4.6515
289481.314	3497192.311	4.6495
289481.200	3497192.307	4.6478
289481.088	3497192.303	4.6463
289480.978	3497192.299	4.6444
289480.870	3497192.293	4.6430
289480.764	3497192.288	4.6419
289480.660	3497192.283	4.6406
289480.558	3497192.278	4.6397
289480.362	3497192.267	4.6379
289480.178	3497192.253	4.6360
289480.010	3497192.239	4.6339
289479.855	3497192.229	4.6324
289479.714	3497192.221	4.6320
289479.585	3497192.216	4.6315
289479.469	3497192.213	4.6310
289479.367	3497192.209	4.6314
289479.241	3497192.204	4.6304
289479.120	3497192.200	4.6295
289479.006	3497192.191	4.6240
289478.883	3497192.183	4.6122
289478.753	3497192.173	4.5989
289478.635	3497192.163	4.5878
289478.496	3497192.148	4.5749
289478.393	3497192.134	4.5669
289478.279	3497192.118	4.5579
289478.159	3497192.103	4.5473
289478.033	3497192.083	4.5391
289477.906	3497192.062	4.5314
289477.781	3497192.043	4.5226
289477.659	3497192.024	4.5145
289477.536	3497192.004	4.5078
289477.413	3497191.984	4.5016
289477.291	3497191.963	4.4949
289477.170	3497191.940	4.4891
289477.051	3497191.917	4.4844
289476.931	3497191.895	4.4797
289476.811	3497191.874	4.4750
289476.691	3497191.849	4.4719
289476.569	3497191.821	4.4684
289476.446	3497191.791	4.4645
289476.321	3497191.760	4.4613
289476.194	3497191.730	4.4586
289476.066	3497191.701	4.4564
289475.939	3497191.671	4.4547
289475.814	3497191.639	4.4532
289475.691	3497191.609	4.4511
289475.572	3497191.577	4.4508
289475.455	3497191.544	4.4511
289475.338	3497191.517	4.4481
289475.220	3497191.494	4.4478
289475.104	3497191.470	4.4497
289474.987	3497191.444	4.4490
289474.872	3497191.417	4.4493
289474.758	3497191.392	4.4514
289474.644	3497191.365	4.4544
289474.526	3497191.333	4.4557
289474.408	3497191.296	4.4570
289474.286	3497191.261	4.4589
289474.161	3497191.233	4.4596
289474.033	3497191.205	4.4613
289473.907	3497191.176	4.4633
289473.783	3497191.149	4.4652
289473.660	3497191.122	4.4682
289473.539	3497191.096	4.4708
289473.417	3497191.066	4.4747
289473.295	3497191.039	4.4759
289473.173	3497191.017	4.4769
289473.053	3497190.994	4.4809
289472.933	3497190.974	4.4812
289472.813	3497190.954	4.4822
289472.692	3497190.933	4.4860
289472.570	3497190.907	4.4895
289472.451	3497190.878	4.4915
289472.334	3497190.848	4.4962
289472.214	3497190.824	4.4986
289472.093	3497190.801	4.5014
289471.971	3497190.773	4.5060
289471.849	3497190.747	4.5096
289471.726	3497190.726	4.5111
289471.603	3497190.706	4.5142
289471.480	3497190.684	4.5177
289471.356	3497190.659	4.5203
289471.229	3497190.637	4.5231
289471.101	3497190.617	4.5270
289470.973	3497190.597	4.5309
289470.846	3497190.577	4.5325
289470.722	3497190.557	4.5363
289470.596	3497190.536	4.5419
289470.468	3497190.515	4.5460
289470.338	3497190.496	4.5500
289470.209	3497190.478	4.5534
289470.079	3497190.458	4.5574
289469.951	3497190.443	4.5600
289469.821	3497190.431	4.5642
289469.690	3497190.421	4.5666
289469.559	3497190.405	4.5687
289469.428	3497190.389	4.5725
289469.298	3497190.374	4.5772
289469.166	3497190.361	4.5783
289469.036	3497190.348	4.5803
289468.904	3497190.331	4.5847
289468.772	3497190.313	4.5883
289468.641	3497190.296	4.5899
289468.513	3497190.282	4.5916
289468.384	3497190.271	4.5945
289468.254	3497190.260	4.5980
289468.123	3497190.248	4.6011
289467.993	3497190.233	4.6039
289467.865	3497190.221	4.6068
289467.735	3497190.211	4.6095
289467.603	3497190.197	4.6129
289467.472	3497190.180	4.6154
289467.341	3497190.165	4.6171
289467.210	3497190.154	4.6184
289467.080	3497190.142	4.6222
289466.947	3497190.131	4.6249
289466.813	3497190.120	4.6266
289466.678	3497190.105	4.6296
289466.545	3497190.093	4.6315
289466.415	3497190.089	4.6335
289466.288	3497190.085	4.6355
289466.160	3497190.083	4.6366
289466.033	3497190.081	4.6367
289465.907	3497190.080	4.6395
289465.778	3497190.080	4.6417
289465.648	3497190.077	4.6425
289465.517	3497190.069	4.6458
289465.383	3497190.059	4.6488
289465.248	3497190.048	4.6505
289465.113	3497190.040	4.6508
289464.979	3497190.035	4.6516
289464.845	3497190.031	4.6524
289464.710	3497190.025	4.6537
289464.576	3497190.018	4.6544
289464.443	3497190.014	4.6547
289464.310	3497190.012	4.6553
289464.177	3497190.008	4.6575
289464.045	3497190.004	4.6572
289463.916	3497190.001	4.6571
289463.790	3497189.999	4.6586
289463.663	3497189.996	4.6594
289463.534	3497189.994	4.6586
289463.405	3497189.994	4.6580
289463.276	3497189.994	4.6590
289463.143	3497189.989	4.6594
289463.009	3497189.983	4.6584
289462.876	3497189.976	4.6574
289462.743	3497189.969	4.6572
289462.609	3497189.962	4.6555
289462.476	3497189.956	4.6537
289462.344	3497189.953	4.6524
289462.212	3497189.954	4.6503
289462.079	3497189.950	4.6483
289461.946	3497189.943	4.6460
289461.812	3497189.936	4.6451
289461.679	3497189.931	4.6423
289461.544	3497189.926	4.6400
289461.408	3497189.920	4.6383
289461.273	3497189.915	4.6350
289461.141	3497189.909	4.6327
289461.009	3497189.898	4.6312
289460.875	3497189.883	4.6295
289460.741	3497189.867	4.6282
289460.606	3497189.854	4.6271
289460.468	3497189.842	4.6240
289460.328	3497189.831	4.6216
289460.188	3497189.820	4.6185
289460.048	3497189.809	4.6159
289459.907	3497189.795	4.6144
289459.765	3497189.783	4.6120
289459.624	3497189.773	4.6081
289459.484	3497189.767	4.6055
289459.342	3497189.757	4.6017
289459.201	3497189.740	4.5950
289459.062	3497189.721	4.5885
289458.922	3497189.702	4.5816
289458.780	3497189.685	4.5714
289458.638	3497189.668	4.5607
289458.498	3497189.651	4.5505
289458.359	3497189.635	4.5368
289458.220	3497189.613	4.5258
289458.085	3497189.589	4.5147
289457.951	3497189.566	4.5002
289457.818	3497189.541	4.4872
289457.687	3497189.513	4.4760
289457.556	3497189.481	4.4625
289457.426	3497189.445	4.4492
289457.301	3497189.409	4.4366
289457.176	3497189.373	4.4253
289457.048	3497189.339	4.4133
289456.920	3497189.305	4.3990
289456.792	3497189.270	4.3864
289456.666	3497189.234	4.3742
289456.543	3497189.197	4.3611
289456.422	3497189.159	4.3470
289456.305	3497189.120	4.3347
289456.189	3497189.076	4.3239
289456.075	3497189.030	4.3114
289455.961	3497188.983	4.2975
289455.848	3497188.936	4.2853
289455.738	3497188.888	4.2744
289455.625	3497188.839	4.2621
289455.511	3497188.783	4.2501
289455.395	3497188.724	4.2372
289455.275	3497188.666	4.2234
289455.154	3497188.608	4.2089
289455.035	3497188.546	4.1973
289454.917	3497188.482	4.1829
289454.801	3497188.416	4.1696
289454.685	3497188.347	4.1571
289454.570	3497188.279	4.1430
289454.458	3497188.210	4.1312
289454.347	3497188.143	4.1189
289454.238	3497188.076	4.1065
289454.132	3497188.008	4.0959
289454.027	3497187.938	4.0838
289453.925	3497187.865	4.0725
289453.826	3497187.789	4.0618
289453.724	3497187.717	4.0494
289453.623	3497187.642	4.0385
289453.523	3497187.565	4.0265
289453.426	3497187.489	4.0146
289453.332	3497187.408	4.0042
289453.237	3497187.326	3.9931
289453.142	3497187.244	3.9803
289453.045	3497187.158	3.9689
289452.950	3497187.068	3.9587
289452.854	3497186.978	3.9451
289452.759	3497186.885	3.9326
289452.664	3497186.791	3.9203
289452.569	3497186.698	3.9094
289452.473	3497186.604	3.8981
289452.376	3497186.510	3.8850
289452.281	3497186.415	3.8737
289452.186	3497186.319	3.8611
289452.094	3497186.220	3.8483
289452.007	3497186.119	3.8375
289451.923	3497186.020	3.8238
289451.842	3497185.920	3.8106
289451.760	3497185.819	3.7994
289451.677	3497185.718	3.7865
289451.595	3497185.617	3.7724
289451.521	3497185.511	3.7629
289451.450	3497185.404	3.7503
289451.379	3497185.299	3.7368
289451.307	3497185.193	3.7258
289451.233	3497185.084	3.7127
289451.160	3497184.974	3.6988
289451.088	3497184.862	3.6855
289451.016	3497184.748	3.6720
289450.944	3497184.633	3.6574
289450.875	3497184.516	3.6460
289450.807	3497184.399	3.6335
289450.742	3497184.285	3.6222
289450.678	3497184.171	3.6106
289450.612	3497184.057	3.5976
289450.548	3497183.943	3.5862
289450.489	3497183.826	3.5760
289450.434	3497183.710	3.5635
289450.382	3497183.594	3.5515
289450.330	3497183.477	3.5418
289450.276	3497183.360	3.5299
289450.224	3497183.242	3.5194
289450.178	3497183.120	3.5093
289450.134	3497182.999	3.4980
289450.088	3497182.877	3.4886
289450.044	3497182.754	3.4796
289449.996	3497182.630	3.4671
289449.949	3497182.504	3.4580
289449.903	3497182.378	3.4500
289449.857	3497182.250	3.4404
289449.810	3497182.121	3.4313
289449.766	3497181.992	3.4231
289449.723	3497181.862	3.4134
289449.685	3497181.731	3.4055
289449.646	3497181.599	3.3971
289449.604	3497181.469	3.3876
289449.566	3497181.336	3.3805
289449.526	3497181.202	3.3719
289449.491	3497181.068	3.3647
289449.461	3497180.932	3.3588
289449.431	3497180.796	3.3522
289449.400	3497180.659	3.3439
289449.374	3497180.520	3.3394
289449.343	3497180.380	3.3321
289449.310	3497180.239	3.3251
289449.281	3497180.097	3.3204
289449.255	3497179.954	3.3146
289449.231	3497179.812	3.3092
289449.203	3497179.671	3.3044
289449.175	3497179.531	3.2998
289449.151	3497179.391	3.2954
289449.127	3497179.250	3.2907
289449.104	3497179.111	3.2872
289449.080	3497178.972	3.2831
289449.057	3497178.834	3.2802
289449.033	3497178.696	3.2771
289449.011	3497178.559	3.2743
289448.992	3497178.422	3.2715
289448.972	3497178.286	3.2687
289448.951	3497178.150	3.2663
289448.934	3497178.014	3.2656
289448.917	3497177.878	3.2636
289448.901	3497177.742	3.2621
289448.883	3497177.607	3.2606
289448.862	3497177.472	3.2584
289448.844	3497177.336	3.2572
289448.827	3497177.200	3.2565
289448.808	3497177.064	3.2554
289448.786	3497176.928	3.2548
289448.765	3497176.792	3.2546
289448.744	3497176.656	3.2539
289448.724	3497176.521	3.2544
289448.706	3497176.386	3.2553
289448.687	3497176.252	3.2556
289448.668	3497176.118	3.2563
289448.650	3497175.986	3.2574
289448.630	3497175.854	3.2587
289448.610	3497175.722	3.2602
289448.590	3497175.590	3.2616
289448.571	3497175.457	3.2633
289448.552	3497175.322	3.2654
289448.532	3497175.186	3.2669
289448.510	3497175.051	3.2688
289448.486	3497174.915	3.2705
289448.464	3497174.777	3.2732
289448.443	3497174.639	3.2762
289448.423	3497174.499	3.2785
289448.405	3497174.360	3.2817
289448.385	3497174.220	3.2843
289448.361	3497174.081	3.2871
289448.335	3497173.942	3.2901
289448.310	3497173.803	3.2934
289448.286	3497173.665	3.2973
289448.263	3497173.527	3.3008
289448.237	3497173.391	3.3039
289448.210	3497173.255	3.3082
289448.182	3497173.118	3.3130
289448.153	3497172.983	3.3160
289448.124	3497172.848	3.3207
289448.097	3497172.713	3.3251
289448.069	3497172.577	3.3298
289448.041	3497172.441	3.3345
289448.012	3497172.306	3.3387
289447.983	3497172.171	3.3435
289447.950	3497172.038	3.3480
289447.916	3497171.906	3.3524
289447.885	3497171.776	3.3577
289447.855	3497171.646	3.3635
289447.824	3497171.518	3.3690
289447.791	3497171.392	3.3740
289447.758	3497171.267	3.3804
289447.723	3497171.142	3.3866
289447.686	3497171.015	3.3924
289447.650	3497170.886	3.3980
289447.614	3497170.755	3.4054
289447.575	3497170.624	3.4116
289447.534	3497170.491	3.4177
289447.493	3497170.357	3.4251
289447.450	3497170.225	3.4321
289447.407	3497170.094	3.4388
289447.361	3497169.963	3.4456
289447.311	3497169.833	3.4523
289447.262	3497169.702	3.4599
289447.215	3497169.571	3.4674
289447.167	3497169.440	3.4748
289447.117	3497169.312	3.4818
289447.066	3497169.186	3.4896
289447.015	3497169.059	3.4972
289446.965	3497168.930	3.5054
289446.914	3497168.799	3.5126
289446.859	3497168.669	3.5198
289446.801	3497168.538	3.5277
289446.746	3497168.406	3.5356
289446.689	3497168.275	3.5436
289446.631	3497168.143	3.5528
289446.570	3497168.013	3.5619
289446.508	3497167.884	3.5726
289446.442	3497167.755	3.5823
289446.375	3497167.627	3.5934
289446.309	3497167.497	3.6055
289446.238	3497167.370	3.6160
289446.165	3497167.243	3.6262
289446.094	3497167.116	3.6384
289446.022	3497166.988	3.6507
289445.946	3497166.864	3.6612
289445.868	3497166.740	3.6731
289445.788	3497166.619	3.6853
289445.708	3497166.499	3.6964
289445.629	3497166.380	3.7086
289445.549	3497166.263	3.7215
289445.467	3497166.148	3.7336
289445.386	3497166.035	3.7469
289445.304	3497165.922	3.7602
289445.220	3497165.810	3.7738
289445.136	3497165.697	3.7871
289445.051	3497165.587	3.8005
289444.964	3497165.480	3.8143
289444.874	3497165.376	3.8274
289444.785	3497165.274	3.8414
289444.696	3497165.176	3.8546
289444.606	3497165.079	3.8673
289444.517	3497164.983	3.8801
289444.425	3497164.892	3.8932
289444.331	3497164.803	3.9058
289444.239	3497164.711	3.9199
289444.146	3497164.620	3.9342
289444.051	3497164.531	3.9473
289443.954	3497164.443	3.9618
289443.855	3497164.355	3.9755
289443.755	3497164.269	3.9892
289443.654	3497164.185	4.0035
289443.550	3497164.101	4.0173
289443.447	3497164.018	4.0309
289443.344	3497163.938	4.0452
289443.238	3497163.859	4.0580
289443.132	3497163.783	4.0715
289443.025	3497163.707	4.0872
289442.916	3497163.634	4.0995
289442.807	3497163.563	4.1130
289442.697	3497163.491	4.1289
289442.583	3497163.423	4.1414
289442.469	3497163.359	4.1548
289442.354	3497163.293	4.1707
289442.239	3497163.226	4.1847
289442.121	3497163.160	4.1979
289442.003	3497163.098	4.2120
289441.886	3497163.041	4.2257
289441.768	3497162.983	4.2391
289441.650	3497162.927	4.2516
289441.533	3497162.873	4.2651
289441.415	3497162.823	4.2784
289441.298	3497162.778	4.2917
289441.182	3497162.730	4.3049
289441.066	3497162.683	4.3172
289440.949	3497162.640	4.3288
289440.833	3497162.598	4.3410
289440.714	3497162.558	4.3514
289440.596	3497162.518	4.3633
289440.479	3497162.476	4.3764
289440.361	3497162.433	4.3874
289440.239	3497162.395	4.3984
289440.114	3497162.362	4.4100
289439.989	3497162.326	4.4222
289439.864	3497162.289	4.4340
289439.737	3497162.255	4.4454
289439.609	3497162.220	4.4579
289439.482	3497162.187	4.4706
289439.353	3497162.160	4.4828
289439.225	3497162.135	4.4948
289439.095	3497162.110	4.5073
289438.966	3497162.086	4.5194
289438.837	3497162.064	4.5311
289438.708	3497162.043	4.5431
289438.581	3497162.023	4.5555
289438.453	3497162.003	4.5679
289438.326	3497161.986	4.5791
289438.198	3497161.970	4.5908
289438.071	3497161.957	4.6012
289437.945	3497161.948	4.6111
289437.820	3497161.944	4.6209
289437.695	3497161.937	4.6336
289437.570	3497161.931	4.6455
289437.441	3497161.925	4.6561
289437.310	3497161.918	4.6674
289437.179	3497161.913	4.6787
289437.048	3497161.910	4.6870
289436.914	3497161.907	4.6977
289436.780	3497161.903	4.7107
289436.647	3497161.905	4.7210
289436.515	3497161.911	4.7300
289436.387	3497161.917	4.7410
289436.266	3497161.924	4.7509
289436.148	3497161.935	4.7592
289436.037	3497161.945	4.7671
289435.932	3497161.956	4.7754
289435.789	3497161.975	4.7865
289435.655	3497161.989	4.7980
289435.522	3497162.003	4.8086
289435.389	3497162.017	4.8206
289435.250	3497162.035	4.8310
289435.104	3497162.056	4.8440
289435.000	3497162.075	4.8516
289434.892	3497162.093	4.8606
289434.780	3497162.113	4.8696
289434.668	3497162.133	4.8785
289434.556	3497162.153	4.8874
289434.441	3497162.175	4.8967
289434.322	3497162.197	4.9060
289434.202	3497162.221	4.9136
289434.082	3497162.246	4.9235
289433.965	3497162.277	4.9323
289433.848	3497162.310	4.9407
289433.727	3497162.341	4.9503
289433.604	3497162.369	4.9615
289433.485	3497162.399	4.9694
289433.374	3497162.430	4.9786
289433.275	3497162.464	4.9837
289433.143	3497162.512	4.9944
289433.023	3497162.550	5.0031
289432.920	3497162.581	5.0092
289432.813	3497162.611	5.0205
289432.912	3497162.582	5.0031
289433.016	3497162.549	4.9919
289433.112	3497162.516	4.9906
289433.220	3497162.485	4.9927
289433.327	3497162.447	5.0017
289433.423	3497162.412	5.0112
289433.527	3497162.375	5.0252
289433.642	3497162.340	5.0400
289433.761	3497162.296	5.0587
289433.879	3497162.250	5.0837
289433.998	3497162.216	5.1038
289434.108	3497162.173	5.1274
289434.215	3497162.124	5.1489
289434.319	3497162.077	5.1666
289434.409	3497162.034	5.1846
289434.515	3497161.984	5.1987
289434.421	3497162.047	5.2268
289434.334	3497162.102	5.2463
289434.239	3497162.162	5.2684
289434.146	3497162.222	5.2884
289434.037	3497162.298	5.3120
289433.957	3497162.358	5.3283
289433.873	3497162.425	5.3434
289433.786	3497162.497	5.3570
289433.693	3497162.572	5.3720
289433.595	3497162.655	5.3851
289433.493	3497162.742	5.3978
289433.381	3497162.834	5.4110
289433.262	3497162.930	5.4225
289433.144	3497163.032	5.4325
289433.029	3497163.141	5.4411
289432.917	3497163.254	5.4487
289432.800	3497163.369	5.4549
289432.679	3497163.485	5.4594
289432.551	3497163.601	5.4653
289432.422	3497163.722	5.4681
289432.296	3497163.848	5.4695
289432.170	3497163.977	5.4710
289432.040	3497164.107	5.4704
289431.905	3497164.236	5.4689
289431.766	3497164.365	5.4675
289431.628	3497164.498	5.4653
289431.491	3497164.633	5.4635
289431.354	3497164.769	5.4622
289431.215	3497164.905	5.4597
289431.073	3497165.041	5.4554
289430.929	3497165.179	5.4516
289430.856	3497165.249	5.4495
289430.783	3497165.320	5.4471
289430.709	3497165.390	5.4443
289430.634	3497165.459	5.4414
289430.557	3497165.528	5.4387
289430.478	3497165.595	5.4359
289430.400	3497165.664	5.4328
289430.322	3497165.733	5.4297
289430.244	3497165.803	5.4269
289430.166	3497165.874	5.4239
289430.088	3497165.944	5.4205
289430.010	3497166.015	5.4166
289429.930	3497166.084	5.4135
289429.851	3497166.153	5.4103
289429.771	3497166.221	5.4072
289429.691	3497166.289	5.4042
289429.612	3497166.355	5.4013
289429.533	3497166.422	5.3984
289429.454	3497166.489	5.3950
289429.377	3497166.558	5.3911
289429.300	3497166.627	5.3872
289429.221	3497166.694	5.3839
289429.141	3497166.760	5.3811
289429.060	3497166.825	5.3783
289428.978	3497166.888	5.3753
289428.896	3497166.951	5.3720
289428.815	3497167.015	5.3685
289428.733	3497167.080	5.3650
289428.652	3497167.144	5.3621
289428.572	3497167.208	5.3593
289428.493	3497167.272	5.3563
289428.414	3497167.336	5.3531
289428.334	3497167.400	5.3499
289428.253	3497167.464	5.3466
289428.172	3497167.526	5.3437
289428.090	3497167.588	5.3409
289428.008	3497167.650	5.3381
289427.925	3497167.711	5.3350
289427.843	3497167.773	5.3317
289427.762	3497167.834	5.3282
289427.681	3497167.896	5.3252
289427.600	3497167.956	5.3230
289427.519	3497168.015	5.3208
289427.437	3497168.074	5.3184
289427.355	3497168.132	5.3159
289427.273	3497168.189	5.3130
289427.110	3497168.305	5.3077
289427.029	3497168.364	5.3050
289426.949	3497168.425	5.3027
289426.869	3497168.486	5.3005
289426.709	3497168.605	5.2947
289426.627	3497168.663	5.2914
289426.544	3497168.719	5.2882
289426.377	3497168.828	5.2823
289426.211	3497168.935	5.2777
289426.045	3497169.044	5.2718
289425.961	3497169.098	5.2688
289425.876	3497169.151	5.2666
289425.791	3497169.205	5.2645
289425.704	3497169.258	5.2628
289425.617	3497169.310	5.2612
289425.529	3497169.362	5.2598
289425.441	3497169.415	5.2581
289425.353	3497169.468	5.2556
289425.266	3497169.522	5.2518
289425.180	3497169.578	5.2482
289425.095	3497169.632	5.2461
289425.009	3497169.688	5.2438
289424.924	3497169.742	5.2405
289424.756	3497169.847	5.2339
289424.589	3497169.945	5.2253
289424.425	3497170.037	5.2160
289424.263	3497170.125	5.2068
289424.106	3497170.212	5.1979
289423.952	3497170.295	5.1905
289423.801	3497170.375	5.1834
289423.655	3497170.453	5.1768
289423.509	3497170.527	5.1716
289423.368	3497170.597	5.1663
289423.235	3497170.665	5.1609
289423.115	3497170.727	5.1575
289423.011	3497170.781	5.1544
289422.885	3497170.844	5.1497
289422.792	3497170.887	5.1475
289422.697	3497170.934	5.1453
289422.591	3497170.977	5.1419
289422.494	3497171.025	5.1408
289422.400	3497171.074	5.1406
289422.310	3497171.123	5.1394
289422.211	3497171.178	5.1388
289422.111	3497171.228	5.1395
289422.016	3497171.272	5.1407
289421.924	3497171.318	5.1428
289421.813	3497171.372	5.1433
289421.704	3497171.424	5.1402
289421.604	3497171.467	5.1379
289421.490	3497171.522	5.1307
289421.354	3497171.585	5.1214
289421.254	3497171.630	5.1139
289421.146	3497171.678	5.1036
289421.033	3497171.728	5.0921
289420.916	3497171.775	5.0801
289420.796	3497171.821	5.0660
289420.674	3497171.866	5.0525
289420.552	3497171.909	5.0398
289420.430	3497171.951	5.0263
289420.306	3497171.992	5.0123
289420.184	3497172.031	5.0004
289420.063	3497172.071	4.9885
289419.943	3497172.109	4.9760
289419.826	3497172.144	4.9648
289419.709	3497172.175	4.9552
289419.592	3497172.205	4.9436
289419.475	3497172.236	4.9315
289419.356	3497172.266	4.9199
289419.237	3497172.294	4.9082
289419.117	3497172.319	4.8975
289418.996	3497172.343	4.8864
289418.876	3497172.366	4.8749
289418.755	3497172.387	4.8645
289418.631	3497172.407	4.8532
289418.506	3497172.425	4.8428
289418.380	3497172.444	4.8311
289418.252	3497172.462	4.8186
289418.122	3497172.478	4.8083
289417.993	3497172.493	4.7964
289417.863	3497172.510	4.7814
289417.733	3497172.524	4.7700
289417.604	3497172.536	4.7577
289417.476	3497172.544	4.7445
289417.351	3497172.548	4.7322
289417.227	3497172.555	4.7198
289417.104	3497172.560	4.7077
289416.981	3497172.562	4.6958
289416.860	3497172.561	4.6842
289416.741	3497172.561	4.6721
289416.621	3497172.559	4.6606
289416.499	3497172.556	4.6459
289416.378	3497172.550	4.6330
289416.255	3497172.542	4.6215
289416.129	3497172.530	4.6086
289416.001	3497172.518	4.5944
289415.870	3497172.504	4.5809
289415.739	3497172.490	4.5667
289415.607	3497172.473	4.5530
289415.477	3497172.455	4.5391
289415.350	3497172.434	4.5270
289415.227	3497172.413	4.5145
289415.103	3497172.392	4.4997
289414.982	3497172.366	4.4869
289414.864	3497172.340	4.4750
289414.746	3497172.314	4.4609
289414.630	3497172.287	4.4485
289414.514	3497172.258	4.4354
289414.399	3497172.229	4.4224
289414.286	3497172.197	4.4103
289414.173	3497172.165	4.3960
289414.058	3497172.134	4.3818
289413.944	3497172.100	4.3683
289413.830	3497172.065	4.3534
289413.718	3497172.030	4.3393
289413.606	3497171.992	4.3256
289413.497	3497171.953	4.3113
289413.391	3497171.908	4.2987
289413.288	3497171.860	4.2870
289413.187	3497171.813	4.2738
289413.086	3497171.768	4.2604
289412.985	3497171.721	4.2488
289412.886	3497171.672	4.2367
289412.789	3497171.622	4.2233
289412.691	3497171.567	4.2106
289412.594	3497171.511	4.1997
289412.497	3497171.455	4.1874
289412.401	3497171.398	4.1739
289412.305	3497171.340	4.1619
289412.208	3497171.281	4.1492
289412.107	3497171.224	4.1351
289412.010	3497171.162	4.1239
289411.912	3497171.098	4.1105
289411.815	3497171.032	4.0979
289411.718	3497170.968	4.0850
289411.622	3497170.903	4.0727
289411.528	3497170.832	4.0628
289411.435	3497170.761	4.0511
289411.339	3497170.688	4.0382
289411.245	3497170.613	4.0279
289411.150	3497170.538	4.0173
289411.054	3497170.463	4.0055
289410.959	3497170.386	3.9947
289410.864	3497170.307	3.9841
289410.771	3497170.229	3.9725
289410.682	3497170.148	3.9618
289410.591	3497170.067	3.9482
289410.498	3497169.984	3.9346
289410.408	3497169.898	3.9243
289410.319	3497169.811	3.9114
289410.231	3497169.724	3.8980
289410.144	3497169.636	3.8856
289410.061	3497169.545	3.8751
289409.979	3497169.455	3.8622
289409.897	3497169.363	3.8501
289409.815	3497169.272	3.8376
289409.732	3497169.179	3.8258
289409.650	3497169.085	3.8139
289409.570	3497168.990	3.8019
289409.491	3497168.893	3.7894
289409.414	3497168.796	3.7764
289409.337	3497168.697	3.7642
289409.261	3497168.597	3.7522
289409.187	3497168.497	3.7411
289409.116	3497168.391	3.7311
289409.045	3497168.285	3.7183
289408.975	3497168.179	3.7067
289408.905	3497168.073	3.6953
289408.835	3497167.968	3.6830
289408.766	3497167.863	3.6714
289408.700	3497167.757	3.6596
289408.635	3497167.649	3.6475
289408.571	3497167.541	3.6364
289408.507	3497167.433	3.6259
289408.444	3497167.324	3.6150
289408.380	3497167.216	3.6013
289408.322	3497167.105	3.5916
289408.266	3497166.993	3.5811
289408.211	3497166.881	3.5703
289408.157	3497166.768	3.5598
289408.105	3497166.654	3.5491
289408.051	3497166.542	3.5384
289407.999	3497166.428	3.5290
289407.950	3497166.313	3.5192
289407.901	3497166.198	3.5100
289407.855	3497166.079	3.5014
289407.810	3497165.960	3.4917
289407.766	3497165.841	3.4818
289407.723	3497165.723	3.4733
289407.679	3497165.606	3.4646
289407.634	3497165.489	3.4554
289407.589	3497165.373	3.4468
289407.549	3497165.254	3.4395
289407.510	3497165.136	3.4318
289407.471	3497165.017	3.4237
289407.430	3497164.899	3.4156
289407.391	3497164.780	3.4086
289407.354	3497164.659	3.4013
289407.317	3497164.534	3.3935
289407.283	3497164.408	3.3869
289407.247	3497164.282	3.3798
289407.211	3497164.156	3.3733
289407.178	3497164.030	3.3670
289407.147	3497163.905	3.3614
289407.119	3497163.780	3.3567
289407.091	3497163.655	3.3506
289407.063	3497163.531	3.3448
289407.035	3497163.407	3.3403
289407.008	3497163.283	3.3355
289406.979	3497163.159	3.3300
289406.951	3497163.034	3.3262
289406.924	3497162.908	3.3220
289406.898	3497162.782	3.3175
289406.873	3497162.656	3.3138
289406.850	3497162.530	3.3112
289406.826	3497162.402	3.3070
289406.804	3497162.273	3.3050
289406.780	3497162.144	3.3027
289406.757	3497162.015	3.2991
289406.733	3497161.885	3.2967
289406.708	3497161.754	3.2953
289406.681	3497161.624	3.2918
289406.655	3497161.492	3.2896
289406.632	3497161.360	3.2899
289406.611	3497161.229	3.2881
289406.588	3497161.096	3.2858
289406.563	3497160.964	3.2838
289406.539	3497160.832	3.2825
289406.519	3497160.698	3.2829
289406.499	3497160.564	3.2819
289406.480	3497160.430	3.2821
289406.459	3497160.296	3.2823
289406.436	3497160.163	3.2823
289406.415	3497160.031	3.2831
289406.396	3497159.899	3.2826
289406.378	3497159.766	3.2830
289406.359	3497159.631	3.2826
289406.335	3497159.496	3.2821
289406.313	3497159.358	3.2841
289406.289	3497159.222	3.2839
289406.265	3497159.085	3.2849
289406.242	3497158.946	3.2883
289406.216	3497158.807	3.2889
289406.192	3497158.667	3.2904
289406.166	3497158.525	3.2933
289406.139	3497158.383	3.2954
289406.109	3497158.241	3.2972
289406.079	3497158.099	3.2996
289406.051	3497157.957	3.3031
289406.024	3497157.816	3.3055
289405.999	3497157.677	3.3087
289405.974	3497157.538	3.3120
289405.945	3497157.400	3.3141
289405.915	3497157.263	3.3170
289405.886	3497157.127	3.3195
289405.856	3497156.993	3.3215
289405.827	3497156.859	3.3243
289405.800	3497156.726	3.3271
289405.772	3497156.595	3.3292
289405.744	3497156.463	3.3324
289405.715	3497156.331	3.3355
289405.681	3497156.199	3.3368
289405.648	3497156.065	3.3396
289405.618	3497155.930	3.3437
289405.586	3497155.794	3.3458
289405.555	3497155.659	3.3499
289405.522	3497155.522	3.3525
289405.489	3497155.386	3.3559
289405.457	3497155.250	3.3608
289405.423	3497155.113	3.3641
289405.385	3497154.979	3.3669
289405.348	3497154.844	3.3719
289405.311	3497154.709	3.3768
289405.275	3497154.576	3.3808
289405.242	3497154.447	3.3869
289405.210	3497154.315	3.3926
289405.175	3497154.187	3.3955
289405.138	3497154.060	3.4000
289405.100	3497153.932	3.4061
289405.060	3497153.803	3.4105
289405.020	3497153.675	3.4163
289404.981	3497153.545	3.4226
289404.940	3497153.415	3.4295
289404.898	3497153.285	3.4368
289404.855	3497153.158	3.4435
289404.811	3497153.030	3.4517
289404.767	3497152.904	3.4593
289404.722	3497152.777	3.4664
289404.675	3497152.651	3.4736
289404.626	3497152.526	3.4813
289404.577	3497152.399	3.4903
289404.529	3497152.273	3.4984
289404.480	3497152.147	3.5077
289404.428	3497152.023	3.5151
289404.372	3497151.903	3.5218
289404.318	3497151.782	3.5320
289404.263	3497151.664	3.5401
289404.208	3497151.545	3.5470
289404.156	3497151.423	3.5564
289404.102	3497151.302	3.5644
289404.045	3497151.183	3.5721
289403.989	3497151.064	3.5820
289403.930	3497150.944	3.5917
289403.871	3497150.824	3.6015
289403.808	3497150.706	3.6096
289403.743	3497150.588	3.6194
289403.678	3497150.472	3.6294
289403.612	3497150.358	3.6385
289403.545	3497150.245	3.6483
289403.478	3497150.135	3.6564
289403.408	3497150.026	3.6658
289403.337	3497149.917	3.6755
289403.266	3497149.809	3.6836
289403.198	3497149.698	3.6939
289403.130	3497149.589	3.7045
289403.056	3497149.482	3.7131
289402.979	3497149.376	3.7224
289402.905	3497149.269	3.7330
289402.829	3497149.163	3.7422
289402.749	3497149.059	3.7504
289402.668	3497148.954	3.7600
289402.588	3497148.849	3.7694
289402.506	3497148.742	3.7784
289402.420	3497148.637	3.7880
289402.337	3497148.533	3.7981
289402.253	3497148.429	3.8075
289402.168	3497148.327	3.8177
289402.082	3497148.226	3.8282
289401.992	3497148.129	3.8365
289401.901	3497148.031	3.8477
289401.812	3497147.932	3.8607
289401.719	3497147.833	3.8713
289401.625	3497147.735	3.8821
289401.530	3497147.637	3.8945
289401.430	3497147.541	3.9044
289401.330	3497147.446	3.9154
289401.231	3497147.349	3.9299
289401.131	3497147.251	3.9413
289401.024	3497147.155	3.9497
289400.920	3497147.059	3.9642
289400.816	3497146.962	3.9776
289400.708	3497146.867	3.9862
289400.600	3497146.774	3.9971
289400.490	3497146.685	4.0088
289400.379	3497146.597	4.0183
289400.268	3497146.512	4.0274
289400.157	3497146.430	4.0373
289400.048	3497146.348	4.0481
289399.938	3497146.269	4.0581
289399.825	3497146.192	4.0662
289399.713	3497146.114	4.0759
289399.601	3497146.034	4.0873
289399.489	3497145.954	4.0983
289399.376	3497145.874	4.1083
289399.260	3497145.796	4.1192
289399.144	3497145.718	4.1316
289399.026	3497145.643	4.1418
289398.908	3497145.571	4.1523
289398.790	3497145.502	4.1621
289398.671	3497145.434	4.1723
289398.551	3497145.369	4.1823
289398.432	3497145.305	4.1912
289398.315	3497145.243	4.1992
289398.197	3497145.183	4.2081
289398.080	3497145.122	4.2169
289397.960	3497145.064	4.2236
289397.841	3497145.005	4.2322
289397.722	3497144.945	4.2437
289397.601	3497144.888	4.2520
289397.480	3497144.832	4.2619
289397.360	3497144.773	4.2754
289397.237	3497144.717	4.2850
289397.113	3497144.662	4.2950
289396.989	3497144.608	4.3069
289396.863	3497144.557	4.3179
289396.735	3497144.510	4.3272
289396.610	3497144.464	4.3379
289396.485	3497144.418	4.3491
289396.358	3497144.374	4.3592
289396.231	3497144.331	4.3693
289396.103	3497144.288	4.3801
289395.975	3497144.246	4.3917
289395.848	3497144.210	4.4002
289395.720	3497144.177	4.4098
289395.593	3497144.143	4.4207
289395.465	3497144.109	4.4300
289395.337	3497144.071	4.4425
289395.206	3497144.036	4.4529
289395.074	3497144.006	4.4612
289394.941	3497143.976	4.4722
289394.809	3497143.946	4.4835
289394.676	3497143.921	4.4924
289394.544	3497143.898	4.5027
289394.415	3497143.874	4.5143
289394.286	3497143.850	4.5241
289394.156	3497143.828	4.5339
289394.027	3497143.806	4.5440
289393.899	3497143.786	4.5540
289393.773	3497143.771	4.5634
289393.647	3497143.761	4.5721
289393.520	3497143.749	4.5825
289393.393	3497143.734	4.5925
289393.263	3497143.718	4.6020
289393.132	3497143.701	4.6114
289393.001	3497143.686	4.6209
289392.872	3497143.677	4.6288
289392.744	3497143.675	4.6390
289392.612	3497143.673	4.6489
289392.477	3497143.662	4.6578
289392.346	3497143.642	4.6677
289392.229	3497143.628	4.6741
289392.096	3497143.624	4.6851
289391.996	3497143.640	4.6899
289392.097	3497143.631	4.6832
289391.981	3497143.623	4.7108
289391.870	3497143.638	4.7406
289391.748	3497143.652	4.7708
289391.644	3497143.669	4.7974
289391.522	3497143.687	4.8289
289391.412	3497143.703	4.8553
289391.283	3497143.730	4.8878
289391.185	3497143.752	4.9146
289391.081	3497143.780	4.9418
289390.975	3497143.816	4.9694
289390.867	3497143.854	4.9999
289390.749	3497143.892	5.0353
289390.619	3497143.934	5.0692
289390.481	3497143.980	5.0989
289390.341	3497144.035	5.1320
289390.207	3497144.103	5.1632
289390.076	3497144.181	5.1891
289389.946	3497144.258	5.2165
289389.813	3497144.331	5.2468
289389.680	3497144.409	5.2747
289389.550	3497144.493	5.3011
289389.426	3497144.586	5.3254
289389.303	3497144.682	5.3502
289389.179	3497144.778	5.3763
289389.057	3497144.879	5.4000
289388.936	3497144.985	5.4214
289388.820	3497145.096	5.4432
289388.703	3497145.209	5.4658
289388.587	3497145.326	5.4847
289388.472	3497145.444	5.5023
289388.356	3497145.565	5.5208
289388.241	3497145.691	5.5357
289388.126	3497145.818	5.5507
289388.013	3497145.948	5.5662
289387.907	3497146.083	5.5766
289387.801	3497146.217	5.5860
289387.693	3497146.350	5.5960
289387.588	3497146.487	5.6022
289387.484	3497146.625	5.6060
289387.379	3497146.760	5.6105
289387.277	3497146.890	5.6143
289387.178	3497147.014	5.6162
289387.081	3497147.133	5.6178
289386.988	3497147.246	5.6198
289386.901	3497147.358	5.6196
289386.820	3497147.469	5.6186
289386.746	3497147.576	5.6178
289386.676	3497147.676	5.6178
289386.613	3497147.766	5.6167
289386.527	3497147.882	5.6173
289386.461	3497147.977	5.6157
289386.393	3497148.066	5.6169
289386.454	3497147.982	5.6167
289386.384	3497148.077	5.6148
289386.307	3497148.179	5.6077
289386.223	3497148.283	5.5999
289386.150	3497148.379	5.5874
289386.059	3497148.490	5.5768
289385.994	3497148.572	5.5631
289385.920	3497148.659	5.5495
289385.840	3497148.748	5.5364
289385.755	3497148.838	5.5211
289385.670	3497148.933	5.5010
289385.583	3497149.023	5.4858
289385.497	3497149.112	5.4705
289385.415	3497149.198	5.4557
289385.336	3497149.277	5.4444
289385.258	3497149.349	5.4352
289385.150	3497149.446	5.4213
289385.046	3497149.534	5.4116
289384.944	3497149.618	5.4015
289384.844	3497149.700	5.3923
289384.744	3497149.783	5.3844
289384.639	3497149.868	5.3761
289384.526	3497149.960	5.3682
289384.448	3497150.024	5.3624
289384.334	3497150.113	5.3568
289384.241	3497150.187	5.3519
289384.153	3497150.258	5.3482
289384.070	3497150.314	5.3641
289383.976	3497150.393	5.3858
289383.889	3497150.468	5.4069
289383.794	3497150.558	5.4297
289383.712	3497150.632	5.4510
289383.624	3497150.718	5.4724
289383.528	3497150.813	5.4974
289383.445	3497150.906	5.5151
289383.377	3497150.984	5.5378
289383.309	3497151.063	5.5520
289383.235	3497151.146	5.5721
289383.154	3497151.246	5.5899
289383.069	3497151.349	5.6098
289382.997	3497151.438	5.6270
289382.917	3497151.544	5.6437
289382.832	3497151.664	5.6612
289382.743	3497151.795	5.6777
289382.652	3497151.939	5.6898
289382.558	3497152.089	5.6971
289382.462	3497152.241	5.7013
289382.364	3497152.395	5.7048
289382.268	3497152.550	5.7038
289382.172	3497152.707	5.7007
289382.072	3497152.862	5.7013
289381.972	3497153.014	5.7018
289381.875	3497153.166	5.7001
289381.779	3497153.313	5.6999
289381.688	3497153.456	5.7004
289381.601	3497153.593	5.6997
289381.522	3497153.718	5.6984
289381.451	3497153.825	5.6987
289381.391	3497153.917	5.6973
289381.311	3497154.041	5.6970
289381.234	3497154.162	5.6948
289381.152	3497154.287	5.6947
289381.097	3497154.372	5.6936
289381.038	3497154.461	5.6918
289380.977	3497154.552	5.6917
289380.916	3497154.646	5.6904
289380.854	3497154.742	5.6886
289380.789	3497154.840	5.6881
289380.723	3497154.940	5.6859
289380.660	3497155.037	5.6848
289380.601	3497155.129	5.6829
289380.546	3497155.213	5.6808
289380.473	3497155.329	5.6788
289380.404	3497155.442	5.6771
289380.331	3497155.553	5.6757
289380.254	3497155.665	5.6740
289380.177	3497155.782	5.6712
289380.105	3497155.886	5.6700
289380.047	3497155.972	5.6672
289379.988	3497156.062	5.6658
289379.926	3497156.152	5.6646
289379.867	3497156.240	5.6620
289379.805	3497156.335	5.6607
289379.741	3497156.428	5.6599
289379.681	3497156.515	5.6599
289379.606	3497156.621	5.6597
289379.544	3497156.715	5.6593
289379.476	3497156.818	5.6587
289379.399	3497156.928	5.6592
289379.327	3497157.035	5.6580
289379.264	3497157.132	5.6567
289379.200	3497157.230	5.6563
289379.137	3497157.323	5.6575
289379.076	3497157.408	5.6564
289379.008	3497157.481	5.6564
289378.945	3497157.572	5.6614
289378.878	3497157.672	5.6713
289378.817	3497157.777	5.6877
289378.756	3497157.878	5.7079
289378.690	3497157.991	5.7333
289378.636	3497158.084	5.7539
289378.581	3497158.188	5.7755
289378.524	3497158.299	5.7996
289378.467	3497158.417	5.8230
289378.417	3497158.527	5.8458
289378.372	3497158.629	5.8662
289378.331	3497158.730	5.8831
289378.288	3497158.836	5.8968
289378.243	3497158.952	5.9070
289378.196	3497159.082	5.9149
289378.144	3497159.224	5.9214
289378.109	3497159.324	5.9254
289378.074	3497159.427	5.9267
289378.037	3497159.534	5.9265
289377.997	3497159.643	5.9259
289377.957	3497159.758	5.9194
289377.915	3497159.875	5.9115
289377.872	3497159.993	5.9038
289377.826	3497160.113	5.8948
289377.775	3497160.234	5.8864
289377.722	3497160.360	5.8786
289377.669	3497160.494	5.8712
289377.613	3497160.639	5.8636
289377.549	3497160.794	5.8555
289377.477	3497160.961	5.8455
289377.401	3497161.138	5.8342
289377.361	3497161.230	5.8268
289377.320	3497161.324	5.8191
289377.278	3497161.417	5.8112
289377.234	3497161.511	5.8037
289377.188	3497161.602	5.7962
289377.140	3497161.694	5.7884
289377.091	3497161.786	5.7806
289377.041	3497161.879	5.7729
289376.989	3497161.972	5.7657
289376.937	3497162.066	5.7582
289376.884	3497162.162	5.7507
289376.831	3497162.259	5.7432
289376.777	3497162.359	5.7367
289376.721	3497162.459	5.7312
289376.663	3497162.561	5.7264
289376.604	3497162.664	5.7222
289376.544	3497162.767	5.7172
289376.482	3497162.872	5.7117
289376.419	3497162.979	5.7062
289376.354	3497163.087	5.7013
289376.287	3497163.196	5.6962
289376.217	3497163.307	5.6910
289376.145	3497163.419	5.6859
289376.071	3497163.533	5.6811
289375.995	3497163.648	5.6766
289375.918	3497163.764	5.6719
289375.840	3497163.882	5.6669
289375.760	3497164.002	5.6615
289375.678	3497164.124	5.6566
289375.594	3497164.247	5.6528
289375.507	3497164.372	5.6497
289375.419	3497164.498	5.6471
289375.329	3497164.627	5.6447
289375.238	3497164.758	5.6426
289375.145	3497164.889	5.6415
289375.050	3497165.023	5.6406
289374.953	3497165.158	5.6400
289374.855	3497165.296	5.6400
289374.757	3497165.436	5.6405
289374.657	3497165.578	5.6410
289374.556	3497165.722	5.6411
289374.454	3497165.867	5.6411
289374.349	3497166.014	5.6411
289374.242	3497166.163	5.6405
289374.135	3497166.314	5.6395
289374.028	3497166.468	5.6385
289373.919	3497166.624	5.6379
289373.810	3497166.780	5.6369
289373.699	3497166.937	5.6357
289373.586	3497167.094	5.6348
289373.472	3497167.253	5.6342
289373.356	3497167.411	5.6342
289373.238	3497167.570	5.6352
289373.120	3497167.728	5.6363
289373.003	3497167.886	5.6375
289372.886	3497168.045	5.6384
289372.769	3497168.206	5.6387
289372.654	3497168.368	5.6386
289372.539	3497168.530	5.6380
289372.424	3497168.693	5.6378
289372.308	3497168.856	5.6381
289372.191	3497169.018	5.6383
289372.075	3497169.182	5.6382
289371.957	3497169.345	5.6385
289371.839	3497169.509	5.6390
289371.721	3497169.673	5.6399
289371.602	3497169.838	5.6414
289371.484	3497170.002	5.6424
289371.367	3497170.165	5.6437
289371.251	3497170.329	5.6454
289371.135	3497170.493	5.6472
289371.019	3497170.657	5.6491
289370.903	3497170.820	5.6510
289370.789	3497170.984	5.6525
289370.675	3497171.147	5.6543
289370.561	3497171.309	5.6560
289370.449	3497171.470	5.6576
289370.338	3497171.633	5.6586
289370.228	3497171.796	5.6596
289370.120	3497171.959	5.6611
289370.012	3497172.121	5.6629
289369.904	3497172.281	5.6653
289369.796	3497172.441	5.6681
289369.687	3497172.599	5.6714
289369.580	3497172.758	5.6744
289369.474	3497172.915	5.6773
289369.370	3497173.072	5.6797
289369.267	3497173.228	5.6813
289369.166	3497173.383	5.6826
289369.067	3497173.537	5.6838
289368.968	3497173.692	5.6850
289368.871	3497173.846	5.6860
289368.775	3497173.999	5.6877
289368.678	3497174.151	5.6896
289368.582	3497174.302	5.6913
289368.486	3497174.452	5.6920
289368.389	3497174.600	5.6929
289368.295	3497174.747	5.6934
289368.199	3497174.895	5.6942
289368.104	3497175.043	5.6946
289368.009	3497175.190	5.6942
289367.913	3497175.338	5.6934
289367.817	3497175.485	5.6924
289367.722	3497175.633	5.6911
289367.626	3497175.782	5.6901
289367.529	3497175.934	5.6894
289367.430	3497176.087	5.6882
289367.329	3497176.242	5.6874
289367.228	3497176.398	5.6876
289367.126	3497176.555	5.6877
289367.024	3497176.716	5.6874
289366.921	3497176.877	5.6869
289366.816	3497177.040	5.6867
289366.709	3497177.204	5.6869
289366.600	3497177.370	5.6871
289366.491	3497177.539	5.6866
289366.383	3497177.709	5.6866
289366.273	3497177.880	5.6869
289366.163	3497178.052	5.6870
289366.051	3497178.225	5.6863
289365.937	3497178.401	5.6858
289365.823	3497178.579	5.6859
289365.706	3497178.758	5.6861
289365.589	3497178.939	5.6859
289365.470	3497179.122	5.6854
289365.350	3497179.308	5.6844
289365.229	3497179.496	5.6832
289365.107	3497179.687	5.6821
289364.983	3497179.879	5.6819
289364.856	3497180.072	5.6818
289364.729	3497180.267	5.6814
289364.599	3497180.465	5.6809
289364.467	3497180.664	5.6798
289364.336	3497180.865	5.6783
289364.203	3497181.067	5.6770
289364.071	3497181.271	5.6756
289363.936	3497181.477	5.6738
289363.801	3497181.685	5.6726
289363.663	3497181.894	5.6723
289363.522	3497182.104	5.6725
289363.381	3497182.316	5.6727
289363.239	3497182.530	5.6727
289363.097	3497182.746	5.6726
289362.953	3497182.965	5.6725
289362.809	3497183.184	5.6723
289362.662	3497183.405	5.6720
289362.513	3497183.626	5.6720
289362.362	3497183.847	5.6722
289362.210	3497184.070	5.6720
289362.057	3497184.294	5.6718
289361.904	3497184.521	5.6712
289361.751	3497184.751	5.6702
289361.596	3497184.983	5.6695
289361.441	3497185.215	5.6692
289361.284	3497185.448	5.6696
289361.126	3497185.682	5.6700
289360.966	3497185.917	5.6705
289360.806	3497186.153	5.6711
289360.646	3497186.390	5.6722
289360.484	3497186.627	5.6731
289360.323	3497186.867	5.6739
289360.162	3497187.108	5.6745
289360.002	3497187.350	5.6751
289359.841	3497187.594	5.6758
289359.681	3497187.839	5.6764
289359.519	3497188.085	5.6769
289359.356	3497188.332	5.6773
289359.192	3497188.579	5.6778
289359.028	3497188.826	5.6778
289358.864	3497189.073	5.6779
289358.699	3497189.321	5.6778
289358.535	3497189.571	5.6779
289358.372	3497189.822	5.6779
289358.208	3497190.073	5.6783
289358.044	3497190.324	5.6789
289357.877	3497190.576	5.6799
289357.708	3497190.829	5.6811
289357.540	3497191.082	5.6825
289357.373	3497191.338	5.6841
289357.209	3497191.595	5.6854
289357.046	3497191.852	5.6862
289356.883	3497192.109	5.6866
289356.718	3497192.363	5.6876
289356.550	3497192.615	5.6889
289356.384	3497192.867	5.6896
289356.219	3497193.118	5.6906
289356.055	3497193.372	5.6906
289355.894	3497193.625	5.6896
289355.733	3497193.878	5.6892
289355.572	3497194.130	5.6891
289355.410	3497194.382	5.6897
289355.248	3497194.632	5.6898
289355.087	3497194.881	5.6893
289354.926	3497195.130	5.6893
289354.766	3497195.378	5.6890
289354.607	3497195.627	5.6889
289354.448	3497195.875	5.6886
289354.289	3497196.123	5.6886
289354.130	3497196.368	5.6891
289353.969	3497196.612	5.6891
289353.810	3497196.856	5.6887
289353.651	3497197.099	5.6880
289353.493	3497197.341	5.6876
289353.336	3497197.583	5.6872
289353.180	3497197.825	5.6869
289353.025	3497198.066	5.6867
289352.870	3497198.305	5.6867
289352.716	3497198.543	5.6863
289352.562	3497198.781	5.6860
289352.408	3497199.018	5.6860
289352.254	3497199.252	5.6852
289352.100	3497199.486	5.6841
289351.949	3497199.719	5.6827
289351.800	3497199.952	5.6817
289351.651	3497200.185	5.6808
289351.501	3497200.415	5.6802
289351.352	3497200.645	5.6801
289351.203	3497200.872	5.6807
289351.054	3497201.096	5.6813
289350.906	3497201.320	5.6809
289350.758	3497201.544	5.6803
289350.612	3497201.768	5.6798
289350.466	3497201.991	5.6794
289350.320	3497202.213	5.6792
289350.174	3497202.435	5.6790
289350.028	3497202.657	5.6794
289349.882	3497202.879	5.6804
289349.736	3497203.099	5.6814
289349.591	3497203.319	5.6825
289349.446	3497203.538	5.6832
289349.303	3497203.758	5.6840
289349.161	3497203.979	5.6839
289349.020	3497204.199	5.6835
289348.878	3497204.419	5.6832
289348.737	3497204.639	5.6828
289348.595	3497204.858	5.6830
289348.452	3497205.076	5.6836
289348.310	3497205.295	5.6838
289348.168	3497205.513	5.6840
289348.026	3497205.732	5.6836
289347.882	3497205.949	5.6836
289347.739	3497206.167	5.6836
289347.595	3497206.384	5.6831
289347.452	3497206.603	5.6827
289347.310	3497206.823	5.6825
289347.170	3497207.044	5.6822
289347.028	3497207.266	5.6817
289346.882	3497207.487	5.6816
289346.735	3497207.709	5.6820
289346.587	3497207.930	5.6821
289346.439	3497208.151	5.6822
289346.291	3497208.374	5.6823
289346.145	3497208.598	5.6816
289345.999	3497208.824	5.6811
289345.852	3497209.049	5.6805
289345.703	3497209.275	5.6808
289345.556	3497209.501	5.6810
289345.408	3497209.728	5.6820
289345.259	3497209.957	5.6821
289345.111	3497210.185	5.6823
289344.962	3497210.414	5.6824
289344.813	3497210.643	5.6831
289344.662	3497210.871	5.6837
289344.511	3497211.100	5.6837
289344.362	3497211.331	5.6832
289344.213	3497211.562	5.6826
289344.066	3497211.795	5.6822
289343.917	3497212.026	5.6823
289343.768	3497212.257	5.6825
289343.618	3497212.486	5.6826
289343.466	3497212.715	5.6831
289343.313	3497212.943	5.6836
289343.162	3497213.172	5.6836
289343.013	3497213.400	5.6832
289342.864	3497213.627	5.6826
289342.716	3497213.854	5.6819
289342.568	3497214.080	5.6814
289342.419	3497214.306	5.6812
289342.272	3497214.531	5.6812
289342.125	3497214.755	5.6810
289341.978	3497214.978	5.6809
289341.832	3497215.199	5.6804
289341.687	3497215.419	5.6801
289341.542	3497215.638	5.6796
289341.399	3497215.856	5.6792
289341.256	3497216.074	5.6789
289341.114	3497216.291	5.6787
289340.973	3497216.506	5.6788
289340.833	3497216.719	5.6787
289340.693	3497216.931	5.6788
289340.554	3497217.143	5.6791
289340.415	3497217.354	5.6795
289340.277	3497217.564	5.6798
289340.139	3497217.772	5.6797
289340.001	3497217.979	5.6793
289339.864	3497218.185	5.6790
289339.727	3497218.389	5.6792
289339.592	3497218.592	5.6791
289339.459	3497218.795	5.6785
289339.329	3497218.998	5.6778
289339.200	3497219.199	5.6768
289339.070	3497219.400	5.6768
289338.939	3497219.599	5.6775
289338.808	3497219.796	5.6786
289338.678	3497219.993	5.6800
289338.550	3497220.189	5.6810
289338.425	3497220.384	5.6808
289338.299	3497220.578	5.6806
289338.173	3497220.771	5.6806
289338.046	3497220.961	5.6809
289337.919	3497221.150	5.6817
289337.791	3497221.337	5.6833
289337.665	3497221.523	5.6844
289337.543	3497221.710	5.6845
289337.422	3497221.898	5.6843
289337.303	3497222.085	5.6845
289337.183	3497222.271	5.6855
289337.064	3497222.454	5.6865
289336.945	3497222.637	5.6872
289336.825	3497222.819	5.6880
289336.707	3497223.000	5.6887
289336.588	3497223.180	5.6895
289336.468	3497223.361	5.6904
289336.350	3497223.542	5.6913
289336.232	3497223.724	5.6916
289336.116	3497223.906	5.6913
289336.000	3497224.089	5.6908
289335.885	3497224.272	5.6907
289335.769	3497224.455	5.6920
289335.653	3497224.637	5.6929
289335.537	3497224.818	5.6936
289335.421	3497225.000	5.6937
289335.307	3497225.182	5.6932
289335.192	3497225.364	5.6932
289335.077	3497225.547	5.6932
289334.963	3497225.730	5.6927
289334.849	3497225.912	5.6920
289334.736	3497226.095	5.6917
289334.622	3497226.277	5.6914
289334.507	3497226.459	5.6911
289334.392	3497226.640	5.6913
289334.275	3497226.820	5.6917
289334.159	3497227.000	5.6923
289334.043	3497227.181	5.6925
289333.929	3497227.362	5.6924
289333.815	3497227.542	5.6926
289333.703	3497227.725	5.6925
289333.590	3497227.908	5.6927
289333.475	3497228.091	5.6925
289333.361	3497228.273	5.6925
289333.244	3497228.453	5.6927
289333.126	3497228.632	5.6931
289333.007	3497228.810	5.6932
289332.888	3497228.989	5.6929
289332.770	3497229.168	5.6925
289332.653	3497229.348	5.6916
289332.537	3497229.529	5.6909
289332.422	3497229.710	5.6905
289332.306	3497229.892	5.6902
289332.190	3497230.073	5.6898
289332.073	3497230.253	5.6893
289331.955	3497230.434	5.6886
289331.836	3497230.614	5.6885
289331.715	3497230.794	5.6885
289331.593	3497230.974	5.6883
289331.473	3497231.154	5.6877
289331.354	3497231.335	5.6872
289331.236	3497231.517	5.6863
289331.118	3497231.701	5.6857
289331.001	3497231.886	5.6852
289330.882	3497232.071	5.6856
289330.763	3497232.256	5.6853
289330.644	3497232.440	5.6850
289330.523	3497232.623	5.6849
289330.401	3497232.806	5.6849
289330.279	3497232.990	5.6845
289330.157	3497233.175	5.6841
289330.035	3497233.361	5.6837
289329.915	3497233.548	5.6833
289329.795	3497233.736	5.6827
289329.674	3497233.924	5.6822
289329.553	3497234.113	5.6817
289329.430	3497234.301	5.6815
289329.307	3497234.488	5.6811
289329.183	3497234.676	5.6813
289329.059	3497234.863	5.6809
289328.936	3497235.051	5.6796
289328.813	3497235.239	5.6783
289328.690	3497235.427	5.6770
289328.567	3497235.616	5.6767
289328.442	3497235.804	5.6767
289328.316	3497235.992	5.6768
289328.189	3497236.179	5.6774
289328.063	3497236.368	5.6772
289327.939	3497236.558	5.6768
289327.817	3497236.748	5.6766
289327.696	3497236.940	5.6761
289327.574	3497237.131	5.6756
289327.452	3497237.322	5.6751
289327.327	3497237.514	5.6752
289327.199	3497237.706	5.6757
289327.070	3497237.896	5.6768
289326.942	3497238.088	5.6770
289326.814	3497238.280	5.6767
289326.687	3497238.473	5.6759
289326.562	3497238.667	5.6750
289326.436	3497238.860	5.6745
289326.311	3497239.054	5.6743
289326.185	3497239.247	5.6751
289326.058	3497239.439	5.6755
289325.931	3497239.631	5.6758
289325.803	3497239.823	5.6754
289325.675	3497240.014	5.6753
289325.547	3497240.206	5.6756
289325.421	3497240.397	5.6758
289325.294	3497240.588	5.6767
289325.169	3497240.778	5.6775
289325.044	3497240.968	5.6777
289324.920	3497241.157	5.6778
289324.796	3497241.345	5.6780
289324.672	3497241.532	5.6786
289324.550	3497241.718	5.6794
289324.428	3497241.903	5.6794
289324.307	3497242.087	5.6795
