289409.561	3497250.555	4.5683
289409.450	3497250.540	4.5639
289409.347	3497250.526	4.5507
289409.244	3497250.514	4.5350
289409.133	3497250.484	4.5120
289409.029	3497250.455	4.4883
289408.907	3497250.419	4.4646
289408.806	3497250.384	4.4430
289408.691	3497250.345	4.4214
289408.562	3497250.296	4.3964
289408.470	3497250.244	4.3776
289408.375	3497250.189	4.3581
289408.275	3497250.135	4.3352
289408.168	3497250.078	4.3121
289408.058	3497250.014	4.2884
289407.947	3497249.942	4.2640
289407.837	3497249.865	4.2380
289407.725	3497249.780	4.2147
289407.615	3497249.690	4.1927
289407.512	3497249.605	4.1632
289407.411	3497249.507	4.1366
289407.308	3497249.404	4.1114
289407.210	3497249.294	4.0841
289407.118	3497249.175	4.0578
289407.026	3497249.047	4.0339
289406.936	3497248.921	4.0074
289406.846	3497248.788	3.9827
289406.760	3497248.651	3.9578
289406.676	3497248.514	3.9309
289406.595	3497248.378	3.9007
289406.520	3497248.245	3.8720
289406.447	3497248.111	3.8415
289406.377	3497247.974	3.8125
289406.310	3497247.830	3.7867
289406.249	3497247.692	3.7569
289406.190	3497247.545	3.7300
289406.136	3497247.394	3.7032
289406.082	3497247.244	3.6756
289406.032	3497247.091	3.6490
289405.987	3497246.936	3.6217
289405.946	3497246.784	3.5962
289405.907	3497246.636	3.5683
289405.870	3497246.482	3.5433
289405.836	3497246.327	3.5177
289405.810	3497246.168	3.4912
289405.789	3497246.007	3.4659
289405.767	3497245.843	3.4405
289405.747	3497245.673	3.4164
289405.734	3497245.499	3.3916
289405.726	3497245.327	3.3652
289405.719	3497245.159	3.3409
289405.712	3497244.988	3.3160
289405.711	3497244.814	3.2911
289405.720	3497244.638	3.2657
289405.733	3497244.459	3.2419
289405.746	3497244.282	3.2177
289405.758	3497244.106	3.1923
289405.773	3497243.931	3.1672
289405.799	3497243.750	3.1437
289405.841	3497243.566	3.1219
289405.884	3497243.385	3.0996
289405.925	3497243.201	3.0751
289405.966	3497243.013	3.0516
289406.008	3497242.819	3.0286
289406.055	3497242.623	3.0057
289406.084	3497242.522	2.9962
289406.114	3497242.422	2.9859
289406.145	3497242.321	2.9759
289406.179	3497242.222	2.9656
289406.213	3497242.121	2.9553
289406.248	3497242.021	2.9448
289406.284	3497241.922	2.9342
289406.322	3497241.822	2.9242
289406.360	3497241.721	2.9145
289406.399	3497241.619	2.9046
289406.438	3497241.517	2.8941
289406.477	3497241.413	2.8838
289406.517	3497241.308	2.8751
289406.559	3497241.203	2.8668
289406.602	3497241.098	2.8584
289406.646	3497240.994	2.8496
289406.690	3497240.891	2.8404
289406.733	3497240.789	2.8307
289406.778	3497240.687	2.8219
289406.824	3497240.585	2.8129
289406.873	3497240.485	2.8031
289406.923	3497240.388	2.7924
289406.973	3497240.291	2.7808
289407.024	3497240.195	2.7691
289407.076	3497240.100	2.7574
289407.128	3497240.006	2.7453
289407.180	3497239.912	2.7340
289407.234	3497239.817	2.7231
289407.290	3497239.724	2.7122
289407.343	3497239.632	2.7003
289407.392	3497239.538	2.6889
289407.442	3497239.446	2.6775
289407.492	3497239.354	2.6663
289407.542	3497239.263	2.6546
289407.593	3497239.173	2.6424
289407.643	3497239.084	2.6301
289407.696	3497238.996	2.6179
289407.750	3497238.909	2.6055
289407.803	3497238.822	2.5926
289407.856	3497238.737	2.5798
289407.913	3497238.652	2.5674
289407.973	3497238.569	2.5546
289408.034	3497238.489	2.5414
289408.095	3497238.409	2.5281
289408.158	3497238.330	2.5151
289408.222	3497238.251	2.5026
289408.287	3497238.172	2.4902
289408.350	3497238.093	2.4769
289408.481	3497237.935	2.4503
289408.560	3497237.856	2.4374
289408.642	3497237.778	2.4255
289408.725	3497237.701	2.4129
289408.810	3497237.626	2.4000
289408.896	3497237.553	2.3872
289408.984	3497237.480	2.3743
289409.072	3497237.408	2.3617
289409.163	3497237.336	2.3498
289409.256	3497237.266	2.3387
289409.350	3497237.197	2.3275
289409.444	3497237.129	2.3155
289409.538	3497237.063	2.3033
289409.631	3497236.995	2.2911
289409.727	3497236.928	2.2797
289409.823	3497236.861	2.2682
289409.919	3497236.796	2.2566
289410.016	3497236.730	2.2452
289410.113	3497236.664	2.2334
289410.210	3497236.599	2.2217
289410.310	3497236.535	2.2120
289410.410	3497236.474	2.2020
289410.514	3497236.416	2.1927
289410.619	3497236.359	2.1830
289410.723	3497236.304	2.1726
289410.830	3497236.250	2.1625
289410.938	3497236.197	2.1529
289411.047	3497236.143	2.1438
289411.157	3497236.090	2.1348
289411.266	3497236.036	2.1252
289411.378	3497235.983	2.1164
289411.491	3497235.929	2.1078
289411.606	3497235.876	2.0990
289411.721	3497235.823	2.0899
289411.840	3497235.771	2.0814
289411.959	3497235.719	2.0732
289412.077	3497235.668	2.0643
289412.195	3497235.617	2.0552
289412.316	3497235.566	2.0470
289412.437	3497235.516	2.0393
289412.556	3497235.464	2.0312
289412.674	3497235.411	2.0235
289412.793	3497235.357	2.0158
289412.914	3497235.303	2.0090
289413.037	3497235.250	2.0030
289413.162	3497235.197	1.9970
289413.287	3497235.144	1.9912
289413.414	3497235.094	1.9856
289413.542	3497235.045	1.9799
289413.671	3497234.997	1.9745
289413.802	3497234.950	1.9693
289413.935	3497234.903	1.9648
289414.069	3497234.856	1.9600
289414.203	3497234.810	1.9549
289414.335	3497234.763	1.9492
289414.468	3497234.715	1.9436
289414.600	3497234.667	1.9384
289414.734	3497234.617	1.9337
289414.868	3497234.567	1.9295
289415.005	3497234.517	1.9256
289415.142	3497234.465	1.9215
289415.282	3497234.409	1.9174
289415.424	3497234.355	1.9135
289415.568	3497234.301	1.9104
289415.714	3497234.250	1.9077
289415.860	3497234.200	1.9048
289416.008	3497234.150	1.9019
289416.156	3497234.100	1.8989
289416.305	3497234.050	1.8957
289416.454	3497233.999	1.8920
289416.604	3497233.945	1.8884
289416.757	3497233.890	1.8850
289416.911	3497233.835	1.8814
289417.065	3497233.779	1.8780
289417.221	3497233.724	1.8752
289417.379	3497233.669	1.8726
289417.536	3497233.615	1.8699
289417.696	3497233.562	1.8675
289417.857	3497233.509	1.8656
289418.019	3497233.457	1.8640
289418.184	3497233.404	1.8618
289418.354	3497233.352	1.8601
289418.524	3497233.299	1.8583
289418.693	3497233.246	1.8562
289418.861	3497233.192	1.8535
289419.031	3497233.137	1.8507
289419.201	3497233.081	1.8477
289419.372	3497233.026	1.8448
289419.545	3497232.971	1.8419
289419.721	3497232.917	1.8399
289419.897	3497232.862	1.8378
289420.073	3497232.808	1.8351
289420.250	3497232.753	1.8324
289420.428	3497232.698	1.8298
289420.607	3497232.644	1.8273
289420.787	3497232.589	1.8244
289420.967	3497232.535	1.8213
289421.149	3497232.482	1.8188
289421.331	3497232.430	1.8168
289421.514	3497232.379	1.8151
289421.699	3497232.329	1.8123
289421.889	3497232.279	1.8101
289422.080	3497232.228	1.8075
289422.272	3497232.176	1.8047
289422.463	3497232.124	1.8021
289422.657	3497232.072	1.8001
289422.853	3497232.021	1.7984
289423.051	3497231.971	1.7966
289423.250	3497231.923	1.7950
289423.451	3497231.876	1.7935
289423.652	3497231.830	1.7922
289423.854	3497231.784	1.7912
289424.054	3497231.737	1.7900
289424.255	3497231.688	1.7881
289424.455	3497231.637	1.7861
289424.656	3497231.585	1.7842
289424.858	3497231.534	1.7824
289425.060	3497231.484	1.7809
289425.264	3497231.436	1.7801
289425.468	3497231.388	1.7792
289425.672	3497231.343	1.7772
289425.879	3497231.299	1.7759
289426.087	3497231.255	1.7744
289426.295	3497231.210	1.7730
289426.503	3497231.165	1.7717
289426.712	3497231.121	1.7705
289426.921	3497231.078	1.7695
289427.129	3497231.034	1.7687
289427.337	3497230.988	1.7680
289427.544	3497230.942	1.7669
289427.752	3497230.896	1.7655
289427.959	3497230.850	1.7644
289428.166	3497230.804	1.7636
289428.373	3497230.760	1.7633
289428.581	3497230.717	1.7633
289428.791	3497230.675	1.7635
289429.001	3497230.634	1.7636
289429.210	3497230.592	1.7631
289429.418	3497230.549	1.7621
289429.625	3497230.505	1.7610
289429.832	3497230.460	1.7598
289430.038	3497230.415	1.7595
289430.244	3497230.371	1.7589
289430.449	3497230.327	1.7583
289430.656	3497230.284	1.7577
289430.863	3497230.241	1.7576
289431.071	3497230.200	1.7579
289431.278	3497230.159	1.7578
289431.484	3497230.118	1.7582
289431.690	3497230.075	1.7584
289431.895	3497230.032	1.7578
289432.100	3497229.989	1.7571
289432.307	3497229.948	1.7569
289432.513	3497229.907	1.7567
289432.719	3497229.866	1.7568
289432.924	3497229.825	1.7567
289433.129	3497229.784	1.7565
289433.334	3497229.744	1.7560
289433.538	3497229.703	1.7551
289433.743	3497229.663	1.7551
289433.948	3497229.621	1.7552
289434.153	3497229.578	1.7553
289434.358	3497229.536	1.7556
289434.563	3497229.493	1.7557
289434.767	3497229.449	1.7555
289434.971	3497229.404	1.7551
289435.175	3497229.358	1.7551
289435.380	3497229.313	1.7557
289435.586	3497229.269	1.7562
289435.791	3497229.225	1.7562
289435.995	3497229.181	1.7562
289436.200	3497229.137	1.7565
289436.404	3497229.092	1.7567
289436.608	3497229.046	1.7569
289436.812	3497229.000	1.7569
289437.015	3497228.953	1.7564
289437.220	3497228.906	1.7564
289437.424	3497228.859	1.7561
289437.629	3497228.814	1.7563
289437.834	3497228.769	1.7570
289438.043	3497228.726	1.7582
289438.250	3497228.685	1.7584
289438.457	3497228.643	1.7581
289438.664	3497228.600	1.7581
289438.871	3497228.558	1.7582
289439.077	3497228.516	1.7579
289439.283	3497228.473	1.7576
289439.489	3497228.430	1.7578
289439.695	3497228.386	1.7574
289439.900	3497228.342	1.7570
289440.105	3497228.298	1.7567
289440.311	3497228.254	1.7564
289440.519	3497228.210	1.7563
289440.727	3497228.168	1.7563
289440.936	3497228.127	1.7564
289441.145	3497228.086	1.7569
289441.354	3497228.044	1.7571
289441.563	3497228.000	1.7571
289441.770	3497227.955	1.7567
289441.976	3497227.909	1.7560
289442.184	3497227.862	1.7556
289442.394	3497227.816	1.7556
289442.604	3497227.771	1.7558
289442.816	3497227.727	1.7565
289443.026	3497227.684	1.7569
289443.236	3497227.641	1.7571
289443.445	3497227.598	1.7571
289443.653	3497227.554	1.7569
289443.858	3497227.510	1.7564
289444.064	3497227.467	1.7563
289444.270	3497227.423	1.7564
289444.473	3497227.380	1.7562
289444.676	3497227.336	1.7561
289444.877	3497227.293	1.7566
289445.078	3497227.251	1.7570
289445.278	3497227.210	1.7572
289445.477	3497227.169	1.7573
289445.675	3497227.128	1.7575
289445.869	3497227.086	1.7573
289446.062	3497227.043	1.7574
289446.250	3497227.001	1.7582
289446.430	3497226.959	1.7579
289446.608	3497226.919	1.7574
289446.786	3497226.880	1.7573
289446.963	3497226.842	1.7574
289447.140	3497226.806	1.7578
289447.316	3497226.771	1.7583
289447.490	3497226.736	1.7585
289447.663	3497226.699	1.7582
289447.835	3497226.660	1.7572
289448.004	3497226.621	1.7563
289448.174	3497226.581	1.7558
289448.343	3497226.543	1.7556
289448.513	3497226.505	1.7559
289448.682	3497226.467	1.7560
289448.855	3497226.429	1.7563
289449.029	3497226.390	1.7566
289449.204	3497226.352	1.7567
289449.380	3497226.314	1.7568
289449.556	3497226.277	1.7570
289449.738	3497226.239	1.7577
289449.926	3497226.201	1.7576
289450.113	3497226.163	1.7574
289450.301	3497226.124	1.7575
289450.488	3497226.085	1.7579
289450.675	3497226.045	1.7576
289450.861	3497226.004	1.7569
289451.045	3497225.963	1.7558
289451.230	3497225.920	1.7547
289451.417	3497225.879	1.7543
289451.607	3497225.838	1.7545
289451.797	3497225.799	1.7550
289451.989	3497225.761	1.7554
289452.183	3497225.724	1.7559
289452.378	3497225.686	1.7556
289452.573	3497225.648	1.7553
289452.770	3497225.608	1.7551
289452.968	3497225.567	1.7549
289453.167	3497225.524	1.7546
289453.368	3497225.479	1.7542
289453.571	3497225.434	1.7538
289453.776	3497225.388	1.7533
289453.983	3497225.344	1.7532
289454.190	3497225.301	1.7532
289454.398	3497225.260	1.7529
289454.607	3497225.219	1.7526
289454.816	3497225.176	1.7523
289455.025	3497225.132	1.7521
289455.233	3497225.087	1.7516
289455.442	3497225.040	1.7509
289455.651	3497224.995	1.7503
289455.861	3497224.951	1.7497
289456.072	3497224.909	1.7496
289456.285	3497224.869	1.7499
289456.498	3497224.829	1.7501
289456.709	3497224.788	1.7503
289456.920	3497224.746	1.7500
289457.129	3497224.702	1.7489
289457.337	3497224.656	1.7478
289457.546	3497224.611	1.7473
289457.752	3497224.567	1.7475
289457.952	3497224.528	1.7478
289458.151	3497224.490	1.7477
289458.352	3497224.453	1.7479
289458.553	3497224.415	1.7479
289458.755	3497224.378	1.7478
289458.959	3497224.338	1.7475
289459.165	3497224.297	1.7471
289459.371	3497224.253	1.7462
289459.577	3497224.208	1.7451
289459.783	3497224.163	1.7440
289459.990	3497224.118	1.7431
289460.197	3497224.073	1.7424
289460.407	3497224.031	1.7423
289460.617	3497223.991	1.7427
289460.828	3497223.952	1.7427
289461.037	3497223.912	1.7423
289461.250	3497223.871	1.7423
289461.462	3497223.829	1.7416
289461.676	3497223.786	1.7411
289461.898	3497223.742	1.7408
289462.129	3497223.695	1.7402
289462.363	3497223.648	1.7395
289462.598	3497223.601	1.7389
289462.834	3497223.555	1.7387
289463.071	3497223.511	1.7384
289463.308	3497223.468	1.7376
289463.545	3497223.425	1.7371
289463.784	3497223.381	1.7373
289464.024	3497223.336	1.7375
289464.263	3497223.292	1.7379
289464.503	3497223.248	1.7380
289464.740	3497223.204	1.7378
289464.978	3497223.158	1.7377
289465.216	3497223.112	1.7381
289465.454	3497223.067	1.7384
289465.690	3497223.022	1.7382
289465.925	3497222.978	1.7377
289466.160	3497222.935	1.7379
289466.395	3497222.893	1.7381
289466.621	3497222.852	1.7381
289466.838	3497222.813	1.7382
289467.051	3497222.773	1.7380
289467.263	3497222.732	1.7373
289467.473	3497222.691	1.7366
289467.683	3497222.651	1.7364
289467.891	3497222.612	1.7363
289468.098	3497222.573	1.7363
289468.304	3497222.535	1.7364
289468.510	3497222.498	1.7363
289468.714	3497222.461	1.7360
289468.918	3497222.425	1.7361
289469.122	3497222.389	1.7364
289469.323	3497222.354	1.7363
289469.523	3497222.318	1.7357
289469.721	3497222.281	1.7350
289469.919	3497222.242	1.7344
289470.118	3497222.204	1.7344
289470.316	3497222.168	1.7348
289470.513	3497222.133	1.7347
289470.713	3497222.097	1.7346
289470.917	3497222.060	1.7345
289471.123	3497222.024	1.7349
289471.328	3497221.988	1.7354
289471.534	3497221.953	1.7354
289471.740	3497221.916	1.7350
289471.948	3497221.878	1.7348
289472.154	3497221.839	1.7339
289472.361	3497221.798	1.7334
289472.569	3497221.757	1.7330
289472.779	3497221.716	1.7332
289472.991	3497221.674	1.7337
289473.202	3497221.632	1.7342
289473.414	3497221.591	1.7338
289473.627	3497221.551	1.7340
289473.841	3497221.513	1.7347
289474.056	3497221.475	1.7352
289474.270	3497221.436	1.7359
289474.483	3497221.397	1.7359
289474.699	3497221.357	1.7362
289474.914	3497221.316	1.7358
289475.131	3497221.272	1.7348
289475.350	3497221.228	1.7345
289475.570	3497221.183	1.7344
289475.790	3497221.141	1.7343
289476.010	3497221.099	1.7338
289476.230	3497221.058	1.7334
289476.451	3497221.016	1.7334
289476.672	3497220.973	1.7331
289476.892	3497220.931	1.7332
289477.112	3497220.889	1.7329
289477.332	3497220.848	1.7326
289477.551	3497220.809	1.7329
289477.770	3497220.771	1.7331
289477.988	3497220.732	1.7332
289478.204	3497220.692	1.7334
289478.418	3497220.649	1.7328
289478.632	3497220.606	1.7320
289478.845	3497220.562	1.7314
289479.058	3497220.518	1.7311
289479.268	3497220.477	1.7314
289479.472	3497220.438	1.7316
289479.677	3497220.402	1.7324
289479.882	3497220.367	1.7330
289480.085	3497220.331	1.7325
289480.289	3497220.294	1.7322
289480.490	3497220.257	1.7315
289480.692	3497220.218	1.7314
289480.894	3497220.178	1.7317
289481.094	3497220.138	1.7313
289481.293	3497220.096	1.7301
289481.492	3497220.054	1.7291
289481.693	3497220.015	1.7295
289481.896	3497219.978	1.7302
289482.097	3497219.942	1.7306
289482.298	3497219.908	1.7311
289482.499	3497219.874	1.7316
289482.699	3497219.838	1.7318
289482.897	3497219.799	1.7309
289483.092	3497219.758	1.7299
289483.289	3497219.717	1.7288
289483.489	3497219.677	1.7278
289483.689	3497219.639	1.7276
289483.889	3497219.603	1.7277
289484.089	3497219.569	1.7280
289484.287	3497219.536	1.7280
289484.484	3497219.503	1.7274
289484.681	3497219.469	1.7269
289484.876	3497219.434	1.7265
289485.071	3497219.399	1.7263
289485.265	3497219.365	1.7266
289485.459	3497219.333	1.7264
289485.650	3497219.302	1.7263
289485.840	3497219.270	1.7259
289486.029	3497219.239	1.7257
289486.216	3497219.208	1.7256
289486.400	3497219.177	1.7255
289486.584	3497219.144	1.7251
289486.767	3497219.110	1.7243
289486.951	3497219.075	1.7236
289487.134	3497219.042	1.7233
289487.316	3497219.010	1.7237
289487.499	3497218.980	1.7244
289487.682	3497218.949	1.7249
289487.866	3497218.918	1.7255
289488.050	3497218.885	1.7260
289488.233	3497218.853	1.7264
289488.415	3497218.821	1.7263
289488.596	3497218.789	1.7259
289488.777	3497218.758	1.7256
289488.958	3497218.726	1.7259
289489.140	3497218.695	1.7267
289489.323	3497218.663	1.7271
289489.505	3497218.631	1.7271
289489.686	3497218.599	1.7265
289489.868	3497218.565	1.7260
289490.051	3497218.531	1.7259
289490.236	3497218.498	1.7261
289490.421	3497218.465	1.7262
289490.607	3497218.433	1.7262
289490.800	3497218.399	1.7270
289490.999	3497218.363	1.7268
289491.200	3497218.326	1.7270
289491.403	3497218.290	1.7270
289491.606	3497218.254	1.7268
289491.811	3497218.219	1.7268
289492.018	3497218.182	1.7272
289492.225	3497218.145	1.7277
289492.432	3497218.109	1.7282
289492.640	3497218.072	1.7281
289492.850	3497218.036	1.7279
289493.059	3497218.000	1.7280
289493.267	3497217.961	1.7281
289493.475	3497217.923	1.7284
289493.684	3497217.885	1.7285
289493.891	3497217.848	1.7284
289494.099	3497217.810	1.7286
289494.307	3497217.773	1.7292
289494.515	3497217.736	1.7295
289494.722	3497217.700	1.7304
289494.925	3497217.664	1.7308
289495.122	3497217.627	1.7311
289495.318	3497217.591	1.7309
289495.513	3497217.553	1.7307
289495.707	3497217.514	1.7305
289495.902	3497217.476	1.7306
289496.096	3497217.439	1.7309
289496.289	3497217.402	1.7307
289496.480	3497217.367	1.7303
289496.672	3497217.331	1.7302
289496.863	3497217.295	1.7306
289497.054	3497217.259	1.7309
289497.245	3497217.224	1.7307
289497.435	3497217.188	1.7301
289497.625	3497217.151	1.7298
289497.813	3497217.114	1.7300
289498.002	3497217.077	1.7303
289498.190	3497217.040	1.7302
289498.377	3497217.003	1.7299
289498.565	3497216.967	1.7301
289498.752	3497216.931	1.7305
289498.939	3497216.896	1.7305
289499.126	3497216.863	1.7307
289499.311	3497216.829	1.7309
289499.497	3497216.796	1.7310
289499.681	3497216.762	1.7311
289499.864	3497216.727	1.7304
289500.047	3497216.690	1.7298
289500.230	3497216.654	1.7295
289500.412	3497216.617	1.7291
289500.594	3497216.581	1.7292
289500.776	3497216.545	1.7291
289500.956	3497216.510	1.7287
289501.137	3497216.476	1.7284
289501.318	3497216.443	1.7278
289501.500	3497216.412	1.7278
289501.683	3497216.380	1.7285
289501.864	3497216.348	1.7286
289502.044	3497216.316	1.7284
289502.224	3497216.283	1.7283
289502.404	3497216.251	1.7280
289502.585	3497216.221	1.7274
289502.765	3497216.190	1.7264
289502.947	3497216.158	1.7260
289503.129	3497216.127	1.7263
289503.311	3497216.095	1.7268
289503.493	3497216.065	1.7267
289503.674	3497216.036	1.7267
289503.856	3497216.008	1.7265
289504.038	3497215.980	1.7261
289504.220	3497215.952	1.7264
289504.401	3497215.922	1.7268
289504.583	3497215.891	1.7270
289504.765	3497215.860	1.7270
289504.947	3497215.829	1.7264
289505.128	3497215.798	1.7258
289505.310	3497215.768	1.7259
289505.494	3497215.738	1.7266
289505.679	3497215.708	1.7271
289505.864	3497215.678	1.7274
289506.047	3497215.646	1.7268
289506.231	3497215.611	1.7265
289506.415	3497215.575	1.7268
289506.598	3497215.537	1.7266
289506.783	3497215.500	1.7270
289506.969	3497215.465	1.7275
289507.156	3497215.432	1.7284
289507.342	3497215.400	1.7291
289507.530	3497215.367	1.7296
289507.717	3497215.332	1.7298
289507.905	3497215.295	1.7298
289508.092	3497215.260	1.7300
289508.279	3497215.225	1.7304
289508.466	3497215.192	1.7313
289508.653	3497215.160	1.7319
289508.839	3497215.127	1.7321
289509.023	3497215.093	1.7327
289509.206	3497215.057	1.7331
289509.386	3497215.020	1.7334
289509.563	3497214.983	1.7329
289509.738	3497214.945	1.7332
289509.909	3497214.909	1.7335
289510.080	3497214.876	1.7349
289510.250	3497214.844	1.7369
289510.418	3497214.814	1.7384
289510.583	3497214.784	1.7396
289510.747	3497214.754	1.7404
289510.909	3497214.722	1.7411
289511.068	3497214.688	1.7416
289511.226	3497214.653	1.7418
289511.382	3497214.617	1.7422
289511.538	3497214.583	1.7434
289511.694	3497214.549	1.7445
289511.850	3497214.516	1.7456
289512.004	3497214.484	1.7462
289512.159	3497214.453	1.7470
289512.314	3497214.423	1.7483
289512.468	3497214.393	1.7495
289512.622	3497214.362	1.7505
289512.774	3497214.331	1.7514
289512.924	3497214.299	1.7518
289513.072	3497214.267	1.7520
289513.218	3497214.232	1.7521
289513.364	3497214.197	1.7525
289513.511	3497214.161	1.7531
289513.657	3497214.127	1.7535
289513.804	3497214.094	1.7541
289513.951	3497214.062	1.7554
289514.100	3497214.032	1.7574
289514.250	3497214.001	1.7600
289514.400	3497213.970	1.7632
289514.549	3497213.939	1.7664
289514.699	3497213.906	1.7705
289514.850	3497213.871	1.7757
289515.003	3497213.835	1.7817
289515.152	3497213.798	1.7866
289515.299	3497213.759	1.7909
289515.445	3497213.719	1.7963
289515.590	3497213.677	1.8028
289515.734	3497213.635	1.8094
289515.877	3497213.591	1.8159
289516.020	3497213.545	1.8229
289516.162	3497213.499	1.8303
289516.303	3497213.451	1.8379
289516.444	3497213.404	1.8458
289516.584	3497213.357	1.8533
289516.724	3497213.309	1.8612
289516.864	3497213.262	1.8695
289517.003	3497213.213	1.8779
289517.141	3497213.163	1.8861
289517.277	3497213.111	1.8938
289517.411	3497213.058	1.9002
289517.544	3497213.004	1.9071
289517.678	3497212.948	1.9154
289517.813	3497212.892	1.9248
289517.946	3497212.833	1.9336
289518.076	3497212.773	1.9420
289518.206	3497212.710	1.9494
289518.335	3497212.646	1.9573
289518.465	3497212.581	1.9659
289518.594	3497212.512	1.9741
289518.725	3497212.437	1.9845
289518.856	3497212.360	1.9956
289518.989	3497212.282	2.0072
289519.122	3497212.204	2.0193
289519.254	3497212.124	2.0317
289519.384	3497212.041	2.0445
289519.513	3497211.957	2.0565
289519.640	3497211.870	2.0686
289519.766	3497211.780	2.0812
289519.890	3497211.688	2.0941
289520.014	3497211.595	2.1072
289520.136	3497211.501	2.1198
289520.257	3497211.405	2.1327
289520.379	3497211.306	2.1459
289520.500	3497211.207	2.1593
289520.621	3497211.106	2.1728
289520.741	3497211.004	2.1865
289520.860	3497210.899	2.2001
289520.977	3497210.794	2.2130
289521.091	3497210.684	2.2263
289521.198	3497210.570	2.2393
289521.303	3497210.453	2.2520
289521.408	3497210.336	2.2646
289521.510	3497210.217	2.2765
289521.610	3497210.098	2.2884
289521.711	3497209.977	2.3011
289521.810	3497209.854	2.3144
289521.908	3497209.730	2.3278
289522.006	3497209.605	2.3414
289522.103	3497209.478	2.3559
289522.200	3497209.350	2.3704
289522.295	3497209.220	2.3851
289522.388	3497209.089	2.4000
289522.476	3497208.955	2.4139
289522.562	3497208.820	2.4279
289522.646	3497208.682	2.4421
289522.729	3497208.543	2.4569
289522.812	3497208.402	2.4721
289522.893	3497208.260	2.4870
289522.971	3497208.120	2.5025
289523.046	3497207.984	2.5175
289523.118	3497207.847	2.5326
289523.188	3497207.709	2.5473
289523.258	3497207.568	2.5627
289523.327	3497207.426	2.5782
289523.392	3497207.282	2.5931
289523.454	3497207.138	2.6079
289523.514	3497206.991	2.6229
289523.572	3497206.844	2.6380
289523.627	3497206.695	2.6532
289523.680	3497206.544	2.6689
289523.731	3497206.393	2.6841
289523.781	3497206.239	2.6995
289523.831	3497206.086	2.7150
289523.880	3497205.932	2.7306
289523.926	3497205.777	2.7459
289523.969	3497205.622	2.7608
289524.009	3497205.467	2.7751
289524.045	3497205.312	2.7886
289524.076	3497205.157	2.8034
289524.103	3497205.004	2.8172
289524.128	3497204.850	2.8317
289524.152	3497204.695	2.8469
289524.176	3497204.538	2.8623
289524.198	3497204.381	2.8782
289524.220	3497204.223	2.8947
289524.239	3497204.064	2.9122
289524.256	3497203.903	2.9298
289524.267	3497203.743	2.9470
289524.275	3497203.582	2.9639
289524.280	3497203.420	2.9811
289524.283	3497203.257	2.9995
289524.283	3497203.094	3.0179
289524.279	3497202.933	3.0353
289524.272	3497202.771	3.0530
289524.261	3497202.610	3.0703
289524.249	3497202.449	3.0880
289524.235	3497202.286	3.1065
289524.220	3497202.122	3.1251
289524.201	3497201.959	3.1441
289524.177	3497201.799	3.1617
289524.148	3497201.641	3.1788
289524.115	3497201.484	3.1956
289524.080	3497201.327	3.2129
289524.043	3497201.169	3.2302
289524.002	3497201.013	3.2465
289523.959	3497200.858	3.2623
289523.914	3497200.704	3.2783
289523.865	3497200.550	3.2933
289523.813	3497200.398	3.3077
289523.759	3497200.247	3.3217
289523.702	3497200.095	3.3364
289523.644	3497199.943	3.3514
289523.584	3497199.793	3.3658
289523.523	3497199.643	3.3796
289523.461	3497199.493	3.3932
289523.397	3497199.345	3.4064
289523.331	3497199.197	3.4201
289523.261	3497199.051	3.4334
289523.193	3497198.905	3.4479
289523.127	3497198.762	3.4605
289523.060	3497198.620	3.4731
289522.992	3497198.478	3.4865
289522.922	3497198.335	3.5011
289522.850	3497198.193	3.5155
289522.775	3497198.053	3.5297
289522.699	3497197.914	3.5438
289522.620	3497197.775	3.5584
289522.540	3497197.636	3.5735
289522.458	3497197.498	3.5890
289522.372	3497197.361	3.6047
289522.284	3497197.226	3.6199
289522.194	3497197.095	3.6341
289522.103	3497196.966	3.6483
289522.009	3497196.839	3.6622
289521.914	3497196.712	3.6764
289521.817	3497196.586	3.6907
289521.719	3497196.462	3.7048
289521.619	3497196.341	3.7176
289521.518	3497196.220	3.7310
289521.417	3497196.102	3.7430
289521.317	3497195.986	3.7550
289521.215	3497195.870	3.7673
289521.113	3497195.755	3.7792
289521.010	3497195.644	3.7899
289520.905	3497195.535	3.8002
289520.798	3497195.428	3.8105
289520.691	3497195.323	3.8204
289520.582	3497195.219	3.8302
289520.473	3497195.116	3.8396
289520.363	3497195.012	3.8494
289520.252	3497194.909	3.8596
289520.140	3497194.805	3.8710
289520.028	3497194.701	3.8825
289519.915	3497194.598	3.8938
289519.802	3497194.495	3.9050
289519.688	3497194.395	3.9155
289519.572	3497194.299	3.9260
289519.454	3497194.207	3.9363
289519.333	3497194.114	3.9480
289519.213	3497194.019	3.9590
289519.091	3497193.926	3.9698
289518.970	3497193.834	3.9800
289518.848	3497193.743	3.9902
289518.725	3497193.652	4.0010
289518.601	3497193.559	4.0128
289518.477	3497193.466	4.0248
289518.352	3497193.374	4.0368
289518.226	3497193.282	4.0490
289518.099	3497193.189	4.0614
289517.970	3497193.098	4.0738
289517.840	3497193.010	4.0854
289517.707	3497192.925	4.0971
289517.573	3497192.842	4.1088
289517.436	3497192.762	4.1209
289517.297	3497192.684	4.1331
289517.157	3497192.608	4.1450
289517.016	3497192.535	4.1567
289516.874	3497192.462	4.1690
289516.729	3497192.391	4.1807
289516.578	3497192.320	4.1932
289516.425	3497192.249	4.2062
289516.272	3497192.179	4.2196
289516.118	3497192.110	4.2331
289515.963	3497192.043	4.2464
289515.806	3497191.979	4.2596
289515.649	3497191.916	4.2736
289515.491	3497191.855	4.2875
289515.333	3497191.798	4.3005
289515.174	3497191.745	4.3128
289515.014	3497191.695	4.3245
289514.854	3497191.648	4.3360
289514.693	3497191.602	4.3479
289514.530	3497191.556	4.3605
289514.366	3497191.511	4.3731
289514.202	3497191.468	4.3848
289514.037	3497191.427	4.3961
289513.871	3497191.388	4.4073
289513.704	3497191.351	4.4186
289513.537	3497191.318	4.4287
289513.366	3497191.287	4.4399
289513.195	3497191.258	4.4511
289513.023	3497191.230	4.4620
289512.850	3497191.203	4.4727
289512.677	3497191.178	4.4831
289512.503	3497191.154	4.4933
289512.329	3497191.131	4.5031
289512.156	3497191.110	4.5117
289511.983	3497191.092	4.5200
289511.810	3497191.075	4.5281
289511.636	3497191.061	4.5360
289511.462	3497191.048	4.5439
289511.287	3497191.036	4.5512
289511.113	3497191.026	4.5580
289510.939	3497191.017	4.5643
289510.764	3497191.008	4.5710
289510.589	3497191.000	4.5777
289510.413	3497190.994	4.5836
289510.236	3497190.989	4.5894
289510.056	3497190.980	4.5964
289509.878	3497190.967	4.6019
289509.700	3497190.954	4.6072
289509.523	3497190.943	4.6122
289509.345	3497190.935	4.6169
289509.167	3497190.928	4.6222
289508.989	3497190.920	4.6263
289508.812	3497190.915	4.6297
289508.635	3497190.911	4.6332
289508.456	3497190.908	4.6369
289508.278	3497190.906	4.6406
289508.099	3497190.903	4.6437
289507.921	3497190.898	4.6466
289507.741	3497190.892	4.6500
289507.561	3497190.885	4.6542
289507.381	3497190.878	4.6573
289507.201	3497190.873	4.6601
289507.022	3497190.869	4.6625
289506.843	3497190.867	4.6641
289506.666	3497190.869	4.6648
289506.486	3497190.871	4.6666
289506.304	3497190.870	4.6677
289506.118	3497190.868	4.6699
289505.931	3497190.863	4.6723
289505.744	3497190.857	4.6741
289505.556	3497190.850	4.6760
289505.366	3497190.840	4.6786
289505.177	3497190.829	4.6813
289504.986	3497190.819	4.6840
289504.796	3497190.809	4.6864
289504.606	3497190.802	4.6881
289504.416	3497190.797	4.6891
289504.226	3497190.795	4.6896
289504.036	3497190.793	4.6903
289503.846	3497190.789	4.6909
289503.656	3497190.785	4.6916
289503.464	3497190.779	4.6928
289503.271	3497190.774	4.6939
289503.079	3497190.768	4.6949
289502.887	3497190.762	4.6957
289502.690	3497190.758	4.6986
289502.492	3497190.756	4.6994
289502.294	3497190.754	4.6995
289502.097	3497190.753	4.6995
289501.898	3497190.752	4.6997
289501.698	3497190.751	4.6998
289501.496	3497190.748	4.6998
289501.294	3497190.745	4.6999
289501.092	3497190.741	4.6999
289500.889	3497190.739	4.7000
289500.685	3497190.738	4.7001
289500.479	3497190.736	4.7009
289500.273	3497190.733	4.7014
289500.069	3497190.730	4.7011
289499.864	3497190.727	4.7005
289499.658	3497190.724	4.7011
289499.452	3497190.720	4.7019
289499.244	3497190.715	4.7025
289499.036	3497190.708	4.7031
289498.830	3497190.702	4.7033
289498.621	3497190.698	4.7050
289498.415	3497190.696	4.7045
289498.209	3497190.695	4.7034
289498.003	3497190.693	4.7030
289497.798	3497190.690	4.7027
289497.592	3497190.688	4.7028
289497.385	3497190.683	4.7032
289497.178	3497190.679	4.7035
289496.972	3497190.674	4.7033
289496.765	3497190.670	4.7035
289496.558	3497190.668	4.7035
289496.351	3497190.664	4.7035
289496.144	3497190.659	4.7034
289495.937	3497190.653	4.7037
289495.729	3497190.644	4.7048
289495.521	3497190.636	4.7057
289495.315	3497190.627	4.7060
289495.110	3497190.620	4.7056
289494.904	3497190.613	4.7054
289494.700	3497190.609	4.7048
289494.494	3497190.609	4.7052
289494.288	3497190.612	4.7050
289494.081	3497190.614	4.7048
289493.872	3497190.614	4.7050
289493.664	3497190.612	4.7048
289493.455	3497190.609	4.7048
289493.248	3497190.606	4.7048
289493.043	3497190.605	4.7045
289492.836	3497190.605	4.7047
289492.629	3497190.606	4.7046
289492.421	3497190.607	4.7041
289492.214	3497190.606	4.7034
289492.006	3497190.603	4.7037
289491.797	3497190.597	4.7043
289491.588	3497190.589	4.7054
289491.381	3497190.581	4.7061
289491.175	3497190.575	4.7059
289490.969	3497190.571	4.7052
289490.763	3497190.571	4.7039
289490.558	3497190.571	4.7030
289490.351	3497190.572	4.7025
289490.144	3497190.575	4.7016
289489.937	3497190.576	4.7007
289489.730	3497190.576	4.6997
289489.522	3497190.574	4.6995
289489.313	3497190.571	4.7003
289489.103	3497190.569	4.7011
289488.894	3497190.567	4.7007
289488.685	3497190.566	4.7002
289488.476	3497190.566	4.6999
289488.266	3497190.566	4.7001
289488.058	3497190.566	4.7001
289487.850	3497190.566	4.6999
289487.642	3497190.566	4.7000
289487.433	3497190.565	4.7001
289487.224	3497190.563	4.7001
289487.014	3497190.561	4.6996
289486.805	3497190.559	4.6994
289486.596	3497190.557	4.6990
289486.388	3497190.557	4.6988
289486.180	3497190.556	4.6982
289485.974	3497190.557	4.6975
289485.767	3497190.558	4.6968
289485.561	3497190.559	4.6966
289485.355	3497190.559	4.6964
289485.149	3497190.558	4.6963
289484.943	3497190.557	4.6961
289484.738	3497190.555	4.6959
289484.533	3497190.554	4.6951
289484.328	3497190.553	4.6944
289484.122	3497190.553	4.6938
289483.917	3497190.551	4.6935
289483.713	3497190.551	4.6928
289483.510	3497190.551	4.6921
289483.306	3497190.550	4.6915
289483.103	3497190.549	4.6908
289482.901	3497190.548	4.6898
289482.699	3497190.547	4.6893
289482.498	3497190.547	4.6889
289482.298	3497190.546	4.6883
289482.098	3497190.546	4.6874
289481.896	3497190.545	4.6870
289481.696	3497190.543	4.6866
289481.497	3497190.539	4.6863
289481.300	3497190.533	4.6864
289481.104	3497190.525	4.6874
289480.911	3497190.517	4.6880
289480.722	3497190.511	4.6880
289480.535	3497190.506	4.6875
289480.353	3497190.502	4.6870
289480.173	3497190.499	4.6866
289479.998	3497190.498	4.6860
289479.826	3497190.499	4.6855
289479.658	3497190.499	4.6851
289479.491	3497190.498	4.6852
289479.327	3497190.494	4.6854
289479.166	3497190.488	4.6855
289479.007	3497190.480	4.6856
289478.853	3497190.471	4.6858
289478.703	3497190.463	4.6854
289478.556	3497190.456	4.6855
289478.412	3497190.451	4.6854
289478.271	3497190.447	4.6850
289478.135	3497190.445	4.6844
289478.002	3497190.444	4.6832
289477.873	3497190.444	4.6819
289477.746	3497190.443	4.6813
289477.621	3497190.440	4.6815
289477.499	3497190.435	4.6817
289477.381	3497190.428	4.6817
289477.265	3497190.419	4.6822
289477.152	3497190.410	4.6827
289477.042	3497190.401	4.6826
289476.935	3497190.393	4.6820
289476.830	3497190.388	4.6815
289476.728	3497190.384	4.6813
289476.531	3497190.380	4.6807
289476.341	3497190.373	4.6803
289476.165	3497190.369	4.6752
289475.987	3497190.366	4.6761
289475.811	3497190.366	4.6762
289475.635	3497190.368	4.6757
289475.456	3497190.368	4.6763
289475.276	3497190.368	4.6765
289475.094	3497190.366	4.6768
289474.909	3497190.364	4.6773
289474.726	3497190.366	4.6769
289474.546	3497190.372	4.6759
289474.361	3497190.374	4.6746
289474.171	3497190.369	4.6768
289473.985	3497190.360	4.6755
289473.798	3497190.352	4.6747
289473.608	3497190.347	4.6756
289473.421	3497190.352	4.6739
289473.233	3497190.359	4.6724
289473.041	3497190.360	4.6729
289472.848	3497190.355	4.6725
289472.654	3497190.351	4.6717
289472.464	3497190.343	4.6716
289472.278	3497190.340	4.6703
289472.089	3497190.337	4.6703
289471.900	3497190.326	4.6712
289471.710	3497190.308	4.6719
289471.518	3497190.288	4.6713
289471.325	3497190.273	4.6715
289471.136	3497190.266	4.6704
289470.946	3497190.263	4.6703
289470.757	3497190.257	4.6702
289470.563	3497190.252	4.6713
289470.365	3497190.249	4.6720
289470.169	3497190.244	4.6715
289469.971	3497190.238	4.6717
289469.772	3497190.235	4.6722
289469.573	3497190.234	4.6720
289469.472	3497190.234	4.6723
289469.371	3497190.233	4.6723
289469.269	3497190.232	4.6718
289469.168	3497190.232	4.6713
289469.066	3497190.231	4.6712
289468.965	3497190.231	4.6714
289468.863	3497190.231	4.6714
289468.762	3497190.231	4.6708
289468.662	3497190.231	4.6698
289468.463	3497190.225	4.6693
289468.265	3497190.218	4.6697
289468.068	3497190.208	4.6702
289467.874	3497190.200	4.6687
289467.677	3497190.192	4.6682
289467.483	3497190.189	4.6668
289467.290	3497190.188	4.6661
289467.096	3497190.182	4.6666
289466.902	3497190.174	4.6657
289466.710	3497190.162	4.6633
289466.512	3497190.147	4.6645
289466.317	3497190.140	4.6631
289466.123	3497190.138	4.6610
289465.927	3497190.128	4.6612
289465.730	3497190.112	4.6616
289465.533	3497190.093	4.6618
289465.338	3497190.080	4.6609
289465.144	3497190.069	4.6603
289464.949	3497190.057	4.6606
289464.754	3497190.041	4.6609
289464.559	3497190.028	4.6589
289464.364	3497190.019	4.6558
289464.166	3497190.015	4.6532
289463.968	3497190.014	4.6499
289463.770	3497190.008	4.6479
289463.573	3497189.998	4.6452
289463.374	3497189.987	4.6426
289463.175	3497189.974	4.6399
289462.978	3497189.962	4.6352
289462.781	3497189.948	4.6310
289462.586	3497189.926	4.6277
289462.391	3497189.904	4.6243
289462.195	3497189.881	4.6203
289462.000	3497189.857	4.6157
289461.804	3497189.832	4.6117
289461.607	3497189.808	4.6080
289461.411	3497189.784	4.6050
289461.215	3497189.760	4.6022
289461.018	3497189.734	4.6002
289460.823	3497189.708	4.5963
289460.630	3497189.682	4.5909
289460.440	3497189.653	4.5831
289460.255	3497189.623	4.5722
289460.072	3497189.591	4.5601
289459.894	3497189.557	4.5460
289459.721	3497189.524	4.5298
289459.552	3497189.490	4.5123
289459.384	3497189.454	4.4960
289459.219	3497189.418	4.4780
289459.057	3497189.377	4.4604
289458.899	3497189.316	4.4441
289458.743	3497189.248	4.4278
289458.589	3497189.177	4.4107
289458.435	3497189.106	4.3938
289458.281	3497189.032	4.3765
289458.126	3497188.953	4.3603
289457.973	3497188.870	4.3441
289457.819	3497188.788	4.3281
289457.665	3497188.707	4.3117
289457.514	3497188.619	4.2963
289457.370	3497188.520	4.2811
289457.230	3497188.420	4.2648
289457.090	3497188.320	4.2493
289456.948	3497188.218	4.2359
289456.809	3497188.111	4.2197
289456.668	3497187.997	4.2056
289456.530	3497187.878	4.1934
289456.391	3497187.761	4.1783
289456.250	3497187.644	4.1636
289456.111	3497187.524	4.1479
289455.976	3497187.413	4.1337
289455.843	3497187.303	4.1190
289455.709	3497187.192	4.1053
289455.577	3497187.074	4.0933
289455.447	3497186.960	4.0792
289455.317	3497186.846	4.0672
289455.189	3497186.725	4.0559
289455.063	3497186.607	4.0410
289454.934	3497186.485	4.0270
289454.805	3497186.356	4.0146
289454.671	3497186.234	4.0015
289454.537	3497186.109	3.9868
289454.403	3497185.982	3.9725
289454.270	3497185.847	3.9588
289454.142	3497185.709	3.9428
289454.015	3497185.575	3.9232
289453.888	3497185.439	3.9046
289453.762	3497185.302	3.8856
289453.637	3497185.159	3.8666
289453.515	3497185.011	3.8464
289453.401	3497184.846	3.8257
289453.344	3497184.760	3.8157
289453.287	3497184.674	3.8058
289453.230	3497184.586	3.7958
289453.175	3497184.499	3.7856
289453.119	3497184.412	3.7742
289453.063	3497184.325	3.7629
289453.008	3497184.237	3.7524
289452.953	3497184.147	3.7424
289452.900	3497184.054	3.7329
289452.850	3497183.960	3.7233
289452.801	3497183.865	3.7133
289452.752	3497183.769	3.7035
289452.705	3497183.673	3.6937
289452.658	3497183.576	3.6840
289452.613	3497183.478	3.6743
289452.567	3497183.380	3.6643
289452.521	3497183.281	3.6549
289452.476	3497183.182	3.6450
289452.432	3497183.080	3.6353
289452.387	3497182.977	3.6258
289452.344	3497182.874	3.6164
289452.302	3497182.768	3.6077
289452.262	3497182.661	3.5992
289452.223	3497182.551	3.5908
289452.185	3497182.441	3.5831
289452.146	3497182.330	3.5757
289452.107	3497182.218	3.5680
289452.069	3497182.106	3.5601
289452.032	3497181.992	3.5525
289451.995	3497181.876	3.5450
289451.960	3497181.757	3.5379
289451.925	3497181.636	3.5313
289451.891	3497181.515	3.5242
289451.856	3497181.394	3.5165
289451.820	3497181.272	3.5088
289451.784	3497181.150	3.5013
289451.747	3497181.025	3.4948
289451.709	3497180.900	3.4890
289451.668	3497180.776	3.4830
289451.628	3497180.652	3.4767
289451.588	3497180.528	3.4703
289451.549	3497180.402	3.4645
289451.510	3497180.275	3.4594
289451.472	3497180.145	3.4545
289451.435	3497180.015	3.4493
289451.399	3497179.885	3.4440
289451.362	3497179.753	3.4391
289451.325	3497179.621	3.4342
289451.287	3497179.489	3.4289
289451.249	3497179.356	3.4236
289451.210	3497179.221	3.4186
289451.173	3497179.085	3.4142
289451.137	3497178.946	3.4102
289451.103	3497178.807	3.4064
289451.070	3497178.667	3.4027
289451.035	3497178.526	3.3990
289451.001	3497178.384	3.3949
289450.966	3497178.241	3.3914
289450.932	3497178.098	3.3880
289450.899	3497177.954	3.3848
289450.865	3497177.809	3.3819
289450.832	3497177.665	3.3789
289450.797	3497177.521	3.3757
289450.762	3497177.377	3.3726
289450.726	3497177.233	3.3697
289450.691	3497177.089	3.3674
289450.656	3497176.943	3.3658
289450.624	3497176.796	3.3649
289450.591	3497176.649	3.3640
289450.560	3497176.502	3.3633
289450.530	3497176.354	3.3628
289450.499	3497176.205	3.3626
289450.469	3497176.056	3.3623
289450.437	3497175.907	3.3622
289450.404	3497175.758	3.3619
289450.370	3497175.610	3.3614
289450.334	3497175.463	3.3608
289450.296	3497175.315	3.3606
289450.255	3497175.169	3.3604
289450.215	3497175.022	3.3607
289450.175	3497174.874	3.3614
289450.137	3497174.725	3.3625
289450.100	3497174.576	3.3639
289450.064	3497174.426	3.3655
289450.027	3497174.278	3.3670
289449.989	3497174.129	3.3688
289449.949	3497173.981	3.3704
289449.910	3497173.834	3.3715
289449.870	3497173.686	3.3727
289449.830	3497173.539	3.3741
289449.789	3497173.392	3.3760
289449.746	3497173.244	3.3783
289449.703	3497173.097	3.3805
289449.661	3497172.949	3.3827
289449.620	3497172.801	3.3851
289449.579	3497172.653	3.3871
289449.538	3497172.504	3.3899
289449.495	3497172.356	3.3919
289449.450	3497172.206	3.3949
289449.402	3497172.057	3.3981
289449.355	3497171.907	3.4020
289449.307	3497171.757	3.4060
289449.258	3497171.607	3.4102
289449.207	3497171.457	3.4146
289449.154	3497171.309	3.4185
289449.101	3497171.161	3.4225
289449.047	3497171.012	3.4271
289448.994	3497170.861	3.4323
289448.942	3497170.711	3.4379
289448.890	3497170.560	3.4437
289448.837	3497170.411	3.4494
289448.781	3497170.263	3.4548
289448.722	3497170.115	3.4605
289448.663	3497169.968	3.4661
289448.603	3497169.823	3.4716
289448.543	3497169.678	3.4774
289448.481	3497169.533	3.4832
289448.418	3497169.391	3.4878
289448.353	3497169.248	3.4930
289448.288	3497169.104	3.4992
289448.222	3497168.959	3.5063
289448.155	3497168.813	3.5142
289448.086	3497168.668	3.5224
289448.015	3497168.524	3.5307
289447.942	3497168.380	3.5392
289447.867	3497168.237	3.5476
289447.789	3497168.093	3.5565
289447.710	3497167.950	3.5662
289447.630	3497167.807	3.5760
289447.549	3497167.665	3.5859
289447.468	3497167.522	3.5963
289447.386	3497167.380	3.6064
289447.302	3497167.238	3.6164
289447.216	3497167.095	3.6272
289447.128	3497166.953	3.6388
289447.036	3497166.812	3.6503
289446.942	3497166.673	3.6619
289446.845	3497166.537	3.6722
289446.744	3497166.399	3.6845
289446.641	3497166.262	3.6977
289446.534	3497166.124	3.7112
289446.426	3497165.988	3.7250
289446.315	3497165.852	3.7397
289446.203	3497165.716	3.7553
289446.088	3497165.580	3.7707
289445.972	3497165.447	3.7859
289445.853	3497165.314	3.8013
289445.732	3497165.184	3.8169
289445.608	3497165.056	3.8325
289445.482	3497164.931	3.8486
289445.353	3497164.806	3.8646
289445.222	3497164.684	3.8810
289445.089	3497164.562	3.8973
289444.955	3497164.443	3.9137
289444.818	3497164.325	3.9303
289444.679	3497164.209	3.9474
289444.537	3497164.095	3.9647
289444.390	3497163.986	3.9838
289444.242	3497163.888	4.0004
289444.092	3497163.793	4.0166
289443.940	3497163.702	4.0334
289443.786	3497163.612	4.0504
289443.631	3497163.525	4.0676
289443.475	3497163.439	4.0851
289443.318	3497163.356	4.1022
289443.162	3497163.276	4.1182
289443.005	3497163.197	4.1341
289442.846	3497163.121	4.1507
289442.687	3497163.048	4.1672
289442.526	3497162.978	4.1837
289442.366	3497162.912	4.1997
289442.205	3497162.851	4.2146
289442.043	3497162.793	4.2294
289441.881	3497162.737	4.2444
289441.718	3497162.683	4.2600
289441.553	3497162.631	4.2757
289441.389	3497162.580	4.2917
289441.225	3497162.536	4.3094
289441.067	3497162.500	4.3255
289440.908	3497162.465	4.3420
289440.750	3497162.434	4.3583
289440.591	3497162.404	4.3745
289440.432	3497162.379	4.3900
289440.274	3497162.358	4.4052
289440.116	3497162.340	4.4199
289439.956	3497162.323	4.4353
289439.796	3497162.308	4.4509
289439.638	3497162.296	4.4666
289439.479	3497162.284	4.4819
289439.322	3497162.275	4.4966
289439.164	3497162.268	4.5108
289439.007	3497162.264	4.5240
289438.850	3497162.263	4.5379
289438.691	3497162.263	4.5523
289438.533	3497162.265	4.5659
289438.375	3497162.271	4.5789
289438.219	3497162.277	4.5912
289438.062	3497162.283	4.6070
289437.916	3497162.287	4.6192
289437.770	3497162.291	4.6321
289437.623	3497162.296	4.6455
289437.476	3497162.303	4.6588
289437.330	3497162.313	4.6716
289437.185	3497162.324	4.6842
289437.039	3497162.338	4.6966
289436.894	3497162.354	4.7090
289436.748	3497162.371	4.7220
289436.604	3497162.390	4.7351
289436.459	3497162.411	4.7482
289436.315	3497162.434	4.7610
289436.171	3497162.459	4.7737
289436.027	3497162.485	4.7864
289435.885	3497162.512	4.7991
289435.741	3497162.540	4.8122
289435.597	3497162.571	4.8248
289435.455	3497162.604	4.8371
289435.313	3497162.639	4.8493
289435.170	3497162.675	4.8625
289435.028	3497162.711	4.8746
289434.887	3497162.748	4.8865
289434.746	3497162.788	4.8986
289434.605	3497162.829	4.9113
289434.464	3497162.871	4.9237
289434.324	3497162.915	4.9358
289434.185	3497162.961	4.9480
289434.046	3497163.008	4.9602
289433.908	3497163.056	4.9723
289433.770	3497163.106	4.9841
289433.635	3497163.158	4.9955
289433.500	3497163.211	5.0067
289433.366	3497163.266	5.0178
289433.234	3497163.322	5.0287
289433.101	3497163.379	5.0395
289432.970	3497163.437	5.0499
289432.839	3497163.495	5.0600
289432.709	3497163.555	5.0701
289432.579	3497163.615	5.0802
289432.448	3497163.678	5.0904
289432.317	3497163.746	5.1007
289432.186	3497163.816	5.1109
289432.056	3497163.887	5.1208
289431.927	3497163.960	5.1309
289431.799	3497164.034	5.1409
289431.672	3497164.109	5.1509
289431.546	3497164.185	5.1609
289431.420	3497164.261	5.1708
289431.296	3497164.338	5.1807
289431.172	3497164.415	5.1901
289431.050	3497164.493	5.1993
289430.929	3497164.572	5.2087
289430.808	3497164.651	5.2178
289430.688	3497164.732	5.2266
289430.570	3497164.813	5.2349
289430.453	3497164.896	5.2432
289430.337	3497164.979	5.2511
289430.221	3497165.064	5.2589
289430.106	3497165.149	5.2666
289429.990	3497165.234	5.2753
289429.873	3497165.318	5.2830
289429.758	3497165.403	5.2904
289429.644	3497165.487	5.2972
289429.531	3497165.572	5.3035
289429.418	3497165.656	5.3094
289429.306	3497165.739	5.3151
289429.194	3497165.822	5.3211
289429.084	3497165.904	5.3271
289428.975	3497165.987	5.3322
289428.868	3497166.071	5.3365
289428.762	3497166.155	5.3407
289428.656	3497166.240	5.3457
289428.549	3497166.324	5.3510
289428.444	3497166.407	5.3556
289428.341	3497166.491	5.3592
289428.238	3497166.575	5.3628
289428.137	3497166.660	5.3662
289428.037	3497166.744	5.3696
289427.937	3497166.828	5.3731
289427.834	3497166.913	5.3778
289427.730	3497166.998	5.3809
289427.627	3497167.082	5.3837
289427.525	3497167.166	5.3865
289427.423	3497167.251	5.3892
289427.322	3497167.336	5.3913
289427.222	3497167.421	5.3932
289427.121	3497167.504	5.3950
289427.022	3497167.588	5.3968
289426.922	3497167.673	5.3986
289426.822	3497167.757	5.4000
289426.723	3497167.840	5.4011
289426.624	3497167.922	5.4017
289426.525	3497168.004	5.4025
289426.426	3497168.085	5.4034
289426.328	3497168.166	5.4040
289426.231	3497168.247	5.4043
289426.133	3497168.328	5.4044
289426.036	3497168.408	5.4043
289425.939	3497168.487	5.4040
289425.837	3497168.568	5.4063
289425.735	3497168.649	5.4061
289425.633	3497168.729	5.4058
289425.532	3497168.810	5.4050
289425.432	3497168.891	5.4038
289425.333	3497168.973	5.4019
289425.235	3497169.053	5.3996
289425.136	3497169.131	5.3969
289425.037	3497169.206	5.3936
289424.937	3497169.280	5.3898
289424.836	3497169.352	5.3855
289424.737	3497169.423	5.3807
289424.639	3497169.493	5.3747
289424.540	3497169.563	5.3686
289424.441	3497169.632	5.3627
289424.342	3497169.700	5.3561
289424.243	3497169.767	5.3493
289424.144	3497169.833	5.3427
289424.045	3497169.898	5.3354
289423.945	3497169.963	5.3276
289423.843	3497170.028	5.3215
289423.741	3497170.089	5.3135
289423.639	3497170.149	5.3056
289423.536	3497170.207	5.2982
289423.433	3497170.263	5.2908
289423.329	3497170.317	5.2838
289423.222	3497170.369	5.2772
289423.115	3497170.420	5.2704
289423.009	3497170.469	5.2631
289422.904	3497170.517	5.2548
289422.799	3497170.564	5.2463
289422.694	3497170.611	5.2379
289422.589	3497170.657	5.2292
289422.485	3497170.702	5.2196
289422.379	3497170.746	5.2101
289422.274	3497170.790	5.2007
289422.167	3497170.833	5.1913
289422.060	3497170.874	5.1818
289421.953	3497170.914	5.1723
289421.843	3497170.952	5.1628
289421.735	3497170.988	5.1535
289421.628	3497171.025	5.1438
289421.521	3497171.060	5.1338
289421.413	3497171.095	5.1242
289421.306	3497171.128	5.1143
289421.198	3497171.160	5.1045
289421.091	3497171.190	5.0944
289420.982	3497171.218	5.0847
289420.873	3497171.244	5.0747
289420.763	3497171.270	5.0648
289420.652	3497171.295	5.0551
289420.542	3497171.320	5.0451
289420.432	3497171.345	5.0349
289420.322	3497171.370	5.0244
289420.209	3497171.393	5.0154
289420.095	3497171.413	5.0065
289419.981	3497171.431	4.9971
289419.868	3497171.448	4.9870
289419.756	3497171.463	4.9766
289419.644	3497171.478	4.9659
289419.535	3497171.493	4.9539
289419.426	3497171.507	4.9434
289419.318	3497171.519	4.9329
289419.209	3497171.529	4.9219
289419.100	3497171.539	4.9106
289418.992	3497171.548	4.8995
289418.883	3497171.556	4.8885
289418.774	3497171.563	4.8774
289418.665	3497171.570	4.8660
289418.557	3497171.576	4.8543
289418.449	3497171.581	4.8422
289418.340	3497171.582	4.8306
289418.231	3497171.582	4.8185
289418.121	3497171.580	4.8068
289418.012	3497171.576	4.7949
289417.903	3497171.571	4.7830
289417.793	3497171.565	4.7714
289417.684	3497171.558	4.7586
289417.575	3497171.548	4.7465
289417.464	3497171.536	4.7352
289417.358	3497171.523	4.7223
289417.252	3497171.508	4.7108
289417.147	3497171.494	4.6980
289417.043	3497171.479	4.6844
289416.937	3497171.462	4.6720
289416.832	3497171.443	4.6597
289416.726	3497171.423	4.6473
289416.620	3497171.400	4.6346
289416.515	3497171.377	4.6215
289416.412	3497171.353	4.6077
289416.309	3497171.328	4.5941
289416.205	3497171.302	4.5807
289416.102	3497171.275	4.5679
289415.999	3497171.246	4.5548
289415.897	3497171.216	4.5417
289415.795	3497171.184	4.5283
289415.694	3497171.150	4.5151
289415.594	3497171.114	4.5010
289415.494	3497171.077	4.4873
289415.394	3497171.038	4.4739
289415.299	3497171.000	4.4578
289415.203	3497170.962	4.4437
289415.109	3497170.922	4.4302
289415.014	3497170.880	4.4175
289414.920	3497170.835	4.4052
289414.826	3497170.789	4.3929
289414.734	3497170.743	4.3795
289414.642	3497170.694	4.3662
289414.550	3497170.644	4.3534
289414.459	3497170.592	4.3414
289414.369	3497170.538	4.3296
289414.279	3497170.483	4.3174
289414.190	3497170.428	4.3050
289414.102	3497170.373	4.2923
289414.014	3497170.316	4.2807
289413.926	3497170.258	4.2696
289413.838	3497170.198	4.2585
289413.751	3497170.138	4.2469
289413.665	3497170.079	4.2344
289413.579	3497170.018	4.2226
289413.496	3497169.959	4.2096
289413.414	3497169.899	4.1992
289413.333	3497169.837	4.1891
289413.253	3497169.772	4.1793
289413.173	3497169.706	4.1696
289413.095	3497169.641	4.1592
289413.017	3497169.577	4.1486
289412.940	3497169.512	4.1382
289412.789	3497169.382	4.1169
289412.642	3497169.252	4.0938
289412.496	3497169.116	4.0724
289412.354	3497168.976	4.0511
289412.213	3497168.832	4.0292
289412.144	3497168.758	4.0185
289412.013	3497168.611	3.9947
289411.947	3497168.534	3.9839
289411.882	3497168.457	3.9733
289411.817	3497168.379	3.9627
289411.751	3497168.301	3.9514
289411.686	3497168.223	3.9403
289411.620	3497168.146	3.9289
289411.555	3497168.068	3.9180
289411.490	3497167.988	3.9078
289411.426	3497167.909	3.8972
289411.363	3497167.829	3.8867
289411.300	3497167.748	3.8759
289411.239	3497167.665	3.8656
289411.180	3497167.580	3.8555
289411.123	3497167.494	3.8455
289411.066	3497167.406	3.8357
289411.012	3497167.319	3.8257
289410.958	3497167.231	3.8152
289410.904	3497167.143	3.8048
289410.851	3497167.056	3.7945
289410.796	3497166.968	3.7842
289410.741	3497166.879	3.7735
289410.686	3497166.789	3.7626
289410.632	3497166.696	3.7525
289410.581	3497166.601	3.7426
289410.530	3497166.507	3.7325
289410.480	3497166.413	3.7221
289410.431	3497166.318	3.7119
289410.381	3497166.222	3.7021
289410.332	3497166.126	3.6929
289410.284	3497166.028	3.6835
289410.236	3497165.931	3.6743
289410.190	3497165.831	3.6655
289410.144	3497165.732	3.6565
289410.100	3497165.633	3.6477
289410.056	3497165.532	3.6390
289410.013	3497165.432	3.6301
289409.970	3497165.331	3.6216
289409.927	3497165.229	3.6134
289409.885	3497165.128	3.6051
289409.842	3497165.027	3.5968
289409.799	3497164.924	3.5896
289409.758	3497164.819	3.5830
289409.718	3497164.714	3.5757
289409.679	3497164.609	3.5683
289409.640	3497164.504	3.5611
289409.601	3497164.398	3.5540
289409.563	3497164.292	3.5471
289409.524	3497164.187	3.5402
289409.486	3497164.082	3.5328
289409.447	3497163.976	3.5255
289409.409	3497163.868	3.5190
289409.373	3497163.759	3.5129
289409.339	3497163.651	3.5072
289409.304	3497163.543	3.5012
289409.269	3497163.434	3.4953
289409.234	3497163.325	3.4893
289409.199	3497163.216	3.4835
289409.164	3497163.105	3.4784
289409.130	3497162.993	3.4739
289409.096	3497162.880	3.4689
289409.061	3497162.766	3.4644
289409.027	3497162.651	3.4596
289408.992	3497162.533	3.4554
289408.956	3497162.414	3.4513
289408.921	3497162.294	3.4475
289408.886	3497162.174	3.4433
289408.850	3497162.052	3.4390
289408.813	3497161.930	3.4348
289408.776	3497161.806	3.4312
289408.739	3497161.682	3.4276
289408.702	3497161.558	3.4239
289408.666	3497161.434	3.4205
289408.630	3497161.308	3.4175
289408.595	3497161.181	3.4146
289408.562	3497161.053	3.4121
289408.530	3497160.923	3.4096
289408.498	3497160.794	3.4072
289408.465	3497160.664	3.4048
289408.430	3497160.533	3.4026
289408.396	3497160.400	3.3996
289408.361	3497160.265	3.3969
289408.326	3497160.129	3.3945
289408.290	3497159.991	3.3927
289408.252	3497159.852	3.3908
289408.214	3497159.713	3.3891
289408.177	3497159.574	3.3878
289408.141	3497159.434	3.3865
289408.105	3497159.293	3.3857
289408.069	3497159.150	3.3857
289408.033	3497159.007	3.3860
289407.997	3497158.865	3.3857
289407.960	3497158.723	3.3853
289407.923	3497158.581	3.3855
289407.885	3497158.437	3.3865
289407.848	3497158.292	3.3878
289407.812	3497158.148	3.3884
289407.776	3497158.004	3.3885
289407.739	3497157.858	3.3889
289407.701	3497157.712	3.3897
289407.661	3497157.563	3.3902
289407.619	3497157.409	3.3913
289407.575	3497157.256	3.3916
289407.528	3497157.103	3.3916
289407.481	3497156.947	3.3920
289407.435	3497156.790	3.3932
289407.388	3497156.631	3.3945
289407.340	3497156.472	3.3956
289407.293	3497156.313	3.3965
289407.247	3497156.153	3.3980
289407.201	3497155.990	3.4003
289407.155	3497155.827	3.4029
289407.108	3497155.664	3.4056
289407.059	3497155.500	3.4080
289407.007	3497155.336	3.4109
289406.954	3497155.171	3.4144
289406.900	3497155.005	3.4184
289406.845	3497154.837	3.4226
289406.789	3497154.668	3.4269
289406.731	3497154.497	3.4317
289406.671	3497154.325	3.4363
289406.608	3497154.152	3.4419
289406.544	3497153.978	3.4482
289406.479	3497153.803	3.4555
289406.413	3497153.628	3.4633
289406.344	3497153.455	3.4706
289406.274	3497153.283	3.4779
289406.202	3497153.113	3.4849
289406.129	3497152.945	3.4920
289406.055	3497152.778	3.4999
289405.983	3497152.612	3.5079
289405.910	3497152.451	3.5150
289405.837	3497152.290	3.5226
289405.763	3497152.131	3.5312
289405.686	3497151.974	3.5400
289405.608	3497151.822	3.5484
289405.529	3497151.673	3.5567
289405.450	3497151.527	3.5654
289405.370	3497151.383	3.5739
289405.292	3497151.241	3.5829
289405.213	3497151.101	3.5913
289405.131	3497150.964	3.6000
289405.048	3497150.830	3.6088
289404.963	3497150.696	3.6177
289404.879	3497150.566	3.6268
289404.794	3497150.437	3.6353
289404.708	3497150.312	3.6427
289404.621	3497150.189	3.6503
289404.532	3497150.066	3.6590
289404.444	3497149.943	3.6681
289404.354	3497149.823	3.6764
289404.265	3497149.705	3.6837
289404.175	3497149.587	3.6912
289404.086	3497149.469	3.6994
289403.995	3497149.352	3.7075
289403.902	3497149.235	3.7160
289403.808	3497149.121	3.7243
289403.712	3497149.008	3.7328
289403.615	3497148.899	3.7404
289403.518	3497148.790	3.7486
289403.419	3497148.678	3.7602
289403.327	3497148.572	3.7695
289403.233	3497148.466	3.7789
289403.138	3497148.362	3.7883
289403.042	3497148.258	3.7984
289402.945	3497148.154	3.8081
289402.849	3497148.052	3.8172
289402.751	3497147.949	3.8271
289402.653	3497147.846	3.8375
289402.554	3497147.744	3.8476
289402.454	3497147.643	3.8573
289402.351	3497147.545	3.8666
289402.246	3497147.449	3.8761
289402.139	3497147.353	3.8862
289402.030	3497147.257	3.8966
289401.922	3497147.162	3.9067
289401.813	3497147.068	3.9170
289401.704	3497146.976	3.9270
289401.594	3497146.882	3.9378
289401.482	3497146.790	3.9481
289401.368	3497146.698	3.9598
289401.254	3497146.609	3.9693
289401.139	3497146.522	3.9792
289401.021	3497146.436	3.9899
289400.902	3497146.351	4.0004
289400.782	3497146.268	4.0105
289400.660	3497146.185	4.0207
289400.538	3497146.102	4.0313
289400.416	3497146.018	4.0418
289400.293	3497145.934	4.0529
289400.170	3497145.851	4.0636
289400.046	3497145.769	4.0746
289399.921	3497145.689	4.0855
289399.796	3497145.610	4.0960
289399.670	3497145.533	4.1062
289399.544	3497145.459	4.1160
289399.417	3497145.387	4.1252
289399.288	3497145.317	4.1342
289399.158	3497145.249	4.1440
289399.025	3497145.182	4.1547
289398.890	3497145.116	4.1666
289398.756	3497145.054	4.1776
289398.622	3497144.992	4.1889
289398.486	3497144.930	4.2007
289398.349	3497144.868	4.2126
289398.212	3497144.806	4.2252
289398.073	3497144.746	4.2379
289397.935	3497144.689	4.2503
289397.796	3497144.634	4.2625
289397.656	3497144.580	4.2749
289397.517	3497144.528	4.2872
289397.377	3497144.478	4.2991
289397.236	3497144.431	4.3109
289397.094	3497144.384	4.3233
289396.953	3497144.342	4.3345
289396.811	3497144.302	4.3459
289396.667	3497144.263	4.3575
289396.522	3497144.225	4.3695
289396.377	3497144.186	4.3819
289396.231	3497144.150	4.3941
289396.084	3497144.116	4.4070
289395.939	3497144.087	4.4191
289395.794	3497144.060	4.4312
289395.648	3497144.035	4.4428
289395.502	3497144.012	4.4550
289395.354	3497143.991	4.4672
289395.207	3497143.972	4.4799
289395.060	3497143.956	4.4920
289394.912	3497143.942	4.5036
289394.765	3497143.930	4.5149
289394.618	3497143.918	4.5268
289394.470	3497143.907	4.5384
289394.321	3497143.898	4.5499
289394.172	3497143.890	4.5616
289394.023	3497143.884	4.5730
289393.874	3497143.881	4.5838
289393.726	3497143.879	4.5941
289393.577	3497143.879	4.6047
289393.428	3497143.879	4.6154
289393.278	3497143.880	4.6266
289393.129	3497143.881	4.6378
289392.982	3497143.885	4.6487
289392.836	3497143.891	4.6592
289392.689	3497143.899	4.6703
289392.541	3497143.909	4.6812
289392.394	3497143.920	4.6922
289392.246	3497143.934	4.7030
289392.099	3497143.948	4.7135
289391.951	3497143.964	4.7240
289391.802	3497143.982	4.7350
289391.654	3497144.001	4.7465
289391.506	3497144.022	4.7577
289391.359	3497144.043	4.7686
289391.211	3497144.066	4.7792
289391.064	3497144.090	4.7898
289390.917	3497144.116	4.8010
289390.770	3497144.143	4.8129
289390.621	3497144.173	4.8256
289390.474	3497144.205	4.8389
289390.325	3497144.240	4.8526
289390.176	3497144.276	4.8672
289390.028	3497144.313	4.8817
289389.881	3497144.352	4.8961
289389.733	3497144.394	4.9111
289389.586	3497144.438	4.9257
289389.440	3497144.485	4.9408
289389.293	3497144.533	4.9563
289389.146	3497144.582	4.9719
289389.001	3497144.635	4.9870
289388.857	3497144.689	5.0021
289388.715	3497144.747	5.0172
289388.574	3497144.806	5.0326
289388.434	3497144.868	5.0479
289388.294	3497144.931	5.0635
289388.155	3497144.997	5.0793
289388.016	3497145.064	5.0951
289387.878	3497145.134	5.1111
289387.740	3497145.205	5.1273
289387.604	3497145.279	5.1435
289387.470	3497145.355	5.1590
289387.339	3497145.436	5.1738
289387.211	3497145.525	5.1893
289387.085	3497145.617	5.2042
289386.959	3497145.710	5.2191
289386.835	3497145.804	5.2337
289386.712	3497145.900	5.2478
289386.590	3497145.997	5.2616
289386.469	3497146.097	5.2757
289386.349	3497146.197	5.2905
289386.231	3497146.300	5.3049
289386.115	3497146.405	5.3192
289386.001	3497146.512	5.3326
289385.890	3497146.619	5.3456
289385.779	3497146.727	5.3583
289385.670	3497146.837	5.3705
289385.560	3497146.948	5.3835
289385.451	3497147.058	5.3963
289385.343	3497147.169	5.4085
289385.236	3497147.282	5.4207
289385.132	3497147.397	5.4325
289385.031	3497147.512	5.4432
289384.933	3497147.628	5.4541
289384.838	3497147.745	5.4646
289384.743	3497147.863	5.4750
289384.649	3497147.982	5.4854
289384.556	3497148.101	5.4953
289384.464	3497148.222	5.5054
289384.372	3497148.344	5.5155
289384.281	3497148.468	5.5248
289384.189	3497148.593	5.5343
289384.100	3497148.721	5.5434
289384.009	3497148.849	5.5526
289383.919	3497148.978	5.5614
289383.831	3497149.108	5.5688
289383.745	3497149.238	5.5752
289383.660	3497149.370	5.5812
289383.575	3497149.503	5.5871
289383.489	3497149.637	5.5928
289383.404	3497149.771	5.5983
289383.319	3497149.905	5.6038
289383.231	3497150.037	5.6102
289383.142	3497150.162	5.6146
289383.055	3497150.285	5.6181
289382.970	3497150.410	5.6215
289382.883	3497150.536	5.6254
289382.797	3497150.663	5.6298
289382.709	3497150.789	5.6342
289382.622	3497150.915	5.6380
289382.536	3497151.041	5.6413
289382.449	3497151.169	5.6443
289382.360	3497151.297	5.6482
289382.273	3497151.428	5.6514
289382.186	3497151.560	5.6541
289382.102	3497151.693	5.6561
289382.017	3497151.828	5.6584
289381.932	3497151.965	5.6610
289381.846	3497152.100	5.6634
289381.758	3497152.234	5.6658
289381.670	3497152.367	5.6685
289381.579	3497152.498	5.6711
289381.485	3497152.629	5.6738
289381.388	3497152.759	5.6762
289381.292	3497152.889	5.6777
289381.199	3497153.020	5.6791
289381.107	3497153.152	5.6801
289381.016	3497153.285	5.6812
289380.924	3497153.417	5.6822
289380.833	3497153.549	5.6832
289380.740	3497153.680	5.6847
289380.645	3497153.811	5.6866
289380.548	3497153.941	5.6881
289380.452	3497154.073	5.6899
289380.356	3497154.206	5.6916
289380.262	3497154.339	5.6930
289380.167	3497154.472	5.6944
289380.072	3497154.608	5.6957
289379.978	3497154.745	5.6967
289379.884	3497154.882	5.6977
289379.789	3497155.020	5.6988
289379.692	3497155.159	5.7003
289379.593	3497155.304	5.7035
289379.494	3497155.452	5.7051
289379.394	3497155.599	5.7071
289379.296	3497155.746	5.7084
289379.198	3497155.893	5.7094
289379.100	3497156.042	5.7102
289379.003	3497156.192	5.7112
289378.905	3497156.342	5.7123
289378.808	3497156.492	5.7131
289378.712	3497156.641	5.7138
289378.615	3497156.791	5.7147
289378.516	3497156.941	5.7156
289378.417	3497157.090	5.7162
289378.317	3497157.240	5.7170
289378.216	3497157.393	5.7181
289378.116	3497157.546	5.7188
289378.015	3497157.699	5.7192
289377.915	3497157.853	5.7192
289377.814	3497158.007	5.7197
289377.712	3497158.162	5.7203
289377.612	3497158.321	5.7214
289377.513	3497158.481	5.7212
289377.414	3497158.640	5.7215
289377.313	3497158.800	5.7223
289377.212	3497158.959	5.7232
289377.112	3497159.119	5.7236
289377.013	3497159.281	5.7237
289376.913	3497159.443	5.7238
289376.815	3497159.605	5.7236
289376.717	3497159.769	5.7234
289376.618	3497159.932	5.7232
289376.519	3497160.095	5.7232
289376.418	3497160.257	5.7231
289376.315	3497160.420	5.7232
289376.211	3497160.583	5.7236
289376.106	3497160.746	5.7236
289376.002	3497160.910	5.7237
289375.899	3497161.075	5.7230
289375.796	3497161.241	5.7221
289375.693	3497161.409	5.7215
289375.587	3497161.582	5.7225
289375.481	3497161.758	5.7226
289375.374	3497161.934	5.7222
289375.267	3497162.109	5.7220
289375.157	3497162.284	5.7218
289375.047	3497162.458	5.7217
289374.939	3497162.634	5.7210
289374.829	3497162.811	5.7205
289374.721	3497162.988	5.7196
289374.613	3497163.165	5.7183
289374.505	3497163.342	5.7177
289374.395	3497163.520	5.7174
289374.283	3497163.697	5.7176
289374.172	3497163.875	5.7175
289374.060	3497164.052	5.7170
289373.949	3497164.228	5.7160
289373.839	3497164.404	5.7151
289373.727	3497164.579	5.7144
289373.615	3497164.755	5.7139
289373.503	3497164.932	5.7130
289373.392	3497165.110	5.7131
289373.282	3497165.286	5.7126
289373.172	3497165.463	5.7117
289373.062	3497165.639	5.7107
289372.951	3497165.816	5.7100
289372.840	3497165.993	5.7099
289372.727	3497166.170	5.7100
289372.615	3497166.345	5.7095
289372.503	3497166.520	5.7087
289372.390	3497166.696	5.7084
289372.278	3497166.873	5.7083
289372.166	3497167.048	5.7078
289372.055	3497167.224	5.7069
289371.944	3497167.400	5.7062
289371.834	3497167.577	5.7055
289371.721	3497167.754	5.7050
289371.607	3497167.930	5.7051
289371.492	3497168.105	5.7050
289371.377	3497168.279	5.7046
289371.263	3497168.453	5.7041
289371.149	3497168.628	5.7042
289371.035	3497168.803	5.7040
289370.924	3497168.978	5.7032
289370.812	3497169.153	5.7026
289370.700	3497169.329	5.7025
289370.587	3497169.503	5.7025
289370.473	3497169.678	5.7028
289370.359	3497169.852	5.7027
289370.245	3497170.026	5.7026
289370.130	3497170.201	5.7026
289370.016	3497170.375	5.7022
289369.904	3497170.550	5.7015
289369.792	3497170.724	5.7011
289369.678	3497170.898	5.7010
289369.564	3497171.072	5.7007
289369.450	3497171.245	5.7001
289369.336	3497171.419	5.6997
289369.222	3497171.592	5.6995
289369.108	3497171.764	5.6995
289368.994	3497171.937	5.6988
289368.882	3497172.110	5.6973
289368.770	3497172.284	5.6962
289368.659	3497172.458	5.6954
289368.547	3497172.632	5.6947
289368.433	3497172.804	5.6941
289368.318	3497172.976	5.6936
289368.201	3497173.149	5.6937
289368.084	3497173.321	5.6939
289367.967	3497173.492	5.6941
289367.850	3497173.664	5.6942
289367.734	3497173.836	5.6942
289367.620	3497174.009	5.6944
289367.508	3497174.181	5.6938
289367.396	3497174.355	5.6933
289367.284	3497174.529	5.6933
289367.170	3497174.702	5.6939
289367.055	3497174.874	5.6945
289366.939	3497175.044	5.6952
289366.823	3497175.214	5.6961
289366.707	3497175.384	5.6970
289366.593	3497175.553	5.6966
289366.482	3497175.722	5.6962
289366.372	3497175.892	5.6960
289366.263	3497176.063	5.6958
289366.155	3497176.234	5.6960
289366.045	3497176.405	5.6966
289365.936	3497176.576	5.6971
289365.826	3497176.747	5.6977
289365.716	3497176.917	5.6978
289365.608	3497177.087	5.6972
289365.499	3497177.255	5.6970
289365.389	3497177.425	5.6977
289365.278	3497177.594	5.6983
289365.168	3497177.763	5.6987
289365.060	3497177.931	5.6981
289364.951	3497178.100	5.6981
289364.842	3497178.268	5.6980
289364.733	3497178.436	5.6980
289364.625	3497178.605	5.6976
289364.516	3497178.773	5.6973
289364.406	3497178.942	5.6972
289364.295	3497179.112	5.6965
289364.182	3497179.282	5.6963
289364.069	3497179.451	5.6961
289363.956	3497179.621	5.6960
289363.841	3497179.790	5.6961
289363.726	3497179.959	5.6958
289363.612	3497180.128	5.6954
289363.498	3497180.296	5.6948
289363.384	3497180.465	5.6946
289363.270	3497180.634	5.6950
289363.156	3497180.804	5.6960
289363.043	3497180.973	5.6957
289362.931	3497181.143	5.6952
289362.820	3497181.313	5.6943
289362.708	3497181.482	5.6946
289362.594	3497181.649	5.6952
289362.479	3497181.818	5.6964
289362.367	3497181.987	5.6970
289362.255	3497182.156	5.6970
289362.146	3497182.326	5.6962
289362.040	3497182.495	5.6959
289361.932	3497182.663	5.6957
289361.826	3497182.832	5.6953
289361.717	3497183.001	5.6956
289361.609	3497183.169	5.6960
289361.499	3497183.338	5.6959
289361.390	3497183.506	5.6955
289361.281	3497183.674	5.6953
289361.172	3497183.842	5.6951
289361.062	3497184.009	5.6951
289360.953	3497184.176	5.6952
289360.844	3497184.344	5.6951
289360.735	3497184.513	5.6951
289360.628	3497184.682	5.6951
289360.520	3497184.852	5.6949
289360.412	3497185.021	5.6944
289360.303	3497185.191	5.6942
289360.193	3497185.361	5.6946
289360.082	3497185.530	5.6948
289359.969	3497185.699	5.6948
289359.854	3497185.866	5.6948
289359.739	3497186.034	5.6944
289359.625	3497186.202	5.6935
289359.511	3497186.371	5.6925
289359.396	3497186.540	5.6921
289359.280	3497186.710	5.6925
289359.163	3497186.879	5.6932
289359.046	3497187.047	5.6935
289358.929	3497187.216	5.6935
289358.812	3497187.385	5.6936
289358.696	3497187.555	5.6938
289358.580	3497187.725	5.6939
289358.465	3497187.896	5.6934
289358.351	3497188.068	5.6933
289358.236	3497188.239	5.6933
289358.122	3497188.410	5.6933
289358.005	3497188.582	5.6935
289357.887	3497188.752	5.6938
289357.767	3497188.923	5.6946
289357.648	3497189.095	5.6953
289357.530	3497189.268	5.6962
289357.414	3497189.441	5.6964
289357.300	3497189.615	5.6966
289357.187	3497189.789	5.6965
289357.074	3497189.965	5.6962
289356.962	3497190.142	5.6962
289356.849	3497190.317	5.6965
289356.734	3497190.491	5.6971
289356.620	3497190.665	5.6975
289356.503	3497190.838	5.6986
289356.386	3497191.012	5.6991
289356.269	3497191.186	5.6993
289356.153	3497191.360	5.6996
289356.039	3497191.536	5.6998
289355.928	3497191.712	5.6993
289355.818	3497191.888	5.6987
289355.708	3497192.065	5.6981
289355.596	3497192.241	5.6982
289355.483	3497192.415	5.6982
289355.370	3497192.588	5.6989
289355.255	3497192.757	5.7000
289355.139	3497192.927	5.7012
289355.023	3497193.097	5.7020
289354.909	3497193.266	5.7018
289354.799	3497193.437	5.7011
289354.690	3497193.609	5.7006
289354.582	3497193.782	5.7000
289354.473	3497193.955	5.6997
289354.364	3497194.128	5.6997
289354.255	3497194.301	5.6994
289354.145	3497194.474	5.6998
289354.034	3497194.646	5.7001
289353.921	3497194.816	5.7006
289353.808	3497194.987	5.7013
289353.697	3497195.158	5.7016
289353.587	3497195.329	5.7016
289353.476	3497195.502	5.7019
289353.367	3497195.674	5.7015
289353.258	3497195.846	5.7010
289353.148	3497196.018	5.7003
289353.036	3497196.191	5.6996
289352.923	3497196.364	5.6997
289352.808	3497196.536	5.6999
289352.691	3497196.707	5.6998
289352.575	3497196.877	5.6993
289352.459	3497197.046	5.6992
289352.342	3497197.217	5.6993
289352.225	3497197.387	5.6996
289352.109	3497197.558	5.6994
289351.994	3497197.728	5.6986
289351.879	3497197.899	5.6979
289351.765	3497198.072	5.6970
289351.652	3497198.245	5.6966
289351.538	3497198.419	5.6965
289351.423	3497198.591	5.6967
289351.306	3497198.763	5.6977
289351.189	3497198.935	5.6991
289351.070	3497199.106	5.7007
289350.952	3497199.277	5.7016
289350.836	3497199.448	5.7018
289350.723	3497199.620	5.7017
289350.609	3497199.791	5.7016
289350.499	3497199.964	5.7015
289350.389	3497200.137	5.7014
289350.280	3497200.312	5.7014
289350.172	3497200.486	5.7009
289350.063	3497200.661	5.7005
289349.952	3497200.835	5.7001
289349.840	3497201.007	5.7004
289349.728	3497201.178	5.7008
289349.615	3497201.348	5.7011
289349.501	3497201.518	5.7012
289349.389	3497201.688	5.7009
289349.277	3497201.859	5.7005
289349.166	3497202.031	5.7000
289349.056	3497202.203	5.6996
289348.946	3497202.374	5.6990
289348.837	3497202.543	5.6980
289348.727	3497202.713	5.6974
289348.616	3497202.882	5.6965
289348.503	3497203.051	5.6969
289348.389	3497203.221	5.6974
289348.275	3497203.389	5.6979
289348.164	3497203.557	5.6974
289348.052	3497203.726	5.6971
289347.940	3497203.895	5.6973
289347.828	3497204.066	5.6976
289347.716	3497204.236	5.6979
289347.605	3497204.407	5.6981
289347.493	3497204.577	5.6985
289347.380	3497204.746	5.6987
289347.267	3497204.916	5.6987
289347.154	3497205.085	5.6989
289347.040	3497205.255	5.6995
289346.927	3497205.425	5.6999
289346.816	3497205.595	5.7001
289346.705	3497205.765	5.6997
289346.594	3497205.935	5.6993
289346.481	3497206.105	5.6993
289346.367	3497206.276	5.6995
289346.251	3497206.448	5.7006
289346.135	3497206.620	5.7015
289346.020	3497206.791	5.7013
289345.908	3497206.963	5.7004
289345.797	3497207.136	5.6997
289345.687	3497207.310	5.6996
289345.577	3497207.485	5.6991
289345.465	3497207.658	5.6990
289345.351	3497207.831	5.6993
289345.235	3497208.003	5.7003
289345.119	3497208.174	5.7008
289345.004	3497208.345	5.7012
289344.890	3497208.516	5.7009
289344.776	3497208.688	5.7007
289344.665	3497208.859	5.7003
289344.554	3497209.031	5.6997
289344.443	3497209.202	5.6993
289344.331	3497209.375	5.6994
289344.218	3497209.546	5.6997
289344.106	3497209.716	5.6991
289343.994	3497209.884	5.6990
289343.881	3497210.053	5.6998
289343.769	3497210.222	5.6996
289343.656	3497210.390	5.6993
289343.545	3497210.559	5.6993
289343.433	3497210.728	5.6996
289343.321	3497210.897	5.7002
289343.208	3497211.066	5.7004
289343.097	3497211.234	5.6999
289342.986	3497211.401	5.6990
289342.874	3497211.570	5.6988
289342.764	3497211.741	5.6988
289342.653	3497211.911	5.6992
289342.543	3497212.082	5.6992
289342.433	3497212.252	5.6991
289342.322	3497212.421	5.6992
289342.211	3497212.590	5.6993
289342.098	3497212.759	5.6996
289341.984	3497212.928	5.6999
289341.870	3497213.097	5.7001
289341.757	3497213.269	5.7001
289341.646	3497213.442	5.6998
289341.536	3497213.614	5.6994
289341.425	3497213.787	5.6991
289341.314	3497213.959	5.6992
289341.202	3497214.131	5.6993
289341.090	3497214.304	5.6994
289340.977	3497214.477	5.6997
289340.866	3497214.649	5.6993
289340.756	3497214.821	5.6987
289340.645	3497214.994	5.6982
289340.534	3497215.166	5.6978
289340.423	3497215.340	5.6976
289340.311	3497215.512	5.6977
289340.200	3497215.684	5.6976
289340.089	3497215.856	5.6973
289339.978	3497216.027	5.6967
289339.867	3497216.199	5.6964
289339.755	3497216.372	5.6964
289339.643	3497216.544	5.6960
289339.530	3497216.716	5.6957
289339.416	3497216.887	5.6954
289339.302	3497217.058	5.6951
289339.188	3497217.229	5.6949
289339.073	3497217.400	5.6944
289338.958	3497217.572	5.6937
289338.844	3497217.744	5.6934
289338.729	3497217.916	5.6933
289338.614	3497218.087	5.6929
289338.497	3497218.257	5.6923
289338.380	3497218.428	5.6924
289338.262	3497218.598	5.6927
289338.145	3497218.769	5.6930
289338.029	3497218.940	5.6923
289337.915	3497219.112	5.6919
289337.802	3497219.284	5.6910
289337.690	3497219.456	5.6898
289337.577	3497219.629	5.6891
289337.461	3497219.802	5.6897
289337.344	3497219.974	5.6900
289337.226	3497220.144	5.6901
289337.109	3497220.315	5.6907
289336.992	3497220.485	5.6909
289336.878	3497220.656	5.6903
289336.763	3497220.827	5.6902
289336.648	3497220.998	5.6902
289336.533	3497221.168	5.6900
289336.418	3497221.338	5.6901
289336.301	3497221.508	5.6901
289336.182	3497221.677	5.6907
289336.065	3497221.846	5.6910
289335.949	3497222.016	5.6911
289335.834	3497222.187	5.6906
289335.721	3497222.358	5.6899
289335.608	3497222.530	5.6892
289335.493	3497222.702	5.6893
289335.377	3497222.874	5.6901
289335.260	3497223.045	5.6905
289335.143	3497223.216	5.6914
289335.028	3497223.387	5.6919
289334.915	3497223.560	5.6922
289334.801	3497223.733	5.6923
289334.689	3497223.906	5.6921
289334.578	3497224.080	5.6917
289334.467	3497224.253	5.6914
289334.356	3497224.427	5.6916
289334.244	3497224.602	5.6918
289334.131	3497224.776	5.6922
289334.018	3497224.949	5.6922
289333.905	3497225.121	5.6921
289333.792	3497225.293	5.6921
289333.679	3497225.465	5.6921
289333.566	3497225.638	5.6922
289333.454	3497225.811	5.6922
289333.342	3497225.982	5.6921
289333.231	3497226.154	5.6914
289333.121	3497226.326	5.6913
289333.010	3497226.498	5.6913
289332.899	3497226.670	5.6911
289332.789	3497226.840	5.6909
289332.678	3497227.008	5.6910
289332.566	3497227.175	5.6910
289332.455	3497227.342	5.6908
289332.343	3497227.509	5.6907
289332.231	3497227.676	5.6908
289332.120	3497227.841	5.6908
289332.011	3497228.009	5.6903
289331.902	3497228.177	5.6897
289331.793	3497228.346	5.6894
289331.684	3497228.513	5.6890
289331.573	3497228.681	5.6892
289331.460	3497228.848	5.6897
289331.346	3497229.013	5.6901
289331.232	3497229.179	5.6903
289331.119	3497229.344	5.6903
289331.007	3497229.510	5.6898
289330.896	3497229.677	5.6893
289330.786	3497229.844	5.6887
289330.676	3497230.012	5.6881
289330.564	3497230.180	5.6880
289330.449	3497230.350	5.6882
289330.333	3497230.520	5.6884
289330.217	3497230.689	5.6886
289330.100	3497230.859	5.6888
289329.983	3497231.029	5.6889
289329.864	3497231.199	5.6887
289329.747	3497231.369	5.6882
289329.630	3497231.539	5.6881
289329.513	3497231.710	5.6881
289329.397	3497231.881	5.6877
289329.282	3497232.054	5.6871
289329.167	3497232.227	5.6872
289329.051	3497232.401	5.6877
289328.935	3497232.573	5.6870
289328.817	3497232.745	5.6870
289328.697	3497232.918	5.6880
289328.577	3497233.091	5.6890
289328.458	3497233.263	5.6894
289328.340	3497233.436	5.6894
289328.225	3497233.608	5.6887
289328.110	3497233.780	5.6886
289327.997	3497233.952	5.6883
289327.883	3497234.124	5.6887
289327.769	3497234.295	5.6891
289327.656	3497234.462	5.6890
289327.543	3497234.628	5.6890
289327.430	3497234.792	5.6893
289327.318	3497234.954	5.6897
289327.208	3497235.114	5.6898
289327.100	3497235.272	5.6899
289326.995	3497235.428	5.6899
289326.891	3497235.582	5.6896
289326.790	3497235.734	5.6893
289326.689	3497235.883	5.6893
289326.588	3497236.028	5.6898
289326.488	3497236.171	5.6902
289326.389	3497236.311	5.6900
289326.294	3497236.448	5.6895
289326.203	3497236.583	5.6890
289326.115	3497236.717	5.6896
289326.035	3497236.847	5.6893
289325.956	3497236.976	5.6894
289325.879	3497237.100	5.6892
289325.802	3497237.221	5.6889
289325.726	3497237.339	5.6884
289325.651	3497237.454	5.6883
289325.576	3497237.566	5.6888
289325.500	3497237.677	5.6900
289325.427	3497237.784	5.6905
289325.357	3497237.887	5.6905
289325.290	3497237.988	5.6901
289325.226	3497238.086	5.6896
289325.163	3497238.182	5.6891
289325.104	3497238.277	5.6885
289325.047	3497238.369	5.6877
289324.991	3497238.459	5.6878
289324.935	3497238.546	5.6887
289324.833	3497238.707	5.6887
289324.743	3497238.854	5.6856
289324.655	3497238.992	5.6865
289324.575	3497239.115	5.6877
289324.502	3497239.226	5.6880
289324.440	3497239.328	5.6876
289324.386	3497239.420	5.6879
289324.320	3497239.536	5.6878
289324.269	3497239.624	5.6885
289324.207	3497239.716	5.6910
