275540.830	3479822.938	0.3654
275540.869	3479823.038	0.3662
275540.914	3479823.148	0.3674
275540.964	3479823.271	0.3689
275541.010	3479823.381	0.3700
275541.065	3479823.509	0.3715
275541.106	3479823.606	0.3724
275541.151	3479823.712	0.3735
275541.201	3479823.826	0.3746
275541.255	3479823.950	0.3757
275541.312	3479824.083	0.3770
275541.373	3479824.225	0.3783
275541.438	3479824.376	0.3796
275541.508	3479824.535	0.3810
275541.581	3479824.702	0.3824
275541.656	3479824.874	0.3838
275541.734	3479825.052	0.3853
275541.814	3479825.234	0.3867
275541.855	3479825.326	0.3873
275541.896	3479825.419	0.3880
275541.938	3479825.513	0.3887
275541.980	3479825.609	0.3893
275542.023	3479825.706	0.3899
275542.067	3479825.804	0.3905
275542.112	3479825.903	0.3911
275542.157	3479826.004	0.3918
275542.202	3479826.106	0.3925
275542.248	3479826.209	0.3930
275542.295	3479826.313	0.3935
275542.342	3479826.417	0.3939
275542.389	3479826.523	0.3945
275542.436	3479826.629	0.3952
275542.484	3479826.736	0.3958
275542.533	3479826.843	0.3963
275542.581	3479826.951	0.3966
275542.631	3479827.061	0.3970
275542.681	3479827.171	0.3974
275542.731	3479827.282	0.3979
275542.782	3479827.395	0.3983
275542.834	3479827.509	0.3987
275542.886	3479827.624	0.3992
275542.938	3479827.740	0.3996
275542.992	3479827.857	0.3999
275543.046	3479827.976	0.4002
275543.101	3479828.096	0.4006
275543.156	3479828.218	0.4011
275543.212	3479828.341	0.4016
275543.269	3479828.466	0.4021
275543.326	3479828.592	0.4024
275543.384	3479828.720	0.4025
275543.443	3479828.849	0.4027
275543.501	3479828.979	0.4029
275543.560	3479829.110	0.4031
275543.620	3479829.241	0.4033
275543.679	3479829.373	0.4035
275543.739	3479829.506	0.4036
275543.799	3479829.639	0.4038
275543.859	3479829.773	0.4040
275543.920	3479829.908	0.4042
275543.980	3479830.042	0.4045
275544.041	3479830.177	0.4047
275544.101	3479830.310	0.4048
275544.160	3479830.440	0.4051
275544.218	3479830.568	0.4054
275544.274	3479830.693	0.4058
275544.329	3479830.815	0.4061
275544.384	3479830.935	0.4064
275544.438	3479831.056	0.4068
275544.493	3479831.176	0.4072
275544.547	3479831.296	0.4077
275544.603	3479831.415	0.4082
275544.659	3479831.533	0.4085
275544.715	3479831.651	0.4089
275544.770	3479831.769	0.4093
275544.825	3479831.885	0.4097
275544.880	3479832.001	0.4100
275544.934	3479832.117	0.4104
275544.989	3479832.231	0.4106
275545.043	3479832.344	0.4107
275545.097	3479832.457	0.4108
275545.150	3479832.569	0.4109
275545.202	3479832.680	0.4110
275545.254	3479832.791	0.4110
275545.306	3479832.900	0.4110
275545.357	3479833.009	0.4109
275545.408	3479833.117	0.4107
275545.459	3479833.224	0.4107
275545.510	3479833.331	0.4107
275545.560	3479833.436	0.4107
275545.609	3479833.541	0.4104
275545.658	3479833.645	0.4103
275545.707	3479833.748	0.4102
275545.755	3479833.851	0.4101
275545.803	3479833.952	0.4101
275545.850	3479834.053	0.4101
275545.897	3479834.153	0.4100
275545.944	3479834.252	0.4100
275545.991	3479834.351	0.4099
275546.037	3479834.450	0.4098
275546.084	3479834.550	0.4098
275546.130	3479834.649	0.4098
275546.177	3479834.748	0.4097
275546.224	3479834.848	0.4096
275546.271	3479834.948	0.4095
275546.318	3479835.048	0.4094
275546.365	3479835.149	0.4093
275546.413	3479835.251	0.4092
275546.460	3479835.352	0.4092
275546.508	3479835.453	0.4091
275546.555	3479835.554	0.4091
275546.602	3479835.654	0.4090
275546.648	3479835.753	0.4090
275546.693	3479835.850	0.4090
275546.738	3479835.945	0.4090
275546.781	3479836.039	0.4089
275546.825	3479836.132	0.4087
275546.868	3479836.224	0.4086
275546.911	3479836.316	0.4086
275546.954	3479836.408	0.4087
275546.996	3479836.499	0.4087
275547.039	3479836.590	0.4086
275547.081	3479836.681	0.4085
275547.165	3479836.862	0.4084
275547.249	3479837.041	0.4084
275547.332	3479837.218	0.4082
275547.412	3479837.391	0.4082
275547.491	3479837.563	0.4082
275547.568	3479837.732	0.4080
275547.643	3479837.897	0.4080
275547.717	3479838.059	0.4080
275547.789	3479838.219	0.4078
275547.861	3479838.375	0.4076
275547.931	3479838.528	0.4075
275548.000	3479838.681	0.4076
275548.069	3479838.833	0.4075
275548.140	3479838.987	0.4074
275548.212	3479839.142	0.4075
275548.286	3479839.300	0.4076
275548.362	3479839.462	0.4077
275548.440	3479839.630	0.4079
275548.520	3479839.801	0.4081
275548.601	3479839.974	0.4081
275548.683	3479840.148	0.4082
275548.765	3479840.322	0.4085
275548.846	3479840.492	0.4084
275548.924	3479840.660	0.4086
275549.000	3479840.825	0.4088
275549.076	3479840.987	0.4088
275549.150	3479841.146	0.4088
275549.223	3479841.303	0.4087
275549.294	3479841.457	0.4087
275549.363	3479841.608	0.4089
275549.432	3479841.755	0.4088
275549.499	3479841.901	0.4088
275549.565	3479842.043	0.4087
275549.631	3479842.183	0.4085
275549.696	3479842.321	0.4087
275549.758	3479842.456	0.4087
275549.820	3479842.589	0.4088
275549.881	3479842.718	0.4087
275549.941	3479842.845	0.4087
275549.999	3479842.970	0.4089
275550.055	3479843.091	0.4089
275550.111	3479843.209	0.4090
275550.165	3479843.324	0.4090
275550.217	3479843.436	0.4092
275550.268	3479843.546	0.4092
275550.317	3479843.652	0.4091
275550.364	3479843.756	0.4093
275550.411	3479843.859	0.4093
275550.459	3479843.963	0.4093
275550.507	3479844.067	0.4095
275550.555	3479844.175	0.4096
275550.606	3479844.285	0.4094
275550.659	3479844.401	0.4096
275550.715	3479844.521	0.4096
275550.773	3479844.647	0.4097
275550.835	3479844.780	0.4098
275550.901	3479844.921	0.4097
275550.971	3479845.070	0.4097
275551.044	3479845.225	0.4098
275551.118	3479845.384	0.4098
275551.193	3479845.545	0.4098
275551.267	3479845.703	0.4101
275551.339	3479845.858	0.4101
275551.411	3479846.010	0.4101
275551.483	3479846.163	0.4102
275551.553	3479846.313	0.4103
275551.623	3479846.462	0.4104
275551.693	3479846.609	0.4104
275551.761	3479846.754	0.4105
275551.828	3479846.897	0.4106
275551.895	3479847.039	0.4106
275551.962	3479847.179	0.4104
275552.027	3479847.317	0.4105
275552.090	3479847.453	0.4105
275552.152	3479847.587	0.4103
275552.214	3479847.718	0.4102
275552.275	3479847.848	0.4101
275552.335	3479847.977	0.4101
275552.394	3479848.105	0.4099
275552.453	3479848.231	0.4097
275552.511	3479848.357	0.4096
275552.569	3479848.481	0.4095
275552.626	3479848.604	0.4094
275552.683	3479848.726	0.4093
275552.740	3479848.847	0.4092
275552.796	3479848.969	0.4091
275552.854	3479849.092	0.4090
275552.914	3479849.217	0.4087
275552.974	3479849.346	0.4087
275553.037	3479849.479	0.4085
275553.102	3479849.618	0.4083
275553.170	3479849.762	0.4082
275553.240	3479849.910	0.4079
275553.311	3479850.062	0.4078
275553.382	3479850.218	0.4077
275553.454	3479850.376	0.4073
275553.528	3479850.537	0.4071
275553.603	3479850.703	0.4070
275553.681	3479850.874	0.4067
275553.761	3479851.049	0.4064
275553.841	3479851.226	0.4063
275553.922	3479851.404	0.4061
275554.003	3479851.580	0.4058
275554.083	3479851.754	0.4059
275554.164	3479851.924	0.4059
275554.243	3479852.091	0.4057
275554.321	3479852.255	0.4058
275554.397	3479852.416	0.4060
275554.471	3479852.574	0.4060
275554.545	3479852.728	0.4059
275554.616	3479852.879	0.4060
275554.687	3479853.027	0.4060
275554.756	3479853.171	0.4060
275554.822	3479853.313	0.4059
275554.887	3479853.453	0.4059
275554.951	3479853.589	0.4056
275555.013	3479853.722	0.4054
275555.073	3479853.852	0.4053
275555.131	3479853.979	0.4053
275555.189	3479854.103	0.4052
275555.246	3479854.225	0.4047
275555.302	3479854.345	0.4047
275555.356	3479854.464	0.4046
275555.410	3479854.581	0.4046
275555.461	3479854.700	0.4045
275555.514	3479854.818	0.4043
275555.567	3479854.940	0.4041
275555.622	3479855.066	0.4040
275555.678	3479855.196	0.4040
275555.737	3479855.329	0.4040
275555.796	3479855.464	0.4040
275555.856	3479855.600	0.4042
275555.914	3479855.735	0.4044
275555.974	3479855.868	0.4043
275556.035	3479855.998	0.4044
275556.096	3479856.128	0.4046
275556.157	3479856.258	0.4047
275556.219	3479856.389	0.4046
275556.282	3479856.521	0.4048
275556.346	3479856.657	0.4050
275556.412	3479856.796	0.4049
275556.480	3479856.939	0.4050
275556.548	3479857.084	0.4052
275556.615	3479857.228	0.4053
275556.681	3479857.371	0.4057
275556.745	3479857.511	0.4057
275556.808	3479857.649	0.4056
275556.871	3479857.786	0.4059
275556.934	3479857.923	0.4058
275556.998	3479858.060	0.4056
275557.062	3479858.200	0.4057
275557.128	3479858.342	0.4056
275557.196	3479858.488	0.4056
275557.264	3479858.636	0.4053
275557.332	3479858.785	0.4054
275557.399	3479858.931	0.4054
275557.465	3479859.076	0.4053
275557.531	3479859.219	0.4053
275557.595	3479859.362	0.4055
275557.660	3479859.502	0.4053
275557.724	3479859.640	0.4052
275557.787	3479859.778	0.4055
275557.851	3479859.916	0.4053
275557.914	3479860.055	0.4053
275557.981	3479860.194	0.4052
275558.048	3479860.335	0.4050
275558.116	3479860.480	0.4051
275558.183	3479860.627	0.4053
275558.253	3479860.774	0.4051
275558.322	3479860.919	0.4053
275558.391	3479861.063	0.4052
275558.457	3479861.206	0.4052
275558.524	3479861.347	0.4052
275558.590	3479861.487	0.4050
275558.655	3479861.627	0.4048
275558.719	3479861.770	0.4049
275558.783	3479861.915	0.4046
275558.849	3479862.060	0.4046
275558.916	3479862.205	0.4044
275558.981	3479862.349	0.4043
275559.044	3479862.491	0.4044
275559.107	3479862.631	0.4043
275559.170	3479862.769	0.4038
275559.233	3479862.906	0.4039
275559.295	3479863.044	0.4038
275559.357	3479863.179	0.4037
275559.419	3479863.313	0.4037
275559.480	3479863.445	0.4034
275559.539	3479863.575	0.4035
275559.597	3479863.703	0.4037
275559.655	3479863.829	0.4036
275559.711	3479863.952	0.4038
275559.767	3479864.074	0.4039
275559.822	3479864.192	0.4037
275559.874	3479864.307	0.4039
275559.926	3479864.418	0.4040
275559.977	3479864.527	0.4039
275560.027	3479864.635	0.4039
275560.076	3479864.739	0.4041
275560.123	3479864.842	0.4040
275560.170	3479864.942	0.4041
275560.217	3479865.040	0.4040
275560.263	3479865.138	0.4040
275560.309	3479865.239	0.4041
275560.356	3479865.343	0.4041
275560.404	3479865.450	0.4040
275560.454	3479865.560	0.4040
275560.507	3479865.677	0.4038
275560.562	3479865.800	0.4037
275560.621	3479865.930	0.4036
275560.684	3479866.068	0.4034
275560.751	3479866.216	0.4035
275560.822	3479866.372	0.4033
275560.897	3479866.535	0.4028
275560.975	3479866.704	0.4030
275561.055	3479866.879	0.4027
275561.137	3479867.058	0.4028
275561.221	3479867.240	0.4032
275561.264	3479867.333	0.4032
275561.307	3479867.428	0.4030
275561.351	3479867.524	0.4031
275561.396	3479867.621	0.4033
275561.441	3479867.719	0.4035
275561.487	3479867.819	0.4036
275561.533	3479867.918	0.4035
275561.579	3479868.017	0.4035
275561.624	3479868.116	0.4035
275561.669	3479868.213	0.4036
275561.714	3479868.310	0.4036
275561.758	3479868.406	0.4035
275561.802	3479868.500	0.4035
275561.845	3479868.594	0.4036
275561.888	3479868.688	0.4037
275561.931	3479868.782	0.4039
275561.973	3479868.875	0.4041
275562.015	3479868.967	0.4042
275562.057	3479869.059	0.4043
275562.100	3479869.150	0.4042
275562.183	3479869.330	0.4044
275562.263	3479869.506	0.4046
275562.342	3479869.678	0.4046
275562.419	3479869.846	0.4049
275562.495	3479870.010	0.4048
275562.569	3479870.171	0.4048
275562.641	3479870.330	0.4052
275562.712	3479870.484	0.4053
275562.782	3479870.635	0.4053
275562.850	3479870.783	0.4052
275562.916	3479870.927	0.4053
275562.981	3479871.068	0.4052
275563.045	3479871.206	0.4051
275563.108	3479871.343	0.4051
275563.171	3479871.479	0.4052
275563.233	3479871.615	0.4053
275563.294	3479871.748	0.4050
275563.355	3479871.881	0.4050
275563.415	3479872.014	0.4051
275563.476	3479872.148	0.4050
275563.537	3479872.284	0.4050
275563.601	3479872.422	0.4052
275563.666	3479872.564	0.4049
275563.732	3479872.710	0.4051
275563.800	3479872.859	0.4050
275563.869	3479873.009	0.4049
275563.940	3479873.160	0.4051
275564.011	3479873.312	0.4051
275564.082	3479873.462	0.4051
275564.151	3479873.611	0.4053
275564.220	3479873.759	0.4054
275564.290	3479873.906	0.4055
275564.359	3479874.054	0.4057
275564.430	3479874.205	0.4057
275564.502	3479874.359	0.4058
275564.576	3479874.516	0.4058
275564.650	3479874.678	0.4058
275564.725	3479874.842	0.4059
275564.800	3479875.007	0.4060
275564.875	3479875.172	0.4059
275564.949	3479875.334	0.4060
275565.022	3479875.494	0.4061
275565.093	3479875.651	0.4060
275565.164	3479875.807	0.4056
275565.235	3479875.961	0.4057
275565.306	3479876.116	0.4057
275565.378	3479876.271	0.4054
275565.452	3479876.429	0.4054
275565.528	3479876.591	0.4053
275565.606	3479876.757	0.4051
275565.685	3479876.927	0.4052
275565.766	3479877.100	0.4053
275565.848	3479877.276	0.4052
275565.932	3479877.454	0.4051
275565.974	3479877.545	0.4052
275566.016	3479877.637	0.4058
275566.060	3479877.730	0.4069
275566.104	3479877.824	0.4088
275566.148	3479877.921	0.4113
275566.194	3479878.018	0.4144
275566.240	3479878.116	0.4181
275566.287	3479878.215	0.4223
275566.335	3479878.314	0.4271
275566.384	3479878.414	0.4323
275566.432	3479878.511	0.4377
275566.479	3479878.605	0.4435
275566.568	3479878.778	0.4543
275566.656	3479878.943	0.4617
275566.744	3479879.109	0.4664
275566.831	3479879.276	0.4696
275566.921	3479879.444	0.4701
275567.014	3479879.614	0.4687
275567.107	3479879.788	0.4657
275567.155	3479879.876	0.4633
275567.202	3479879.965	0.4603
275567.250	3479880.056	0.4568
275567.297	3479880.147	0.4532
275567.345	3479880.241	0.4498
275567.394	3479880.335	0.4466
275567.442	3479880.431	0.4434
275567.491	3479880.528	0.4402
275567.540	3479880.625	0.4371
275567.588	3479880.721	0.4345
275567.635	3479880.817	0.4320
275567.682	3479880.913	0.4296
275567.729	3479881.009	0.4271
275567.776	3479881.106	0.4248
275567.823	3479881.203	0.4229
275567.869	3479881.301	0.4211
275567.916	3479881.399	0.4191
275567.963	3479881.497	0.4170
275568.009	3479881.593	0.4151
275568.055	3479881.690	0.4136
275568.100	3479881.785	0.4121
275568.144	3479881.880	0.4107
275568.188	3479881.974	0.4092
275568.232	3479882.067	0.4078
275568.275	3479882.160	0.4064
275568.318	3479882.253	0.4049
275568.361	3479882.345	0.4036
275568.404	3479882.438	0.4025
275568.446	3479882.531	0.4014
275568.488	3479882.623	0.4002
275568.530	3479882.715	0.3990
275568.612	3479882.896	0.3970
275568.693	3479883.075	0.3950
275568.773	3479883.252	0.3930
275568.851	3479883.428	0.3916
275568.930	3479883.605	0.3898
275569.007	3479883.780	0.3884
275569.083	3479883.952	0.3874
275569.158	3479884.119	0.3860
275569.230	3479884.282	0.3849
275569.300	3479884.443	0.3841
275569.369	3479884.603	0.3833
275569.440	3479884.763	0.3823
275569.510	3479884.923	0.3815
275569.579	3479885.084	0.3809
275569.648	3479885.245	0.3804
275569.718	3479885.408	0.3801
275569.788	3479885.573	0.3797
275569.861	3479885.741	0.3792
275569.933	3479885.911	0.3790
275570.006	3479886.080	0.3787
275570.078	3479886.248	0.3787
275570.149	3479886.413	0.3787
275570.218	3479886.574	0.3783
275570.286	3479886.733	0.3782
275570.354	3479886.892	0.3784
275570.422	3479887.052	0.3782
275570.490	3479887.211	0.3779
275570.557	3479887.369	0.3781
275570.624	3479887.525	0.3780
275570.691	3479887.683	0.3782
275570.759	3479887.841	0.3784
275570.828	3479888.002	0.3785
275570.899	3479888.167	0.3787
275570.972	3479888.336	0.3788
275571.046	3479888.509	0.3791
275571.121	3479888.683	0.3795
275571.196	3479888.856	0.3797
275571.270	3479889.027	0.3800
275571.343	3479889.195	0.3805
275571.415	3479889.359	0.3807
275571.485	3479889.520	0.3812
275571.554	3479889.678	0.3816
275571.623	3479889.834	0.3817
275571.691	3479889.991	0.3822
275571.760	3479890.147	0.3827
275571.830	3479890.306	0.3831
275571.901	3479890.467	0.3836
275571.973	3479890.631	0.3841
275572.046	3479890.796	0.3845
275572.119	3479890.961	0.3849
275572.192	3479891.123	0.3854
275572.263	3479891.283	0.3859
275572.333	3479891.441	0.3862
275572.402	3479891.598	0.3864
275572.469	3479891.753	0.3868
275572.535	3479891.907	0.3874
275572.601	3479892.060	0.3878
275572.668	3479892.213	0.3882
275572.735	3479892.367	0.3885
275572.802	3479892.523	0.3890
275572.870	3479892.681	0.3892
275572.941	3479892.842	0.3897
275573.013	3479893.004	0.3901
275573.084	3479893.166	0.3904
275573.153	3479893.324	0.3908
275573.221	3479893.478	0.3913
275573.288	3479893.628	0.3918
275573.354	3479893.777	0.3921
275573.420	3479893.926	0.3927
275573.486	3479894.075	0.3932
275573.553	3479894.224	0.3935
275573.620	3479894.374	0.3940
275573.685	3479894.522	0.3947
275573.751	3479894.668	0.3951
275573.815	3479894.810	0.3955
275573.878	3479894.951	0.3959
275573.941	3479895.090	0.3964
275574.003	3479895.231	0.3970
275574.067	3479895.372	0.3974
275574.132	3479895.516	0.3980
275574.198	3479895.662	0.3985
275574.264	3479895.810	0.3988
275574.330	3479895.955	0.3994
275574.396	3479896.099	0.3998
275574.460	3479896.242	0.4003
275574.525	3479896.385	0.4010
275574.591	3479896.529	0.4011
275574.658	3479896.675	0.4015
275574.725	3479896.823	0.4022
275574.794	3479896.974	0.4027
275574.863	3479897.125	0.4032
275574.931	3479897.275	0.4037
275574.999	3479897.421	0.4040
275575.064	3479897.565	0.4042
275575.128	3479897.707	0.4047
275575.192	3479897.848	0.4051
275575.257	3479897.989	0.4052
275575.322	3479898.132	0.4055
275575.388	3479898.275	0.4058
275575.453	3479898.419	0.4061
275575.518	3479898.562	0.4066
275575.582	3479898.702	0.4070
275575.644	3479898.839	0.4073
275575.707	3479898.972	0.4076
275575.771	3479899.104	0.4079
275575.834	3479899.237	0.4082
275575.898	3479899.370	0.4085
275575.963	3479899.506	0.4087
275576.030	3479899.644	0.4091
275576.098	3479899.787	0.4093
275576.168	3479899.932	0.4095
275576.239	3479900.080	0.4099
275576.310	3479900.227	0.4101
275576.379	3479900.375	0.4103
275576.445	3479900.521	0.4106
275576.511	3479900.664	0.4106
275576.575	3479900.805	0.4107
275576.638	3479900.943	0.4108
275576.700	3479901.079	0.4107
275576.761	3479901.213	0.4110
275576.821	3479901.345	0.4111
275576.880	3479901.474	0.4109
275576.938	3479901.603	0.4111
275576.998	3479901.730	0.4113
275577.059	3479901.859	0.4114
275577.120	3479901.989	0.4118
275577.184	3479902.122	0.4119
275577.249	3479902.260	0.4120
275577.316	3479902.401	0.4122
275577.384	3479902.545	0.4125
275577.453	3479902.689	0.4127
275577.522	3479902.834	0.4131
275577.590	3479902.978	0.4134
275577.656	3479903.118	0.4135
275577.721	3479903.254	0.4136
275577.784	3479903.386	0.4140
275577.844	3479903.516	0.4142
275577.903	3479903.641	0.4143
275577.961	3479903.762	0.4144
275578.016	3479903.880	0.4145
275578.069	3479903.993	0.4146
275578.121	3479904.103	0.4147
275578.171	3479904.208	0.4148
275578.219	3479904.310	0.4148
275578.264	3479904.409	0.4150
275578.308	3479904.503	0.4151
275578.371	3479904.637	0.4152
275578.428	3479904.761	0.4152
275578.480	3479904.875	0.4153
275578.527	3479904.977	0.4154
275578.569	3479905.069	0.4156
275578.616	3479905.169	0.4158
275578.658	3479905.260	0.4160
275578.705	3479905.355	0.4269
275578.748	3479905.446	0.4400
275578.796	3479905.538	0.4534
275578.846	3479905.629	0.4677
275578.899	3479905.721	0.4818
275578.951	3479905.817	0.4961
275579.004	3479905.905	0.5102
275579.063	3479906.000	0.5255
275579.127	3479906.102	0.5413
275579.183	3479906.188	0.5527
275579.245	3479906.282	0.5617
275579.302	3479906.365	0.5686
275579.351	3479906.466	0.5606
275579.421	3479906.573	0.5540
275579.495	3479906.687	0.5467
275579.555	3479906.780	0.5412
275579.615	3479906.875	0.5351
275579.673	3479906.965	0.5297
275579.744	3479907.075	0.5230
275579.811	3479907.183	0.5171
275579.881	3479907.294	0.5108
275579.937	3479907.385	0.5058
275579.998	3479907.488	0.5001
275580.065	3479907.607	0.4940
275580.115	3479907.696	0.4895
275580.169	3479907.792	0.4849
275580.225	3479907.896	0.4798
275580.285	3479908.007	0.4749
275580.349	3479908.126	0.4699
275580.416	3479908.252	0.4644
275580.486	3479908.386	0.4590
275580.560	3479908.528	0.4533
275580.636	3479908.676	0.4476
275580.711	3479908.826	0.4426
275580.786	3479908.973	0.4374
275580.857	3479909.117	0.4326
275580.925	3479909.257	0.4284
275580.990	3479909.391	0.4244
275581.053	3479909.521	0.4206
275581.114	3479909.650	0.4174
275581.174	3479909.778	0.4147
275581.232	3479909.904	0.4117
275581.289	3479910.027	0.4091
275581.343	3479910.148	0.4066
275581.398	3479910.268	0.4041
275581.452	3479910.388	0.4022
275581.506	3479910.509	0.4001
275581.561	3479910.633	0.3981
275581.618	3479910.759	0.3961
275581.676	3479910.890	0.3941
275581.735	3479911.026	0.3923
275581.797	3479911.166	0.3906
275581.860	3479911.311	0.3890
275581.923	3479911.458	0.3875
275581.987	3479911.605	0.3860
275582.051	3479911.752	0.3847
275582.113	3479911.896	0.3837
275582.174	3479912.038	0.3827
275582.233	3479912.177	0.3817
275582.294	3479912.316	0.3808
275582.353	3479912.455	0.3801
275582.413	3479912.595	0.3796
275582.473	3479912.736	0.3791
275582.535	3479912.881	0.3788
275582.598	3479913.027	0.3784
275582.661	3479913.176	0.3782
275582.726	3479913.328	0.3782
275582.791	3479913.481	0.3779
275582.857	3479913.637	0.3779
275582.925	3479913.796	0.3779
275582.995	3479913.959	0.3777
275583.068	3479914.129	0.3781
275583.144	3479914.304	0.3789
275583.221	3479914.482	0.3817
275583.301	3479914.662	0.3870
275583.382	3479914.843	0.3943
275583.464	3479915.024	0.4036
275583.548	3479915.202	0.4146
275583.632	3479915.377	0.4278
275583.718	3479915.550	0.4425
275583.808	3479915.721	0.4583
275583.900	3479915.891	0.4771
275583.995	3479916.063	0.4975
275584.095	3479916.234	0.5195
275584.147	3479916.321	0.5318
275584.201	3479916.408	0.5451
275584.256	3479916.494	0.5589
275584.314	3479916.581	0.5729
275584.374	3479916.668	0.5867
275584.436	3479916.756	0.6000
275584.500	3479916.843	0.6126
275584.566	3479916.931	0.6245
275584.633	3479917.019	0.6358
275584.701	3479917.108	0.6467
275584.771	3479917.198	0.6570
275584.843	3479917.288	0.6668
275584.917	3479917.378	0.6759
275584.994	3479917.468	0.6844
275585.073	3479917.559	0.6925
275585.153	3479917.651	0.7001
275585.235	3479917.744	0.7072
275585.318	3479917.837	0.7137
275585.402	3479917.931	0.7199
275585.488	3479918.025	0.7257
275585.574	3479918.119	0.7311
275585.662	3479918.213	0.7357
275585.752	3479918.307	0.7393
275585.843	3479918.402	0.7422
275585.935	3479918.498	0.7449
275586.027	3479918.595	0.7474
275586.122	3479918.693	0.7495
275586.217	3479918.792	0.7508
275586.314	3479918.891	0.7511
275586.412	3479918.992	0.7505
275586.510	3479919.093	0.7495
275586.609	3479919.195	0.7483
275586.708	3479919.298	0.7466
275586.808	3479919.402	0.7440
275586.908	3479919.507	0.7404
275587.010	3479919.612	0.7360
275587.112	3479919.718	0.7307
275587.213	3479919.825	0.7250
275587.314	3479919.934	0.7189
275587.415	3479920.044	0.7121
275587.515	3479920.154	0.7043
275587.615	3479920.265	0.6955
275587.713	3479920.377	0.6861
275587.811	3479920.491	0.6764
275587.906	3479920.605	0.6663
275588.001	3479920.721	0.6553
275588.095	3479920.837	0.6433
275588.187	3479920.955	0.6304
275588.279	3479921.073	0.6168
275588.369	3479921.194	0.6030
275588.457	3479921.316	0.5895
275588.543	3479921.441	0.5769
275588.628	3479921.567	0.5655
275588.712	3479921.695	0.5553
275588.796	3479921.823	0.5459
275588.880	3479921.952	0.5374
275588.962	3479922.082	0.5295
275589.044	3479922.212	0.5226
275589.125	3479922.344	0.5166
275589.206	3479922.476	0.5114
275589.286	3479922.610	0.5067
275589.366	3479922.743	0.5027
275589.445	3479922.878	0.4996
275589.524	3479923.013	0.4974
275589.604	3479923.149	0.4960
275589.683	3479923.285	0.4952
275589.763	3479923.421	0.4947
275589.843	3479923.559	0.4941
275589.923	3479923.696	0.4931
275590.003	3479923.834	0.4919
275590.084	3479923.972	0.4907
275590.164	3479924.111	0.4893
275590.245	3479924.251	0.4878
275590.325	3479924.391	0.4860
275590.405	3479924.531	0.4841
275590.485	3479924.673	0.4821
275590.564	3479924.816	0.4799
275590.644	3479924.959	0.4778
275590.722	3479925.103	0.4757
275590.801	3479925.249	0.4736
275590.880	3479925.395	0.4716
275590.959	3479925.542	0.4693
275591.039	3479925.691	0.4670
275591.119	3479925.840	0.4646
275591.200	3479925.991	0.4624
275591.280	3479926.143	0.4602
275591.360	3479926.296	0.4579
275591.441	3479926.449	0.4554
275591.522	3479926.604	0.4530
275591.602	3479926.760	0.4508
275591.682	3479926.916	0.4487
275591.762	3479927.073	0.4465
275591.843	3479927.231	0.4443
275591.923	3479927.389	0.4422
275592.003	3479927.548	0.4403
275592.083	3479927.708	0.4386
275592.163	3479927.869	0.4369
275592.244	3479928.032	0.4351
275592.324	3479928.195	0.4334
275592.405	3479928.360	0.4318
275592.486	3479928.526	0.4304
275592.567	3479928.694	0.4290
275592.648	3479928.862	0.4274
275592.730	3479929.031	0.4256
275592.813	3479929.201	0.4239
275592.895	3479929.372	0.4224
275592.977	3479929.544	0.4208
275593.059	3479929.716	0.4193
275593.141	3479929.889	0.4178
275593.222	3479930.063	0.4165
275593.304	3479930.237	0.4153
275593.386	3479930.412	0.4141
275593.468	3479930.587	0.4127
275593.550	3479930.763	0.4113
275593.632	3479930.940	0.4100
275593.715	3479931.117	0.4089
275593.798	3479931.295	0.4078
275593.882	3479931.475	0.4065
275593.965	3479931.655	0.4054
275594.049	3479931.836	0.4043
275594.132	3479932.016	0.4033
275594.213	3479932.193	0.4023
275594.294	3479932.369	0.4013
275594.372	3479932.540	0.4003
275594.449	3479932.707	0.3994
275594.523	3479932.870	0.3984
275594.595	3479933.029	0.3975
275594.665	3479933.183	0.3968
275594.733	3479933.333	0.3961
275594.799	3479933.479	0.3955
275594.864	3479933.624	0.3947
275594.929	3479933.768	0.3939
275594.994	3479933.912	0.3930
275595.058	3479934.056	0.3923
275595.123	3479934.199	0.3918
275595.186	3479934.343	0.3911
275595.249	3479934.487	0.3903
275595.312	3479934.632	0.3894
275595.375	3479934.776	0.3886
275595.437	3479934.920	0.3880
275595.500	3479935.064	0.3875
275595.562	3479935.209	0.3868
275595.625	3479935.354	0.3860
275595.688	3479935.498	0.3851
275595.750	3479935.643	0.3842
275595.812	3479935.788	0.3834
275595.875	3479935.934	0.3827
275595.937	3479936.079	0.3819
275595.999	3479936.225	0.3810
275596.061	3479936.371	0.3800
275596.123	3479936.517	0.3793
275596.185	3479936.663	0.3786
275596.246	3479936.809	0.3780
275596.308	3479936.956	0.3772
275596.370	3479937.103	0.3763
275596.432	3479937.250	0.3754
275596.495	3479937.397	0.3747
275596.557	3479937.544	0.3741
275596.620	3479937.691	0.3736
275596.682	3479937.839	0.3732
275596.744	3479937.987	0.3727
275596.806	3479938.135	0.3724
275596.868	3479938.283	0.3722
275596.930	3479938.431	0.3722
275596.993	3479938.580	0.3720
275597.055	3479938.728	0.3717
275597.118	3479938.877	0.3713
275597.180	3479939.026	0.3710
275597.243	3479939.175	0.3708
275597.306	3479939.324	0.3706
275597.369	3479939.474	0.3703
275597.432	3479939.625	0.3699
275597.496	3479939.777	0.3696
275597.559	3479939.930	0.3694
275597.623	3479940.084	0.3694
275597.688	3479940.238	0.3692
275597.753	3479940.394	0.3690
275597.818	3479940.551	0.3688
275597.884	3479940.708	0.3686
275597.950	3479940.866	0.3685
275598.016	3479941.025	0.3685
275598.083	3479941.184	0.3683
275598.150	3479941.345	0.3682
275598.217	3479941.505	0.3682
275598.284	3479941.667	0.3684
275598.352	3479941.828	0.3687
275598.420	3479941.991	0.3689
275598.488	3479942.153	0.3689
275598.556	3479942.316	0.3689
275598.625	3479942.479	0.3688
275598.694	3479942.644	0.3689
275598.762	3479942.809	0.3691
275598.831	3479942.975	0.3692
275598.901	3479943.141	0.3693
275598.971	3479943.309	0.3694
275599.042	3479943.478	0.3695
275599.113	3479943.649	0.3696
275599.185	3479943.821	0.3696
275599.257	3479943.994	0.3695
275599.330	3479944.167	0.3695
275599.403	3479944.341	0.3698
275599.476	3479944.515	0.3702
275599.548	3479944.691	0.3705
275599.621	3479944.866	0.3708
275599.694	3479945.043	0.3712
275599.768	3479945.220	0.3717
275599.843	3479945.397	0.3722
275599.918	3479945.576	0.3724
275599.994	3479945.755	0.3726
275600.070	3479945.936	0.3729
275600.147	3479946.118	0.3733
275600.224	3479946.301	0.3737
275600.301	3479946.486	0.3740
275600.379	3479946.671	0.3744
275600.457	3479946.856	0.3749
275600.536	3479947.043	0.3752
275600.614	3479947.228	0.3756
275600.693	3479947.414	0.3758
275600.772	3479947.601	0.3761
275600.852	3479947.788	0.3765
275600.931	3479947.976	0.3769
275601.011	3479948.164	0.3772
275601.090	3479948.352	0.3777
275601.170	3479948.540	0.3783
275601.250	3479948.729	0.3789
275601.330	3479948.918	0.3794
275601.411	3479949.107	0.3797
275601.492	3479949.296	0.3801
275601.573	3479949.485	0.3806
275601.654	3479949.674	0.3811
275601.735	3479949.863	0.3815
275601.816	3479950.052	0.3821
275601.897	3479950.242	0.3827
275601.978	3479950.432	0.3833
275602.060	3479950.621	0.3838
275602.143	3479950.811	0.3842
275602.227	3479951.002	0.3847
275602.311	3479951.192	0.3852
275602.395	3479951.383	0.3856
275602.479	3479951.574	0.3861
275602.562	3479951.765	0.3867
275602.646	3479951.955	0.3873
275602.730	3479952.146	0.3879
275602.814	3479952.337	0.3883
275602.898	3479952.527	0.3886
275602.983	3479952.718	0.3889
275603.068	3479952.908	0.3891
275603.153	3479953.098	0.3892
275603.238	3479953.288	0.3893
275603.322	3479953.477	0.3897
275603.406	3479953.667	0.3902
275603.490	3479953.856	0.3905
275603.574	3479954.045	0.3907
275603.658	3479954.234	0.3909
275603.742	3479954.423	0.3913
275603.825	3479954.612	0.3913
275603.908	3479954.801	0.3914
275603.992	3479954.990	0.3917
275604.075	3479955.178	0.3920
275604.159	3479955.367	0.3923
275604.242	3479955.555	0.3923
275604.325	3479955.743	0.3923
275604.409	3479955.931	0.3924
275604.493	3479956.118	0.3926
275604.576	3479956.306	0.3927
275604.659	3479956.494	0.3929
275604.742	3479956.682	0.3931
275604.824	3479956.870	0.3935
275604.907	3479957.059	0.3937
275604.991	3479957.247	0.3937
275605.074	3479957.436	0.3938
275605.158	3479957.624	0.3939
275605.242	3479957.812	0.3940
275605.326	3479958.001	0.3940
275605.410	3479958.189	0.3940
275605.494	3479958.377	0.3942
275605.577	3479958.565	0.3944
275605.661	3479958.754	0.3945
275605.745	3479958.942	0.3946
275605.828	3479959.130	0.3947
275605.912	3479959.318	0.3948
275605.997	3479959.506	0.3949
275606.081	3479959.695	0.3949
275606.165	3479959.883	0.3949
275606.249	3479960.071	0.3951
275606.333	3479960.260	0.3953
275606.417	3479960.449	0.3955
275606.502	3479960.637	0.3955
275606.586	3479960.826	0.3956
275606.670	3479961.014	0.3957
275606.755	3479961.203	0.3957
275606.840	3479961.392	0.3956
275606.925	3479961.581	0.3956
275607.009	3479961.769	0.3958
275607.093	3479961.958	0.3959
275607.178	3479962.147	0.3959
275607.262	3479962.336	0.3957
275607.347	3479962.525	0.3956
275607.431	3479962.713	0.3957
275607.515	3479962.902	0.3959
275607.599	3479963.090	0.3957
275607.684	3479963.278	0.3957
275607.768	3479963.466	0.3958
275607.852	3479963.654	0.3958
275607.936	3479963.843	0.3956
275608.020	3479964.030	0.3954
275608.104	3479964.218	0.3954
275608.188	3479964.405	0.3954
275608.271	3479964.593	0.3952
275608.355	3479964.781	0.3951
275608.438	3479964.968	0.3950
275608.521	3479965.154	0.3951
275608.604	3479965.341	0.3951
275608.687	3479965.528	0.3948
275608.771	3479965.715	0.3944
275608.854	3479965.901	0.3940
275608.938	3479966.088	0.3939
275609.021	3479966.274	0.3936
275609.104	3479966.461	0.3934
275609.187	3479966.648	0.3933
275609.270	3479966.834	0.3933
275609.352	3479967.021	0.3931
275609.435	3479967.207	0.3928
275609.518	3479967.394	0.3925
275609.602	3479967.581	0.3923
275609.685	3479967.767	0.3921
275609.768	3479967.954	0.3919
275609.851	3479968.141	0.3916
275609.933	3479968.328	0.3913
275610.016	3479968.515	0.3912
275610.099	3479968.703	0.3910
275610.182	3479968.890	0.3906
275610.265	3479969.077	0.3901
275610.348	3479969.264	0.3897
275610.431	3479969.452	0.3895
275610.514	3479969.640	0.3892
275610.597	3479969.829	0.3887
275610.679	3479970.018	0.3883
275610.761	3479970.207	0.3881
275610.844	3479970.396	0.3879
275610.926	3479970.585	0.3873
275611.009	3479970.774	0.3868
275611.092	3479970.963	0.3864
275611.175	3479971.152	0.3859
275611.258	3479971.341	0.3854
275611.340	3479971.531	0.3851
275611.422	3479971.720	0.3848
275611.503	3479971.910	0.3845
275611.585	3479972.101	0.3841
275611.667	3479972.290	0.3837
275611.749	3479972.480	0.3832
275611.832	3479972.670	0.3826
275611.914	3479972.860	0.3820
275611.996	3479973.050	0.3813
275612.077	3479973.240	0.3807
275612.159	3479973.430	0.3804
275612.240	3479973.621	0.3800
275612.321	3479973.811	0.3794
275612.402	3479974.001	0.3786
275612.484	3479974.191	0.3778
275612.565	3479974.381	0.3772
275612.647	3479974.571	0.3766
275612.728	3479974.762	0.3758
275612.809	3479974.952	0.3752
275612.890	3479975.142	0.3748
275612.970	3479975.333	0.3742
275613.050	3479975.523	0.3735
275613.130	3479975.714	0.3729
275613.210	3479975.904	0.3723
275613.290	3479976.094	0.3717
275613.371	3479976.285	0.3709
275613.450	3479976.476	0.3701
275613.530	3479976.666	0.3695
275613.609	3479976.856	0.3691
275613.688	3479977.047	0.3685
275613.767	3479977.238	0.3677
275613.846	3479977.428	0.3669
275613.925	3479977.617	0.3662
275614.003	3479977.807	0.3655
275614.081	3479977.997	0.3646
275614.159	3479978.188	0.3638
275614.236	3479978.378	0.3632
275614.313	3479978.568	0.3627
275614.390	3479978.758	0.3619
275614.468	3479978.948	0.3611
275614.545	3479979.137	0.3602
275614.622	3479979.327	0.3594
275614.699	3479979.517	0.3585
275614.776	3479979.706	0.3577
275614.852	3479979.896	0.3569
275614.927	3479980.086	0.3564
275615.003	3479980.276	0.3558
275615.078	3479980.466	0.3550
275615.153	3479980.655	0.3541
275615.229	3479980.844	0.3532
275615.305	3479981.034	0.3525
275615.381	3479981.224	0.3518
275615.457	3479981.415	0.3510
275615.533	3479981.605	0.3502
275615.608	3479981.796	0.3497
275615.683	3479981.987	0.3491
275615.758	3479982.178	0.3483
275615.834	3479982.369	0.3474
275615.909	3479982.559	0.3466
275615.985	3479982.750	0.3459
275616.060	3479982.941	0.3450
275616.135	3479983.132	0.3441
275616.209	3479983.323	0.3435
275616.283	3479983.514	0.3429
275616.357	3479983.706	0.3423
275616.431	3479983.897	0.3415
275616.506	3479984.089	0.3406
275616.580	3479984.280	0.3397
275616.654	3479984.471	0.3390
275616.728	3479984.663	0.3381
275616.801	3479984.855	0.3373
275616.873	3479985.046	0.3366
275616.945	3479985.237	0.3361
275617.017	3479985.429	0.3354
275617.089	3479985.620	0.3345
275617.161	3479985.811	0.3335
275617.234	3479986.002	0.3328
275617.306	3479986.194	0.3321
275617.377	3479986.386	0.3312
275617.449	3479986.578	0.3304
275617.519	3479986.769	0.3299
275617.590	3479986.962	0.3294
275617.660	3479987.154	0.3288
275617.731	3479987.346	0.3281
275617.802	3479987.538	0.3274
275617.874	3479987.731	0.3267
275617.945	3479987.923	0.3261
275618.015	3479988.116	0.3254
275618.086	3479988.309	0.3248
275618.156	3479988.502	0.3244
275618.226	3479988.695	0.3241
275618.296	3479988.888	0.3236
275618.367	3479989.081	0.3230
275618.438	3479989.274	0.3224
275618.509	3479989.468	0.3219
275618.580	3479989.661	0.3214
275618.651	3479989.855	0.3209
275618.721	3479990.049	0.3205
275618.791	3479990.243	0.3201
275618.861	3479990.437	0.3197
275618.931	3479990.631	0.3192
275619.002	3479990.825	0.3186
275619.072	3479991.020	0.3179
275619.142	3479991.214	0.3175
275619.212	3479991.409	0.3171
275619.281	3479991.604	0.3165
275619.351	3479991.798	0.3160
275619.421	3479991.993	0.3156
275619.491	3479992.187	0.3152
275619.561	3479992.381	0.3147
275619.630	3479992.576	0.3140
275619.698	3479992.771	0.3135
275619.765	3479992.967	0.3130
275619.833	3479993.162	0.3125
275619.901	3479993.357	0.3120
275619.968	3479993.552	0.3115
275620.035	3479993.747	0.3109
275620.103	3479993.942	0.3103
275620.170	3479994.137	0.3096
275620.237	3479994.332	0.3089
275620.304	3479994.527	0.3082
275620.371	3479994.721	0.3077
275620.437	3479994.916	0.3072
275620.504	3479995.111	0.3065
275620.570	3479995.305	0.3058
275620.636	3479995.500	0.3054
275620.702	3479995.694	0.3050
275620.767	3479995.888	0.3045
275620.833	3479996.082	0.3039
275620.899	3479996.276	0.3034
275620.965	3479996.471	0.3028
275621.031	3479996.665	0.3023
275621.096	3479996.860	0.3019
275621.162	3479997.054	0.3015
275621.228	3479997.249	0.3010
275621.294	3479997.443	0.3005
275621.360	3479997.638	0.3000
275621.425	3479997.832	0.2995
275621.491	3479998.027	0.2989
275621.557	3479998.221	0.2984
275621.623	3479998.416	0.2979
275621.688	3479998.611	0.2976
275621.753	3479998.805	0.2975
275621.818	3479999.000	0.2972
275621.884	3479999.195	0.2967
275621.949	3479999.390	0.2961
275622.014	3479999.585	0.2957
275622.080	3479999.780	0.2954
275622.145	3479999.975	0.2950
275622.210	3480000.170	0.2946
275622.274	3480000.364	0.2942
275622.339	3480000.559	0.2940
275622.404	3480000.753	0.2937
275622.468	3480000.948	0.2933
275622.533	3480001.142	0.2929
275622.598	3480001.337	0.2925
275622.663	3480001.531	0.2922
275622.727	3480001.726	0.2918
275622.792	3480001.920	0.2914
275622.856	3480002.115	0.2911
275622.920	3480002.309	0.2909
275622.984	3480002.504	0.2907
275623.048	3480002.699	0.2903
275623.112	3480002.893	0.2899
275623.177	3480003.088	0.2895
275623.241	3480003.282	0.2892
275623.305	3480003.477	0.2889
275623.369	3480003.672	0.2886
275623.433	3480003.867	0.2883
275623.496	3480004.061	0.2882
275623.560	3480004.257	0.2881
275623.623	3480004.452	0.2879
275623.686	3480004.647	0.2876
275623.749	3480004.842	0.2874
275623.812	3480005.037	0.2872
275623.875	3480005.232	0.2869
275623.938	3480005.428	0.2866
275624.001	3480005.623	0.2864
275624.064	3480005.818	0.2864
275624.126	3480006.014	0.2864
275624.189	3480006.210	0.2860
275624.253	3480006.405	0.2848
275624.316	3480006.601	0.2825
275624.379	3480006.796	0.2786
275624.442	3480006.992	0.2734
275624.503	3480007.189	0.2672
275624.562	3480007.386	0.2602
275624.619	3480007.583	0.2523
275624.675	3480007.781	0.2439
275624.730	3480007.979	0.2354
275624.783	3480008.177	0.2273
275624.834	3480008.376	0.2196
275624.885	3480008.576	0.2124
275624.933	3480008.775	0.2055
275624.980	3480008.974	0.1993
275625.025	3480009.173	0.1938
275625.069	3480009.372	0.1888
275625.113	3480009.571	0.1838
275625.155	3480009.770	0.1789
275625.197	3480009.968	0.1744
275625.238	3480010.166	0.1703
275625.279	3480010.365	0.1662
275625.317	3480010.563	0.1623
275625.355	3480010.762	0.1587
275625.392	3480010.960	0.1556
275625.428	3480011.159	0.1525
275625.464	3480011.358	0.1496
275625.499	3480011.556	0.1466
275625.535	3480011.755	0.1436
275625.570	3480011.954	0.1406
275625.605	3480012.153	0.1377
275625.638	3480012.352	0.1352
275625.670	3480012.551	0.1332
275625.702	3480012.750	0.1317
275625.733	3480012.949	0.1302
275625.765	3480013.149	0.1287
275625.796	3480013.349	0.1271
275625.828	3480013.549	0.1256
275625.860	3480013.749	0.1241
275625.891	3480013.949	0.1230
275625.922	3480014.150	0.1221
275625.951	3480014.351	0.1215
275625.981	3480014.552	0.1211
275626.010	3480014.753	0.1207
275626.040	3480014.954	0.1204
275626.070	3480015.155	0.1201
275626.101	3480015.357	0.1199
275626.132	3480015.558	0.1197
275626.162	3480015.760	0.1197
275626.192	3480015.962	0.1198
275626.222	3480016.164	0.1203
275626.251	3480016.367	0.1209
275626.280	3480016.570	0.1217
275626.309	3480016.773	0.1224
275626.339	3480016.975	0.1229
275626.370	3480017.178	0.1235
275626.400	3480017.381	0.1241
275626.431	3480017.584	0.1249
275626.462	3480017.787	0.1259
275626.493	3480017.990	0.1271
275626.523	3480018.194	0.1286
275626.554	3480018.397	0.1300
275626.586	3480018.601	0.1315
275626.618	3480018.804	0.1329
275626.651	3480019.007	0.1343
275626.684	3480019.210	0.1359
275626.717	3480019.413	0.1376
275626.750	3480019.617	0.1395
275626.783	3480019.820	0.1416
275626.817	3480020.023	0.1436
275626.852	3480020.225	0.1457
275626.887	3480020.428	0.1476
275626.923	3480020.630	0.1496
275626.960	3480020.832	0.1517
275626.996	3480021.034	0.1539
275627.033	3480021.236	0.1560
275627.071	3480021.438	0.1583
275627.108	3480021.640	0.1608
275627.146	3480021.842	0.1633
275627.185	3480022.043	0.1657
275627.225	3480022.245	0.1680
275627.265	3480022.446	0.1704
275627.306	3480022.647	0.1729
275627.347	3480022.848	0.1753
275627.388	3480023.048	0.1778
275627.430	3480023.249	0.1803
275627.472	3480023.450	0.1830
275627.514	3480023.651	0.1857
275627.557	3480023.851	0.1884
275627.601	3480024.052	0.1910
275627.646	3480024.252	0.1934
275627.691	3480024.452	0.1959
275627.736	3480024.652	0.1984
275627.781	3480024.852	0.2010
275627.826	3480025.052	0.2036
275627.872	3480025.252	0.2063
275627.919	3480025.452	0.2089
275627.966	3480025.652	0.2115
275628.014	3480025.852	0.2141
275628.063	3480026.051	0.2166
275628.112	3480026.251	0.2191
275628.162	3480026.450	0.2217
275628.213	3480026.650	0.2243
275628.263	3480026.849	0.2269
275628.314	3480027.049	0.2296
275628.365	3480027.249	0.2323
275628.416	3480027.448	0.2350
275628.469	3480027.648	0.2375
275628.523	3480027.847	0.2399
275628.577	3480028.046	0.2421
275628.632	3480028.245	0.2442
275628.687	3480028.444	0.2463
275628.741	3480028.643	0.2485
275628.796	3480028.842	0.2507
275628.852	3480029.041	0.2530
275628.908	3480029.239	0.2551
275628.964	3480029.437	0.2570
275629.021	3480029.635	0.2589
275629.079	3480029.833	0.2606
275629.138	3480030.031	0.2623
275629.196	3480030.229	0.2640
275629.254	3480030.426	0.2658
275629.312	3480030.624	0.2678
275629.371	3480030.821	0.2697
275629.430	3480031.019	0.2714
275629.490	3480031.216	0.2729
275629.551	3480031.412	0.2745
275629.611	3480031.609	0.2759
275629.672	3480031.806	0.2773
275629.733	3480032.003	0.2787
275629.794	3480032.200	0.2800
275629.856	3480032.397	0.2816
275629.918	3480032.595	0.2831
275629.981	3480032.793	0.2843
275630.045	3480032.989	0.2854
275630.108	3480033.186	0.2866
275630.172	3480033.383	0.2877
275630.236	3480033.581	0.2888
275630.299	3480033.777	0.2900
275630.363	3480033.974	0.2914
275630.426	3480034.171	0.2926
275630.491	3480034.368	0.2937
275630.556	3480034.565	0.2945
275630.621	3480034.761	0.2954
275630.687	3480034.958	0.2963
275630.752	3480035.154	0.2971
275630.818	3480035.351	0.2978
275630.883	3480035.547	0.2987
275630.948	3480035.743	0.2995
275631.013	3480035.938	0.3005
275631.078	3480036.130	0.3013
275631.142	3480036.320	0.3020
275631.207	3480036.508	0.3026
275631.270	3480036.694	0.3032
275631.333	3480036.878	0.3038
275631.396	3480037.060	0.3043
275631.457	3480037.240	0.3049
275631.519	3480037.418	0.3056
275631.579	3480037.595	0.3062
275631.640	3480037.769	0.3066
275631.699	3480037.942	0.3069
275631.758	3480038.112	0.3072
275631.816	3480038.281	0.3076
275631.874	3480038.447	0.3080
275631.931	3480038.612	0.3082
275631.988	3480038.775	0.3085
275632.044	3480038.936	0.3087
275632.099	3480039.094	0.3091
275632.153	3480039.251	0.3095
275632.207	3480039.406	0.3097
275632.261	3480039.560	0.3098
275632.314	3480039.712	0.3098
275632.367	3480039.862	0.3098
275632.419	3480040.010	0.3099
275632.471	3480040.157	0.3100
275632.521	3480040.301	0.3100
275632.571	3480040.443	0.3099
275632.620	3480040.584	0.3099
275632.668	3480040.722	0.3100
275632.716	3480040.859	0.3100
275632.763	3480040.993	0.3100
275632.810	3480041.125	0.3099
275632.855	3480041.255	0.3098
275632.900	3480041.382	0.3098
275632.944	3480041.507	0.3098
275632.987	3480041.630	0.3098
275633.029	3480041.750	0.3099
275633.071	3480041.868	0.3099
275633.111	3480041.984	0.3098
275633.151	3480042.097	0.3099
275633.189	3480042.208	0.3100
275633.226	3480042.316	0.3104
275633.263	3480042.421	0.3108
275633.299	3480042.525	0.3112
275633.335	3480042.626	0.3113
275633.370	3480042.725	0.3115
275633.404	3480042.822	0.3117
275633.437	3480042.917	0.3120
275633.501	3480043.100	0.3134
275633.563	3480043.277	0.3155
275633.626	3480043.452	0.3182
275633.688	3480043.625	0.3217
275633.751	3480043.798	0.3257
275633.815	3480043.971	0.3300
275633.880	3480044.146	0.3354
275633.946	3480044.322	0.3416
275634.014	3480044.498	0.3473
275634.085	3480044.677	0.3529
275634.158	3480044.860	0.3594
275634.196	3480044.954	0.3630
275634.235	3480045.050	0.3666
275634.275	3480045.146	0.3705
275634.317	3480045.244	0.3745
275634.358	3480045.342	0.3787
275634.401	3480045.441	0.3831
275634.444	3480045.541	0.3879
275634.487	3480045.642	0.3928
275634.532	3480045.743	0.3978
275634.578	3480045.844	0.4032
275634.625	3480045.946	0.4087
275634.673	3480046.049	0.4144
275634.722	3480046.152	0.4200
275634.772	3480046.256	0.4255
275634.822	3480046.361	0.4308
275634.874	3480046.466	0.4358
275634.928	3480046.574	0.4405
275634.982	3480046.682	0.4447
275635.039	3480046.793	0.4486
275635.097	3480046.906	0.4523
275635.156	3480047.021	0.4560
275635.217	3480047.138	0.4599
275635.279	3480047.257	0.4641
275635.343	3480047.378	0.4685
275635.408	3480047.500	0.4729
275635.476	3480047.625	0.4776
275635.546	3480047.751	0.4825
275635.617	3480047.878	0.4874
275635.690	3480048.008	0.4924
275635.765	3480048.139	0.4974
275635.842	3480048.272	0.5025
275635.921	3480048.407	0.5078
275636.002	3480048.543	0.5131
275636.084	3480048.681	0.5184
275636.169	3480048.821	0.5236
275636.256	3480048.962	0.5288
275636.344	3480049.105	0.5338
275636.435	3480049.249	0.5387
275636.528	3480049.395	0.5433
275636.624	3480049.543	0.5471
275636.721	3480049.692	0.5502
275636.820	3480049.843	0.5522
275636.921	3480049.996	0.5531
275637.023	3480050.151	0.5530
275637.126	3480050.308	0.5518
275637.230	3480050.467	0.5498
275637.335	3480050.628	0.5472
275637.439	3480050.790	0.5440
275637.544	3480050.953	0.5400
275637.649	3480051.117	0.5352
275637.753	3480051.281	0.5298
275637.856	3480051.446	0.5238
275637.958	3480051.612	0.5171
275638.059	3480051.778	0.5098
275638.158	3480051.945	0.5019
275638.256	3480052.113	0.4929
275638.352	3480052.280	0.4824
275638.446	3480052.448	0.4699
275638.539	3480052.616	0.4553
275638.629	3480052.785	0.4392
275638.715	3480052.954	0.4222
275638.797	3480053.123	0.4047
275638.874	3480053.293	0.3864
275638.948	3480053.462	0.3671
275639.017	3480053.632	0.3466
275639.083	3480053.800	0.3250
275639.144	3480053.969	0.3022
275639.201	3480054.137	0.2784
275639.253	3480054.304	0.2534
275639.300	3480054.471	0.2272
275639.343	3480054.637	0.2001
275639.379	3480054.802	0.1722
275639.410	3480054.966	0.1443
275639.436	3480055.130	0.1167
275639.457	3480055.294	0.0894
275639.474	3480055.457	0.0618
275639.487	3480055.618	0.0333
275639.495	3480055.778	0.0040
275639.499	3480055.937	6.2572
275639.497	3480056.093	6.2267
275639.491	3480056.248	6.1958
275639.479	3480056.400	6.1644
275639.462	3480056.551	6.1325
275639.441	3480056.699	6.1002
275639.416	3480056.845	6.0677
275639.386	3480056.988	6.0350
275639.352	3480057.129	6.0022
275639.314	3480057.266	5.9695
275639.271	3480057.400	5.9367
275639.225	3480057.532	5.9038
275639.175	3480057.659	5.8706
275639.123	3480057.783	5.8376
275639.068	3480057.903	5.8047
275639.009	3480058.020	5.7719
275638.948	3480058.134	5.7393
275638.884	3480058.243	5.7067
275638.817	3480058.350	5.6742
275638.748	3480058.453	5.6418
275638.676	3480058.552	5.6099
275638.602	3480058.647	5.5787
275638.525	3480058.738	5.5479
275638.445	3480058.824	5.5173
275638.364	3480058.907	5.4866
275638.281	3480058.987	5.4561
275638.196	3480059.064	5.4257
275638.109	3480059.139	5.3953
275638.020	3480059.213	5.3648
275637.930	3480059.285	5.3344
275637.838	3480059.354	5.3040
275637.743	3480059.420	5.2737
275637.647	3480059.482	5.2438
275637.549	3480059.543	5.2134
275637.450	3480059.600	5.1830
275637.348	3480059.654	5.1527
275637.246	3480059.705	5.1223
275637.142	3480059.753	5.0921
275637.037	3480059.798	5.0622
275636.931	3480059.839	5.0325
275636.823	3480059.876	5.0028
275636.715	3480059.910	4.9731
275636.606	3480059.942	4.9430
275636.495	3480059.970	4.9126
275636.382	3480059.996	4.8817
275636.267	3480060.019	4.8504
275636.150	3480060.039	4.8190
275636.030	3480060.054	4.7872
275635.908	3480060.066	4.7549
275635.784	3480060.073	4.7221
275635.659	3480060.077	4.6889
275635.531	3480060.077	4.6552
275635.400	3480060.072	4.6221
275635.267	3480060.063	4.5880
275635.133	3480060.050	4.5540
275634.997	3480060.032	4.5201
275634.862	3480060.008	4.4864
275634.726	3480059.981	4.4526
275634.590	3480059.948	4.4189
275634.454	3480059.910	4.3852
275634.318	3480059.868	4.3518
275634.183	3480059.820	4.3188
275634.048	3480059.768	4.2860
275633.914	3480059.711	4.2533
275633.780	3480059.649	4.2209
275633.647	3480059.583	4.1888
275633.516	3480059.511	4.1570
275633.385	3480059.435	4.1256
275633.256	3480059.354	4.0944
275633.128	3480059.268	4.0635
275633.002	3480059.178	4.0329
275632.878	3480059.083	4.0028
275632.755	3480058.983	3.9736
275632.634	3480058.879	3.9446
275632.515	3480058.771	3.9162
275632.398	3480058.658	3.8883
275632.283	3480058.541	3.8608
275632.170	3480058.420	3.8338
275632.060	3480058.294	3.8074
275631.952	3480058.165	3.7815
275631.847	3480058.031	3.7564
275631.745	3480057.894	3.7320
275631.645	3480057.753	3.7083
275631.547	3480057.609	3.6853
275631.451	3480057.461	3.6629
275631.357	3480057.310	3.6413
275631.266	3480057.156	3.6205
275631.178	3480056.997	3.6005
275631.092	3480056.835	3.5813
275631.009	3480056.670	3.5631
275630.928	3480056.502	3.5459
275630.848	3480056.330	3.5293
275630.771	3480056.155	3.5135
275630.696	3480055.976	3.4983
275630.622	3480055.795	3.4840
275630.550	3480055.611	3.4707
275630.480	3480055.423	3.4583
275630.412	3480055.232	3.4467
275630.345	3480055.039	3.4358
275630.280	3480054.842	3.4258
275630.216	3480054.643	3.4166
275630.153	3480054.441	3.4081
275630.091	3480054.236	3.4004
275630.029	3480054.029	3.3933
275629.968	3480053.819	3.3867
275629.908	3480053.607	3.3806
275629.848	3480053.392	3.3746
275629.789	3480053.174	3.3687
275629.731	3480052.955	3.3631
275629.674	3480052.732	3.3574
275629.618	3480052.507	3.3518
275629.563	3480052.280	3.3460
275629.508	3480052.049	3.3406
275629.454	3480051.816	3.3348
275629.400	3480051.580	3.3292
275629.348	3480051.342	3.3239
275629.297	3480051.101	3.3189
275629.246	3480050.857	3.3142
275629.197	3480050.611	3.3098
275629.148	3480050.363	3.3055
275629.099	3480050.113	3.3015
275629.051	3480049.861	3.2977
275629.003	3480049.606	3.2942
275628.956	3480049.349	3.2911
275628.909	3480049.089	3.2883
275628.863	3480048.828	3.2857
275628.818	3480048.564	3.2832
275628.772	3480048.299	3.2809
275628.726	3480048.031	3.2789
275628.681	3480047.762	3.2773
275628.636	3480047.490	3.2765
275628.592	3480047.216	3.2762
275628.548	3480046.941	3.2762
275628.504	3480046.664	3.2764
275628.460	3480046.385	3.2765
275628.415	3480046.104	3.2764
275628.370	3480045.822	3.2763
275628.324	3480045.537	3.2763
275628.279	3480045.251	3.2763
275628.234	3480044.962	3.2762
275628.188	3480044.672	3.2760
275628.141	3480044.381	3.2757
275628.095	3480044.087	3.2756
275628.048	3480043.791	3.2756
275628.001	3480043.494	3.2755
275627.953	3480043.195	3.2755
275627.906	3480042.894	3.2754
275627.858	3480042.591	3.2752
275627.811	3480042.287	3.2752
275627.762	3480041.981	3.2754
275627.714	3480041.674	3.2756
275627.665	3480041.364	3.2757
275627.616	3480041.054	3.2757
275627.565	3480040.742	3.2757
275627.515	3480040.429	3.2759
275627.465	3480040.114	3.2764
275627.414	3480039.797	3.2771
275627.363	3480039.479	3.2780
275627.311	3480039.160	3.2791
275627.259	3480038.840	3.2805
275627.206	3480038.518	3.2823
275627.152	3480038.196	3.2844
275627.097	3480037.872	3.2867
275627.041	3480037.547	3.2890
275626.984	3480037.221	3.2911
275626.927	3480036.894	3.2934
275626.869	3480036.566	3.2957
275626.809	3480036.237	3.2981
275626.749	3480035.907	3.3005
275626.687	3480035.577	3.3028
275626.625	3480035.246	3.3050
275626.561	3480034.914	3.3073
275626.498	3480034.582	3.3099
275626.433	3480034.248	3.3123
275626.368	3480033.914	3.3145
275626.302	3480033.581	3.3162
275626.234	3480033.247	3.3176
275626.166	3480032.913	3.3188
275626.098	3480032.579	3.3195
275626.029	3480032.245	3.3201
275625.960	3480031.912	3.3205
275625.891	3480031.577	3.3209
275625.822	3480031.243	3.3213
275625.753	3480030.907	3.3218
275625.683	3480030.571	3.3224
275625.613	3480030.234	3.3230
275625.542	3480029.896	3.3235
275625.472	3480029.558	3.3243
275625.401	3480029.219	3.3253
275625.329	3480028.880	3.3263
275625.257	3480028.540	3.3274
275625.184	3480028.200	3.3283
275625.111	3480027.860	3.3296
275625.037	3480027.519	3.3305
275624.964	3480027.177	3.3313
275624.889	3480026.834	3.3319
275624.814	3480026.492	3.3321
275624.739	3480026.149	3.3322
275624.664	3480025.804	3.3322
275624.588	3480025.460	3.3319
275624.512	3480025.114	3.3314
275624.436	3480024.768	3.3307
275624.361	3480024.422	3.3301
275624.286	3480024.074	3.3295
275624.212	3480023.726	3.3289
275624.137	3480023.377	3.3280
275624.062	3480023.029	3.3271
275623.987	3480022.680	3.3263
275623.913	3480022.330	3.3258
275623.840	3480021.980	3.3253
275623.767	3480021.630	3.3248
275623.694	3480021.280	3.3244
275623.621	3480020.929	3.3240
275623.548	3480020.579	3.3237
275623.475	3480020.228	3.3235
275623.402	3480019.876	3.3232
275623.328	3480019.525	3.3227
275623.256	3480019.174	3.3221
275623.184	3480018.822	3.3218
275623.113	3480018.470	3.3218
275623.041	3480018.118	3.3218
275622.969	3480017.766	3.3215
275622.896	3480017.414	3.3211
275622.823	3480017.061	3.3209
275622.751	3480016.708	3.3208
275622.679	3480016.356	3.3207
275622.608	3480016.002	3.3207
275622.536	3480015.649	3.3206
275622.464	3480015.297	3.3205
275622.391	3480014.944	3.3203
275622.318	3480014.590	3.3201
275622.245	3480014.237	3.3203
275622.173	3480013.884	3.3211
275622.102	3480013.531	3.3224
275622.031	3480013.178	3.3239
275621.959	3480012.825	3.3252
275621.886	3480012.473	3.3263
275621.812	3480012.121	3.3272
275621.738	3480011.770	3.3282
275621.664	3480011.419	3.3293
275621.590	3480011.068	3.3305
275621.517	3480010.719	3.3318
275621.442	3480010.370	3.3331
275621.367	3480010.022	3.3341
275621.291	3480009.674	3.3348
275621.215	3480009.328	3.3357
275621.139	3480008.982	3.3370
275621.063	3480008.637	3.3384
275620.987	3480008.294	3.3397
275620.911	3480007.952	3.3408
275620.834	3480007.610	3.3415
275620.758	3480007.270	3.3416
275620.681	3480006.932	3.3413
275620.604	3480006.595	3.3408
275620.527	3480006.259	3.3403
275620.452	3480005.924	3.3398
275620.377	3480005.590	3.3393
275620.303	3480005.258	3.3388
275620.229	3480004.926	3.3384
275620.155	3480004.596	3.3381
275620.082	3480004.267	3.3378
275620.009	3480003.939	3.3374
275619.937	3480003.613	3.3371
275619.865	3480003.288	3.3370
275619.793	3480002.964	3.3371
275619.722	3480002.641	3.3372
275619.651	3480002.320	3.3372
275619.580	3480002.000	3.3371
275619.509	3480001.681	3.3368
275619.439	3480001.363	3.3368
275619.369	3480001.046	3.3369
275619.299	3480000.731	3.3369
275619.229	3480000.417	3.3368
275619.161	3480000.104	3.3366
275619.092	3479999.792	3.3366
275619.023	3479999.482	3.3368
275618.955	3479999.173	3.3373
275618.887	3479998.865	3.3378
275618.818	3479998.559	3.3380
275618.750	3479998.253	3.3381
275618.682	3479997.949	3.3383
275618.614	3479997.646	3.3388
275618.547	3479997.344	3.3394
275618.480	3479997.043	3.3396
275618.413	3479996.743	3.3395
275618.345	3479996.445	3.3389
275618.278	3479996.148	3.3380
275618.212	3479995.852	3.3371
275618.147	3479995.557	3.3361
275618.083	3479995.263	3.3349
275618.019	3479994.970	3.3332
275617.956	3479994.678	3.3311
275617.893	3479994.387	3.3287
275617.830	3479994.097	3.3265
275617.769	3479993.809	3.3246
275617.709	3479993.520	3.3228
275617.649	3479993.234	3.3210
275617.590	3479992.948	3.3194
275617.532	3479992.663	3.3180
275617.474	3479992.379	3.3169
275617.417	3479992.096	3.3160
275617.360	3479991.813	3.3151
275617.303	3479991.530	3.3143
275617.247	3479991.248	3.3136
275617.190	3479990.965	3.3133
275617.134	3479990.682	3.3134
275617.078	3479990.399	3.3141
275617.022	3479990.116	3.3150
275616.966	3479989.834	3.3160
275616.909	3479989.551	3.3168
275616.851	3479989.269	3.3173
275616.794	3479988.987	3.3179
275616.736	3479988.706	3.3187
275616.680	3479988.424	3.3196
275616.623	3479988.143	3.3208
275616.565	3479987.863	3.3222
275616.508	3479987.584	3.3240
275616.450	3479987.305	3.3262
275616.392	3479987.027	3.3285
275616.333	3479986.749	3.3307
275616.274	3479986.472	3.3327
275616.214	3479986.197	3.3344
275616.153	3479985.922	3.3360
275616.092	3479985.648	3.3377
275616.032	3479985.377	3.3395
275615.972	3479985.109	3.3414
275615.912	3479984.842	3.3429
275615.851	3479984.578	3.3440
275615.791	3479984.316	3.3452
275615.731	3479984.055	3.3468
275615.671	3479983.796	3.3490
275615.611	3479983.538	3.3521
275615.551	3479983.280	3.3560
275615.491	3479983.024	3.3603
275615.429	3479982.770	3.3650
275615.366	3479982.517	3.3700
275615.303	3479982.266	3.3754
275615.239	3479982.017	3.3810
275615.174	3479981.770	3.3868
275615.107	3479981.524	3.3925
275615.040	3479981.280	3.3981
275614.971	3479981.038	3.4031
275614.901	3479980.796	3.4077
275614.831	3479980.557	3.4117
275614.759	3479980.318	3.4153
275614.688	3479980.081	3.4185
275614.616	3479979.844	3.4214
275614.544	3479979.609	3.4235
275614.472	3479979.375	3.4248
275614.399	3479979.143	3.4253
275614.326	3479978.911	3.4255
275614.254	3479978.680	3.4257
275614.182	3479978.451	3.4260
275614.110	3479978.222	3.4268
275614.038	3479977.994	3.4278
275613.966	3479977.767	3.4290
275613.894	3479977.542	3.4303
275613.822	3479977.318	3.4319
275613.749	3479977.095	3.4336
275613.677	3479976.873	3.4355
275613.605	3479976.652	3.4379
275613.533	3479976.432	3.4406
275613.460	3479976.214	3.4434
275613.387	3479975.997	3.4461
275613.313	3479975.781	3.4489
275613.239	3479975.566	3.4517
275613.165	3479975.352	3.4546
275613.091	3479975.139	3.4579
275613.018	3479974.928	3.4613
275612.944	3479974.718	3.4646
275612.868	3479974.508	3.4675
275612.792	3479974.301	3.4700
275612.716	3479974.094	3.4722
275612.639	3479973.890	3.4743
275612.563	3479973.686	3.4761
275612.487	3479973.483	3.4776
275612.411	3479973.280	3.4789
275612.336	3479973.079	3.4799
275612.260	3479972.879	3.4803
275612.185	3479972.680	3.4805
275612.109	3479972.481	3.4804
275612.034	3479972.284	3.4803
275611.960	3479972.087	3.4803
275611.886	3479971.892	3.4805
275611.813	3479971.697	3.4810
275611.740	3479971.503	3.4819
275611.666	3479971.310	3.4830
275611.593	3479971.118	3.4843
275611.519	3479970.927	3.4855
275611.446	3479970.738	3.4868
275611.373	3479970.549	3.4881
275611.299	3479970.361	3.4897
275611.227	3479970.173	3.4914
275611.155	3479969.986	3.4931
275611.082	3479969.800	3.4948
275611.009	3479969.615	3.4964
275610.936	3479969.431	3.4981
275610.862	3479969.247	3.4999
275610.787	3479969.064	3.5017
275610.713	3479968.880	3.5034
275610.638	3479968.695	3.5047
275610.563	3479968.510	3.5055
275610.487	3479968.325	3.5058
275610.411	3479968.139	3.5057
275610.335	3479967.952	3.5052
275610.259	3479967.765	3.5043
275610.183	3479967.577	3.5033
275610.106	3479967.389	3.5027
275610.030	3479967.200	3.5024
275609.954	3479967.011	3.5025
275609.878	3479966.822	3.5028
275609.802	3479966.633	3.5034
275609.726	3479966.443	3.5043
275609.650	3479966.254	3.5057
275609.573	3479966.065	3.5071
275609.495	3479965.876	3.5085
275609.417	3479965.687	3.5099
275609.339	3479965.498	3.5116
275609.261	3479965.309	3.5135
275609.183	3479965.120	3.5157
275609.104	3479964.931	3.5180
275609.025	3479964.742	3.5199
275608.945	3479964.554	3.5213
275608.864	3479964.366	3.5220
275608.784	3479964.179	3.5225
275608.703	3479963.992	3.5230
275608.623	3479963.806	3.5239
275608.544	3479963.620	3.5247
275608.465	3479963.435	3.5254
275608.387	3479963.253	3.5261
275608.310	3479963.073	3.5268
275608.235	3479962.898	3.5275
275608.160	3479962.727	3.5278
275608.088	3479962.561	3.5278
275608.017	3479962.399	3.5277
275607.948	3479962.241	3.5276
275607.880	3479962.083	3.5275
275607.813	3479961.927	3.5276
275607.746	3479961.771	3.5277
275607.680	3479961.615	3.5279
275607.613	3479961.461	3.5280
275607.547	3479961.308	3.5280
275607.481	3479961.156	3.5277
275607.416	3479961.006	3.5273
275607.351	3479960.859	3.5270
275607.288	3479960.713	3.5266
275607.226	3479960.569	3.5263
275607.165	3479960.426	3.5259
275607.104	3479960.283	3.5257
275607.044	3479960.142	3.5254
275606.984	3479960.001	3.5251
275606.925	3479959.861	3.5248
275606.865	3479959.723	3.5243
275606.806	3479959.586	3.5237
275606.748	3479959.452	3.5228
275606.691	3479959.321	3.5218
275606.635	3479959.191	3.5206
275606.581	3479959.065	3.5190
275606.528	3479958.941	3.5174
275606.477	3479958.819	3.5157
275606.427	3479958.700	3.5139
275606.378	3479958.583	3.5123
275606.331	3479958.469	3.5108
275606.286	3479958.358	3.5093
275606.241	3479958.248	3.5078
275606.197	3479958.141	3.5063
275606.154	3479958.036	3.5050
275606.112	3479957.933	3.5035
275606.071	3479957.833	3.5020
275606.031	3479957.735	3.5006
275605.992	3479957.639	3.4995
275605.954	3479957.546	3.4983
275605.884	3479957.366	3.4963
275605.817	3479957.197	3.4947
275605.756	3479957.040	3.4933
275605.699	3479956.895	3.4925
275605.648	3479956.763	3.4924
275605.601	3479956.643	3.4927
275605.560	3479956.536	3.4929
275605.524	3479956.442	3.4928
275605.479	3479956.328	3.4930
275605.436	3479956.217	3.4927
275605.394	3479956.113	3.4928
275605.352	3479956.008	3.4927
275605.312	3479955.911	3.4922
275605.272	3479955.813	3.4915
275605.233	3479955.713	3.4910
275605.199	3479955.617	3.4898
275605.154	3479955.512	3.4894
275605.111	3479955.407	3.4899
275605.066	3479955.292	3.4915
275605.026	3479955.188	3.4932
275604.980	3479955.069	3.4951
275604.929	3479954.938	3.4973
275604.891	3479954.843	3.4990
275604.852	3479954.742	3.5010
275604.810	3479954.638	3.5031
275604.768	3479954.533	3.5059
275604.726	3479954.429	3.5093
275604.683	3479954.325	3.5128
275604.639	3479954.218	3.5164
275604.593	3479954.109	3.5201
275604.546	3479953.996	3.5238
275604.497	3479953.881	3.5275
275604.446	3479953.764	3.5309
275604.395	3479953.646	3.5343
275604.344	3479953.529	3.5373
275604.293	3479953.413	3.5399
275604.243	3479953.299	3.5421
275604.192	3479953.188	3.5438
275604.140	3479953.075	3.5451
275604.087	3479952.959	3.5463
275604.032	3479952.841	3.5476
275603.975	3479952.719	3.5492
275603.916	3479952.594	3.5514
275603.856	3479952.465	3.5540
275603.794	3479952.335	3.5573
275603.730	3479952.201	3.5612
275603.665	3479952.064	3.5652
275603.599	3479951.923	3.5694
275603.530	3479951.779	3.5737
275603.461	3479951.633	3.5782
275603.389	3479951.484	3.5832
275603.315	3479951.334	3.5890
275603.239	3479951.182	3.5958
275603.161	3479951.028	3.6033
275603.080	3479950.873	3.6111
275602.997	3479950.717	3.6187
275602.912	3479950.559	3.6258
275602.825	3479950.401	3.6324
275602.735	3479950.242	3.6383
275602.643	3479950.082	3.6432
275602.548	3479949.919	3.6476
275602.453	3479949.755	3.6522
275602.355	3479949.589	3.6568
275602.255	3479949.422	3.6620
275602.153	3479949.254	3.6678
275602.049	3479949.084	3.6742
275601.996	3479948.999	3.6775
275601.943	3479948.913	3.6809
275601.888	3479948.827	3.6843
275601.833	3479948.742	3.6875
275601.778	3479948.656	3.6906
275601.722	3479948.570	3.6937
275601.666	3479948.484	3.6967
275601.609	3479948.398	3.6996
275601.552	3479948.312	3.7023
275601.495	3479948.227	3.7048
275601.438	3479948.142	3.7069
275601.382	3479948.058	3.7092
275601.326	3479947.975	3.7116
275601.215	3479947.812	3.7163
275601.106	3479947.653	3.7206
275600.997	3479947.498	3.7244
275600.890	3479947.345	3.7284
275600.786	3479947.193	3.7318
275600.684	3479947.044	3.7339
275600.582	3479946.897	3.7351
275600.481	3479946.753	3.7352
275600.382	3479946.610	3.7349
275600.284	3479946.467	3.7348
275600.185	3479946.323	3.7344
275600.085	3479946.178	3.7343
275599.985	3479946.033	3.7341
275599.886	3479945.888	3.7340
275599.789	3479945.749	3.7338
275599.693	3479945.614	3.7335
275599.601	3479945.484	3.7331
275599.511	3479945.358	3.7322
275599.425	3479945.236	3.7304
275599.341	3479945.118	3.7279
275599.259	3479945.002	3.7249
275599.179	3479944.887	3.7215
275599.101	3479944.774	3.7178
275599.024	3479944.662	3.7139
275598.950	3479944.554	3.7101
275598.878	3479944.448	3.7064
275598.808	3479944.344	3.7023
275598.740	3479944.241	3.6982
275598.673	3479944.141	3.6940
275598.609	3479944.043	3.6891
275598.546	3479943.946	3.6841
275598.484	3479943.849	3.6794
275598.422	3479943.752	3.6744
275598.358	3479943.652	3.6696
275598.293	3479943.548	3.6647
275598.227	3479943.442	3.6597
275598.160	3479943.332	3.6546
275598.091	3479943.218	3.6496
275598.021	3479943.101	3.6445
275597.950	3479942.981	3.6394
275597.878	3479942.857	3.6347
275597.805	3479942.730	3.6302
275597.731	3479942.600	3.6258
275597.656	3479942.466	3.6216
275597.581	3479942.329	3.6178
275597.505	3479942.188	3.6138
275597.430	3479942.045	3.6099
275597.355	3479941.902	3.6063
275597.282	3479941.761	3.6034
275597.210	3479941.622	3.6007
275597.140	3479941.485	3.5982
275597.071	3479941.350	3.5953
275597.004	3479941.215	3.5921
275596.936	3479941.079	3.5885
275596.868	3479940.942	3.5840
275596.800	3479940.802	3.5792
275596.732	3479940.661	3.5745
275596.664	3479940.518	3.5702
275596.596	3479940.374	3.5662
275596.529	3479940.233	3.5622
275596.465	3479940.093	3.5581
275596.402	3479939.956	3.5545
275596.341	3479939.821	3.5507
275596.281	3479939.685	3.5473
275596.217	3479939.546	3.5440
275596.151	3479939.402	3.5405
275596.084	3479939.256	3.5372
275596.016	3479939.107	3.5345
275595.948	3479938.954	3.5322
275595.879	3479938.799	3.5308
275595.809	3479938.642	3.5303
275595.737	3479938.482	3.5307
275595.664	3479938.320	3.5320
275595.591	3479938.155	3.5345
275595.516	3479937.987	3.5382
275595.440	3479937.818	3.5434
275595.362	3479937.646	3.5502
275595.282	3479937.473	3.5590
275595.199	3479937.299	3.5694
275595.113	3479937.123	3.5804
275595.024	3479936.947	3.5923
275594.932	3479936.770	3.6055
275594.885	3479936.681	3.6125
275594.837	3479936.592	3.6198
275594.788	3479936.504	3.6269
275594.738	3479936.415	3.6340
275594.688	3479936.326	3.6410
275594.637	3479936.238	3.6479
275594.586	3479936.149	3.6548
275594.534	3479936.060	3.6619
275594.480	3479935.971	3.6694
275594.426	3479935.881	3.6775
275594.371	3479935.791	3.6859
275594.314	3479935.702	3.6944
275594.255	3479935.612	3.7029
275594.196	3479935.522	3.7115
275594.136	3479935.432	3.7202
275594.074	3479935.343	3.7291
275594.012	3479935.253	3.7380
275593.949	3479935.163	3.7469
275593.884	3479935.074	3.7557
275593.819	3479934.985	3.7645
275593.752	3479934.896	3.7735
275593.684	3479934.807	3.7825
275593.615	3479934.718	3.7916
275593.545	3479934.630	3.8008
275593.473	3479934.540	3.8098
275593.399	3479934.451	3.8190
275593.324	3479934.362	3.8282
275593.247	3479934.273	3.8371
275593.170	3479934.184	3.8459
275593.091	3479934.096	3.8547
275593.011	3479934.007	3.8633
275592.929	3479933.919	3.8718
275592.847	3479933.831	3.8799
275592.763	3479933.743	3.8875
275592.679	3479933.655	3.8942
275592.593	3479933.567	3.9003
275592.507	3479933.480	3.9055
275592.420	3479933.392	3.9098
275592.332	3479933.305	3.9134
275592.244	3479933.217	3.9162
275592.155	3479933.130	3.9185
275592.066	3479933.042	3.9204
275591.976	3479932.954	3.9219
275591.886	3479932.867	3.9231
275591.795	3479932.780	3.9239
275591.704	3479932.693	3.9241
275591.613	3479932.607	3.9237
275591.522	3479932.520	3.9230
275591.430	3479932.432	3.9223
275591.339	3479932.344	3.9217
275591.248	3479932.255	3.9213
275591.157	3479932.166	3.9211
275591.065	3479932.077	3.9210
275590.973	3479931.987	3.9208
275590.880	3479931.898	3.9204
275590.787	3479931.808	3.9199
275590.694	3479931.718	3.9192
275590.600	3479931.628	3.9185
275590.507	3479931.537	3.9175
275590.413	3479931.446	3.9161
275590.320	3479931.355	3.9140
275590.226	3479931.264	3.9113
275590.132	3479931.172	3.9082
275590.039	3479931.080	3.9051
275589.946	3479930.988	3.9019
275589.853	3479930.896	3.8984
275589.761	3479930.804	3.8945
275589.670	3479930.712	3.8902
275589.579	3479930.620	3.8858
275589.489	3479930.528	3.8809
275589.400	3479930.435	3.8756
275589.312	3479930.343	3.8699
275589.225	3479930.250	3.8639
275589.138	3479930.157	3.8575
275589.052	3479930.063	3.8505
275588.967	3479929.970	3.8430
275588.883	3479929.876	3.8349
275588.800	3479929.782	3.8262
275588.718	3479929.688	3.8164
275588.638	3479929.593	3.8054
275588.559	3479929.498	3.7931
275588.482	3479929.403	3.7799
275588.408	3479929.308	3.7659
275588.337	3479929.214	3.7510
275588.269	3479929.120	3.7354
275588.204	3479929.026	3.7194
275588.141	3479928.932	3.7031
275588.079	3479928.838	3.6866
275588.020	3479928.743	3.6693
275587.962	3479928.648	3.6506
275587.906	3479928.553	3.6306
275587.853	3479928.457	3.6095
275587.803	3479928.361	3.5875
275587.756	3479928.264	3.5646
275587.713	3479928.167	3.5407
275587.672	3479928.070	3.5158
275587.634	3479927.973	3.4898
275587.598	3479927.876	3.4634
275587.566	3479927.779	3.4371
275587.537	3479927.681	3.4110
275587.511	3479927.584	3.3847
275587.487	3479927.487	3.3577
275587.447	3479927.294	3.3018
275587.417	3479927.104	3.2455
275587.396	3479926.917	3.1884
275587.387	3479926.733	3.1307
275587.389	3479926.552	3.0729
275587.401	3479926.374	3.0161
275587.422	3479926.199	2.9601
275587.452	3479926.029	2.9044
275587.492	3479925.863	2.8499
275587.541	3479925.702	2.7966
275587.597	3479925.547	2.7435
275587.661	3479925.393	2.6914
275587.732	3479925.244	2.6395
275587.809	3479925.102	2.5884
275587.893	3479924.964	2.5380
275587.982	3479924.833	2.4878
275588.076	3479924.706	2.4377
275588.175	3479924.586	2.3885
275588.279	3479924.473	2.3398
275588.387	3479924.366	2.2911
275588.499	3479924.266	2.2435
275588.614	3479924.175	2.1966
275588.732	3479924.091	2.1502
275588.852	3479924.013	2.1039
275588.975	3479923.941	2.0582
275589.100	3479923.875	2.0127
275589.229	3479923.814	1.9670
275589.359	3479923.759	1.9219
275589.488	3479923.713	1.8783
275589.615	3479923.675	1.8363
275589.736	3479923.643	1.7953
275589.858	3479923.613	1.7556
275589.979	3479923.587	1.7167
275590.101	3479923.567	1.6788
275590.223	3479923.550	1.6412
275590.342	3479923.538	1.6049
275590.455	3479923.530	1.5693
275590.562	3479923.528	1.5355
275590.707	3479923.529	1.4900
275590.835	3479923.533	1.4496
275590.941	3479923.545	1.4166
275591.042	3479923.557	1.3857
275590.934	3479923.522	1.3732
275590.813	3479923.506	1.3613
275590.692	3479923.486	1.3467
275590.589	3479923.468	1.3323
275590.477	3479923.446	1.3148
275590.358	3479923.422	1.2941
275590.237	3479923.395	1.2724
275590.121	3479923.366	1.2483
275590.013	3479923.338	1.2278
275589.919	3479923.305	1.2071
275589.814	3479923.269	1.1865
275589.710	3479923.227	1.1645
275589.820	3479923.260	1.1461
275589.936	3479923.310	1.1386
275590.040	3479923.356	1.1311
275590.157	3479923.408	1.1212
275590.286	3479923.468	1.1076
275590.378	3479923.512	1.0965
275590.474	3479923.559	1.0840
275590.573	3479923.610	1.0707
275590.676	3479923.663	1.0556
275590.780	3479923.720	1.0388
275590.885	3479923.781	1.0210
275590.993	3479923.844	1.0017
275591.102	3479923.911	0.9815
275591.213	3479923.983	0.9611
275591.324	3479924.059	0.9396
275591.435	3479924.138	0.9173
275591.546	3479924.221	0.8949
275591.655	3479924.306	0.8729
275591.760	3479924.392	0.8509
275591.860	3479924.477	0.8300
275591.955	3479924.560	0.8095
275592.047	3479924.642	0.7887
275592.137	3479924.727	0.7690
275592.226	3479924.814	0.7492
275592.315	3479924.904	0.7283
275592.403	3479924.998	0.7082
275592.488	3479925.093	0.6888
275592.570	3479925.187	0.6696
275592.647	3479925.279	0.6516
275592.720	3479925.371	0.6341
275592.791	3479925.463	0.6170
275592.860	3479925.557	0.6004
275592.929	3479925.653	0.5833
275592.995	3479925.749	0.5671
275593.057	3479925.843	0.5522
275593.116	3479925.934	0.5382
275593.171	3479926.022	0.5263
275593.247	3479926.145	0.5113
275593.315	3479926.258	0.4995
275593.377	3479926.361	0.4907
275593.432	3479926.454	0.4852
275593.497	3479926.562	0.4811
275593.549	3479926.650	0.4798
275593.607	3479926.749	0.4800
