120.7806546	31.5910675
120.7806535	31.5910679
120.7806523	31.5910684
120.7806512	31.5910688
120.7806501	31.5910692
120.7806489	31.5910697
120.7806475	31.5910702
120.7806464	31.5910706
120.7806453	31.5910711
120.7806441	31.5910715
120.7806428	31.5910720
120.7806414	31.5910724
120.7806401	31.5910729
120.7806389	31.5910734
120.7806379	31.5910737
120.7806366	31.5910742
120.7806356	31.5910745
120.7806346	31.5910748
120.7806334	31.5910752
120.7806323	31.5910757
120.7806312	31.5910760
120.7806300	31.5910765
120.7806289	31.5910769
120.7806278	31.5910773
120.7806268	31.5910776
120.7806258	31.5910779
120.7806248	31.5910783
120.7806238	31.5910787
120.7806228	31.5910791
120.7806217	31.5910796
120.7806205	31.5910802
120.7806196	31.5910806
120.7806186	31.5910812
120.7806176	31.5910818
120.7806164	31.5910825
120.7806152	31.5910832
120.7806143	31.5910837
120.7806134	31.5910843
120.7806125	31.5910848
120.7806115	31.5910855
120.7806105	31.5910861
120.7806096	31.5910868
120.7806086	31.5910875
120.7806076	31.5910883
120.7806066	31.5910890
120.7806056	31.5910899
120.7806045	31.5910907
120.7806035	31.5910916
120.7806024	31.5910925
120.7806013	31.5910934
120.7806002	31.5910944
120.7805990	31.5910953
120.7805979	31.5910963
120.7805966	31.5910973
120.7805953	31.5910982
120.7805941	31.5910992
120.7805928	31.5911002
120.7805915	31.5911012
120.7805901	31.5911022
120.7805887	31.5911033
120.7805873	31.5911043
120.7805859	31.5911053
120.7805844	31.5911062
120.7805829	31.5911072
120.7805814	31.5911081
120.7805798	31.5911090
120.7805781	31.5911098
120.7805765	31.5911107
120.7805748	31.5911115
120.7805731	31.5911124
120.7805714	31.5911133
120.7805696	31.5911141
120.7805678	31.5911148
120.7805660	31.5911155
120.7805641	31.5911162
120.7805622	31.5911169
120.7805603	31.5911175
120.7805584	31.5911179
120.7805564	31.5911184
120.7805545	31.5911189
120.7805525	31.5911193
120.7805505	31.5911197
120.7805485	31.5911200
120.7805465	31.5911202
120.7805445	31.5911204
120.7805425	31.5911206
120.7805406	31.5911207
120.7805386	31.5911208
120.7805366	31.5911207
120.7805347	31.5911206
120.7805327	31.5911205
120.7805307	31.5911203
120.7805288	31.5911201
120.7805268	31.5911199
120.7805249	31.5911196
120.7805230	31.5911193
120.7805211	31.5911189
120.7805193	31.5911184
120.7805175	31.5911179
120.7805157	31.5911173
120.7805139	31.5911167
120.7805122	31.5911161
120.7805105	31.5911154
120.7805088	31.5911147
120.7805071	31.5911140
120.7805054	31.5911132
120.7805038	31.5911124
120.7805022	31.5911115
120.7805006	31.5911106
120.7804991	31.5911096
120.7804975	31.5911086
120.7804961	31.5911076
120.7804946	31.5911066
120.7804931	31.5911055
120.7804917	31.5911043
120.7804904	31.5911031
120.7804890	31.5911019
120.7804877	31.5911007
120.7804864	31.5910994
120.7804851	31.5910981
120.7804839	31.5910967
120.7804826	31.5910953
120.7804814	31.5910939
120.7804801	31.5910925
120.7804789	31.5910910
120.7804777	31.5910895
120.7804766	31.5910880
120.7804755	31.5910865
120.7804749	31.5910857
120.7804739	31.5910841
120.7804729	31.5910826
120.7804719	31.5910810
120.7804710	31.5910794
120.7804700	31.5910778
120.7804691	31.5910762
120.7804683	31.5910746
120.7804674	31.5910730
120.7804667	31.5910713
120.7804660	31.5910697
120.7804653	31.5910681
120.7804646	31.5910664
120.7804639	31.5910648
120.7804633	31.5910632
120.7804627	31.5910615
120.7804622	31.5910598
120.7804616	31.5910581
120.7804611	31.5910565
120.7804606	31.5910548
120.7804603	31.5910531
120.7804599	31.5910514
120.7804595	31.5910497
120.7804592	31.5910480
120.7804588	31.5910463
120.7804585	31.5910447
120.7804583	31.5910430
120.7804581	31.5910413
120.7804579	31.5910396
120.7804578	31.5910379
120.7804578	31.5910362
120.7804578	31.5910344
120.7804578	31.5910328
120.7804578	31.5910310
120.7804578	31.5910293
120.7804579	31.5910276
120.7804580	31.5910259
120.7804582	31.5910242
120.7804584	31.5910225
120.7804586	31.5910207
120.7804589	31.5910190
120.7804592	31.5910173
120.7804596	31.5910156
120.7804600	31.5910139
120.7804604	31.5910122
120.7804609	31.5910105
120.7804615	31.5910089
120.7804621	31.5910072
120.7804627	31.5910056
120.7804633	31.5910039
120.7804639	31.5910023
120.7804646	31.5910007
120.7804653	31.5909991
120.7804660	31.5909975
120.7804668	31.5909959
120.7804676	31.5909943
120.7804685	31.5909927
120.7804694	31.5909912
120.7804704	31.5909897
120.7804714	31.5909882
120.7804723	31.5909867
120.7804734	31.5909851
120.7804744	31.5909837
120.7804756	31.5909822
120.7804767	31.5909808
120.7804779	31.5909794
120.7804791	31.5909780
120.7804803	31.5909767
120.7804816	31.5909754
120.7804829	31.5909741
120.7804843	31.5909728
120.7804856	31.5909715
120.7804871	31.5909702
120.7804885	31.5909690
120.7804900	31.5909678
120.7804915	31.5909666
120.7804931	31.5909654
120.7804946	31.5909642
120.7804962	31.5909631
120.7804978	31.5909620
120.7804994	31.5909609
120.7805011	31.5909598
120.7805027	31.5909588
120.7805045	31.5909578
120.7805062	31.5909568
120.7805080	31.5909559
120.7805098	31.5909550
120.7805116	31.5909541
120.7805135	31.5909532
120.7805153	31.5909524
120.7805172	31.5909517
120.7805190	31.5909510
120.7805209	31.5909503
120.7805227	31.5909497
120.7805245	31.5909491
120.7805263	31.5909485
120.7805281	31.5909479
120.7805299	31.5909474
120.7805316	31.5909468
120.7805334	31.5909463
120.7805352	31.5909458
120.7805369	31.5909453
120.7805386	31.5909449
120.7805404	31.5909445
120.7805421	31.5909441
120.7805437	31.5909437
120.7805454	31.5909433
120.7805470	31.5909429
120.7805486	31.5909426
120.7805501	31.5909422
120.7805516	31.5909418
120.7805531	31.5909415
120.7805545	31.5909411
120.7805560	31.5909409
120.7805573	31.5909406
120.7805586	31.5909403
120.7805599	31.5909400
120.7805612	31.5909397
120.7805624	31.5909395
120.7805636	31.5909392
120.7805647	31.5909390
120.7805658	31.5909388
120.7805669	31.5909386
120.7805679	31.5909383
120.7805694	31.5909380
120.7805707	31.5909378
120.7805720	31.5909376
120.7805731	31.5909374
120.7805744	31.5909372
120.7805755	31.5909370
120.7805767	31.5909367
120.7805777	31.5909366
120.7805788	31.5909363
120.7805800	31.5909361
120.7805812	31.5909359
120.7805823	31.5909357
120.7805836	31.5909355
120.7805851	31.5909352
120.7805863	31.5909351
120.7805875	31.5909349
120.7805888	31.5909348
120.7805902	31.5909346
120.7805916	31.5909344
120.7805929	31.5909343
120.7805943	31.5909342
120.7805956	31.5909340
120.7805970	31.5909339
120.7805983	31.5909337
120.7805997	31.5909336
120.7806010	31.5909335
120.7806023	31.5909334
120.7806037	31.5909333
120.7806051	31.5909332
120.7806064	31.5909331
120.7806078	31.5909330
120.7806092	31.5909329
120.7806107	31.5909328
120.7806121	31.5909327
120.7806135	31.5909326
120.7806150	31.5909325
120.7806165	31.5909324
120.7806179	31.5909323
120.7806193	31.5909322
120.7806207	31.5909320
120.7806221	31.5909319
120.7806235	31.5909318
120.7806248	31.5909317
120.7806262	31.5909316
120.7806276	31.5909315
120.7806290	31.5909314
120.7806305	31.5909314
120.7806319	31.5909313
120.7806334	31.5909312
120.7806348	31.5909311
120.7806362	31.5909310
120.7806377	31.5909309
120.7806391	31.5909308
120.7806405	31.5909307
120.7806420	31.5909305
120.7806434	31.5909304
120.7806448	31.5909303
120.7806461	31.5909301
120.7806475	31.5909300
120.7806488	31.5909299
120.7806502	31.5909298
120.7806515	31.5909297
120.7806529	31.5909296
120.7806542	31.5909295
120.7806556	31.5909294
120.7806570	31.5909292
120.7806584	31.5909290
120.7806598	31.5909289
120.7806612	31.5909288
120.7806626	31.5909287
120.7806641	31.5909285
120.7806655	31.5909284
120.7806669	31.5909282
120.7806684	31.5909281
120.7806698	31.5909279
120.7806712	31.5909278
120.7806726	31.5909275
120.7806740	31.5909274
120.7806754	31.5909272
120.7806768	31.5909271
120.7806782	31.5909269
120.7806796	31.5909267
120.7806810	31.5909266
120.7806825	31.5909264
120.7806839	31.5909263
120.7806853	31.5909261
120.7806866	31.5909259
120.7806880	31.5909257
120.7806894	31.5909255
120.7806908	31.5909254
120.7806922	31.5909252
120.7806936	31.5909250
120.7806950	31.5909247
120.7806963	31.5909245
120.7806977	31.5909243
120.7806991	31.5909242
120.7807005	31.5909239
120.7807019	31.5909237
120.7807033	31.5909236
120.7807047	31.5909234
120.7807062	31.5909232
120.7807076	31.5909230
120.7807089	31.5909227
120.7807103	31.5909225
120.7807117	31.5909224
120.7807131	31.5909222
120.7807145	31.5909220
120.7807159	31.5909217
120.7807173	31.5909215
120.7807187	31.5909212
120.7807201	31.5909210
120.7807215	31.5909208
120.7807229	31.5909206
120.7807243	31.5909203
120.7807257	31.5909201
120.7807270	31.5909198
120.7807284	31.5909196
120.7807297	31.5909194
120.7807310	31.5909192
120.7807324	31.5909190
120.7807337	31.5909187
120.7807350	31.5909185
120.7807363	31.5909183
120.7807376	31.5909181
120.7807389	31.5909179
120.7807402	31.5909176
120.7807416	31.5909174
120.7807430	31.5909172
120.7807443	31.5909170
120.7807457	31.5909168
120.7807470	31.5909166
120.7807484	31.5909163
120.7807497	31.5909160
120.7807510	31.5909158
120.7807524	31.5909156
120.7807537	31.5909154
120.7807550	31.5909151
120.7807564	31.5909149
120.7807577	31.5909147
120.7807591	31.5909145
120.7807606	31.5909143
120.7807620	31.5909140
120.7807633	31.5909138
120.7807647	31.5909135
120.7807661	31.5909133
120.7807676	31.5909131
120.7807690	31.5909129
120.7807703	31.5909126
120.7807717	31.5909124
120.7807731	31.5909121
120.7807745	31.5909118
120.7807759	31.5909116
120.7807774	31.5909114
120.7807788	31.5909111
120.7807802	31.5909109
120.7807816	31.5909107
120.7807831	31.5909104
120.7807845	31.5909102
120.7807860	31.5909100
120.7807874	31.5909097
120.7807889	31.5909094
120.7807903	31.5909092
120.7807917	31.5909090
120.7807932	31.5909087
120.7807946	31.5909085
120.7807960	31.5909083
120.7807974	31.5909080
120.7807988	31.5909078
120.7808002	31.5909076
120.7808016	31.5909073
120.7808030	31.5909071
120.7808044	31.5909069
120.7808058	31.5909066
120.7808071	31.5909064
120.7808085	31.5909061
120.7808099	31.5909059
120.7808113	31.5909057
120.7808127	31.5909054
120.7808141	31.5909052
120.7808155	31.5909049
120.7808169	31.5909047
120.7808182	31.5909044
120.7808196	31.5909042
120.7808210	31.5909039
120.7808224	31.5909037
120.7808238	31.5909035
120.7808252	31.5909033
120.7808266	31.5909031
120.7808279	31.5909028
120.7808293	31.5909025
120.7808307	31.5909023
120.7808321	31.5909021
120.7808336	31.5909019
120.7808350	31.5909017
120.7808365	31.5909014
120.7808379	31.5909011
120.7808393	31.5909008
120.7808408	31.5909005
120.7808422	31.5909002
120.7808436	31.5908999
120.7808451	31.5908997
120.7808465	31.5908995
120.7808479	31.5908993
120.7808493	31.5908990
120.7808507	31.5908988
120.7808521	31.5908985
120.7808535	31.5908983
120.7808549	31.5908981
120.7808564	31.5908979
120.7808578	31.5908977
120.7808592	31.5908974
120.7808606	31.5908972
120.7808620	31.5908969
120.7808634	31.5908966
120.7808648	31.5908964
120.7808662	31.5908961
120.7808676	31.5908959
120.7808689	31.5908957
120.7808703	31.5908955
120.7808717	31.5908953
120.7808730	31.5908950
120.7808744	31.5908947
120.7808756	31.5908945
120.7808769	31.5908943
120.7808782	31.5908942
120.7808794	31.5908940
120.7808805	31.5908937
120.7808817	31.5908936
120.7808829	31.5908934
120.7808840	31.5908933
120.7808852	31.5908931
120.7808863	31.5908929
120.7808874	31.5908927
120.7808885	31.5908925
120.7808896	31.5908923
120.7808908	31.5908922
120.7808919	31.5908920
120.7808930	31.5908918
120.7808940	31.5908915
120.7808955	31.5908912
120.7808970	31.5908910
120.7808984	31.5908908
120.7808998	31.5908905
120.7809012	31.5908902
120.7809026	31.5908900
120.7809041	31.5908898
120.7809055	31.5908896
120.7809070	31.5908893
120.7809085	31.5908891
120.7809100	31.5908889
120.7809110	31.5908887
120.7809121	31.5908886
120.7809132	31.5908884
120.7809143	31.5908882
120.7809154	31.5908880
120.7809165	31.5908879
120.7809175	31.5908877
120.7809191	31.5908875
120.7809206	31.5908872
120.7809221	31.5908870
120.7809236	31.5908867
120.7809250	31.5908864
120.7809265	31.5908862
120.7809281	31.5908860
120.7809291	31.5908858
120.7809302	31.5908856
120.7809314	31.5908854
120.7809326	31.5908852
120.7809339	31.5908850
120.7809352	31.5908848
120.7809365	31.5908846
120.7809379	31.5908843
120.7809392	31.5908840
120.7809406	31.5908838
120.7809420	31.5908836
120.7809434	31.5908834
120.7809447	31.5908832
120.7809460	31.5908829
120.7809474	31.5908826
120.7809487	31.5908824
120.7809501	31.5908822
120.7809514	31.5908820
120.7809528	31.5908817
120.7809542	31.5908815
120.7809557	31.5908813
120.7809572	31.5908811
120.7809587	31.5908808
120.7809602	31.5908805
120.7809616	31.5908802
120.7809631	31.5908799
120.7809646	31.5908797
120.7809661	31.5908794
120.7809676	31.5908791
120.7809691	31.5908788
120.7809706	31.5908786
120.7809722	31.5908784
120.7809737	31.5908781
120.7809753	31.5908779
120.7809769	31.5908776
120.7809785	31.5908773
120.7809801	31.5908770
120.7809816	31.5908767
120.7809832	31.5908764
120.7809848	31.5908762
120.7809864	31.5908760
120.7809880	31.5908758
120.7809895	31.5908755
120.7809911	31.5908753
120.7809927	31.5908751
120.7809943	31.5908748
120.7809958	31.5908744
120.7809974	31.5908742
120.7809989	31.5908740
120.7810005	31.5908737
120.7810020	31.5908735
120.7810035	31.5908732
120.7810050	31.5908729
120.7810065	31.5908727
120.7810081	31.5908725
120.7810096	31.5908723
120.7810111	31.5908720
120.7810127	31.5908718
120.7810143	31.5908716
120.7810158	31.5908714
120.7810173	31.5908711
120.7810188	31.5908709
120.7810203	31.5908707
120.7810217	31.5908705
120.7810232	31.5908703
120.7810247	31.5908701
120.7810262	31.5908698
120.7810277	31.5908696
120.7810293	31.5908693
120.7810309	31.5908691
120.7810325	31.5908689
120.7810341	31.5908686
120.7810358	31.5908683
120.7810376	31.5908680
120.7810394	31.5908678
120.7810412	31.5908675
120.7810430	31.5908672
120.7810448	31.5908669
120.7810467	31.5908667
120.7810485	31.5908664
120.7810504	31.5908662
120.7810523	31.5908659
120.7810542	31.5908656
120.7810561	31.5908652
120.7810581	31.5908649
120.7810601	31.5908646
120.7810612	31.5908644
120.7810623	31.5908643
120.7810633	31.5908642
120.7810644	31.5908640
120.7810655	31.5908639
120.7810667	31.5908637
120.7810678	31.5908636
120.7810689	31.5908634
120.7810700	31.5908632
120.7810710	31.5908630
120.7810721	31.5908629
120.7810732	31.5908627
120.7810743	31.5908626
120.7810754	31.5908624
120.7810764	31.5908623
120.7810775	31.5908622
120.7810786	31.5908620
120.7810796	31.5908619
120.7810817	31.5908617
120.7810827	31.5908615
120.7810838	31.5908614
120.7810858	31.5908611
120.7810879	31.5908608
120.7810899	31.5908604
120.7810919	31.5908601
120.7810938	31.5908598
120.7810957	31.5908595
120.7810975	31.5908592
120.7810994	31.5908590
120.7811013	31.5908589
120.7811031	31.5908586
120.7811050	31.5908583
120.7811068	31.5908579
120.7811086	31.5908576
120.7811105	31.5908573
120.7811123	31.5908570
120.7811141	31.5908568
120.7811158	31.5908565
120.7811175	31.5908562
120.7811192	31.5908560
120.7811209	31.5908558
120.7811225	31.5908556
120.7811242	31.5908554
120.7811257	31.5908551
120.7811272	31.5908549
120.7811287	31.5908546
120.7811302	31.5908544
120.7811316	31.5908542
120.7811330	31.5908541
120.7811345	31.5908539
120.7811359	31.5908537
120.7811373	31.5908535
120.7811386	31.5908533
120.7811400	31.5908531
120.7811414	31.5908529
120.7811427	31.5908527
120.7811442	31.5908526
120.7811455	31.5908524
120.7811469	31.5908522
120.7811482	31.5908519
120.7811495	31.5908517
120.7811508	31.5908515
120.7811521	31.5908513
120.7811534	31.5908511
120.7811548	31.5908510
120.7811562	31.5908508
120.7811577	31.5908507
120.7811591	31.5908505
120.7811605	31.5908503
120.7811620	31.5908501
120.7811634	31.5908499
120.7811649	31.5908497
120.7811664	31.5908495
120.7811679	31.5908493
120.7811694	31.5908491
120.7811708	31.5908488
120.7811723	31.5908485
120.7811738	31.5908482
120.7811753	31.5908479
120.7811768	31.5908477
120.7811783	31.5908475
120.7811799	31.5908473
120.7811815	31.5908471
120.7811832	31.5908469
120.7811849	31.5908467
120.7811866	31.5908464
120.7811883	31.5908462
120.7811900	31.5908460
120.7811918	31.5908457
120.7811935	31.5908454
120.7811953	31.5908451
120.7811970	31.5908448
120.7811987	31.5908446
120.7812004	31.5908444
120.7812021	31.5908442
120.7812038	31.5908439
120.7812055	31.5908437
120.7812073	31.5908435
120.7812091	31.5908434
120.7812108	31.5908431
120.7812126	31.5908429
120.7812144	31.5908426
120.7812162	31.5908424
120.7812180	31.5908422
120.7812197	31.5908420
120.7812214	31.5908417
120.7812231	31.5908414
120.7812249	31.5908412
120.7812266	31.5908411
120.7812283	31.5908409
120.7812300	31.5908407
120.7812316	31.5908404
120.7812333	31.5908402
120.7812350	31.5908400
120.7812366	31.5908398
120.7812382	31.5908396
120.7812398	31.5908393
120.7812413	31.5908391
120.7812428	31.5908388
120.7812443	31.5908386
120.7812458	31.5908385
120.7812473	31.5908383
120.7812487	31.5908381
120.7812501	31.5908379
120.7812515	31.5908376
120.7812530	31.5908374
120.7812543	31.5908372
120.7812557	31.5908370
120.7812571	31.5908368
120.7812584	31.5908366
120.7812598	31.5908364
120.7812612	31.5908362
120.7812624	31.5908360
120.7812635	31.5908358
120.7812647	31.5908356
120.7812659	31.5908355
120.7812673	31.5908353
120.7812688	31.5908351
120.7812700	31.5908349
120.7812713	31.5908346
120.7812728	31.5908343
120.7812744	31.5908340
120.7812761	31.5908336
120.7812779	31.5908331
120.7812797	31.5908327
120.7812816	31.5908321
120.7812836	31.5908316
120.7812847	31.5908313
120.7812857	31.5908310
120.7812868	31.5908307
120.7812878	31.5908303
120.7812889	31.5908300
120.7812900	31.5908297
120.7812911	31.5908294
120.7812923	31.5908291
120.7812934	31.5908288
120.7812945	31.5908284
120.7812956	31.5908281
120.7812967	31.5908278
120.7812978	31.5908274
120.7812989	31.5908271
120.7813000	31.5908268
120.7813011	31.5908265
120.7813022	31.5908262
120.7813033	31.5908259
120.7813044	31.5908256
120.7813055	31.5908253
120.7813066	31.5908250
120.7813077	31.5908247
120.7813088	31.5908244
120.7813099	31.5908242
120.7813109	31.5908239
120.7813120	31.5908237
120.7813130	31.5908234
120.7813141	31.5908232
120.7813151	31.5908229
120.7813161	31.5908226
120.7813181	31.5908221
120.7813201	31.5908216
120.7813221	31.5908212
120.7813241	31.5908207
120.7813260	31.5908203
120.7813281	31.5908199
120.7813291	31.5908197
120.7813301	31.5908195
120.7813312	31.5908192
120.7813322	31.5908190
120.7813333	31.5908188
120.7813344	31.5908186
120.7813354	31.5908183
120.7813365	31.5908181
120.7813376	31.5908179
120.7813387	31.5908176
120.7813398	31.5908174
120.7813409	31.5908171
120.7813421	31.5908169
120.7813432	31.5908167
120.7813443	31.5908164
120.7813454	31.5908162
120.7813465	31.5908160
120.7813476	31.5908158
120.7813488	31.5908156
120.7813499	31.5908154
120.7813510	31.5908152
120.7813522	31.5908149
120.7813533	31.5908147
120.7813545	31.5908144
120.7813557	31.5908142
120.7813569	31.5908140
120.7813581	31.5908137
120.7813593	31.5908135
120.7813606	31.5908132
120.7813618	31.5908130
120.7813631	31.5908127
120.7813643	31.5908125
120.7813656	31.5908122
120.7813669	31.5908120
120.7813682	31.5908118
120.7813694	31.5908115
120.7813707	31.5908113
120.7813720	31.5908111
120.7813733	31.5908108
120.7813745	31.5908105
120.7813758	31.5908103
120.7813771	31.5908100
120.7813784	31.5908097
120.7813797	31.5908095
120.7813810	31.5908093
120.7813823	31.5908091
120.7813835	31.5908088
120.7813848	31.5908086
120.7813861	31.5908083
120.7813874	31.5908081
120.7813886	31.5908078
120.7813899	31.5908076
120.7813912	31.5908074
120.7813924	31.5908071
120.7813937	31.5908069
120.7813950	31.5908066
120.7813962	31.5908064
120.7813975	31.5908062
120.7813987	31.5908060
120.7814000	31.5908057
120.7814013	31.5908055
120.7814025	31.5908053
120.7814038	31.5908051
120.7814051	31.5908049
120.7814064	31.5908047
120.7814077	31.5908045
120.7814090	31.5908043
120.7814102	31.5908041
120.7814115	31.5908039
120.7814128	31.5908037
120.7814141	31.5908035
120.7814154	31.5908033
120.7814168	31.5908031
120.7814181	31.5908029
120.7814194	31.5908027
120.7814207	31.5908025
120.7814220	31.5908023
120.7814233	31.5908021
120.7814246	31.5908019
120.7814260	31.5908018
120.7814273	31.5908016
120.7814287	31.5908015
120.7814300	31.5908013
120.7814313	31.5908011
120.7814327	31.5908009
120.7814340	31.5908007
120.7814354	31.5908005
120.7814367	31.5908003
120.7814381	31.5908001
120.7814395	31.5908000
120.7814408	31.5907998
120.7814422	31.5907996
120.7814436	31.5907994
120.7814450	31.5907992
120.7814463	31.5907990
120.7814477	31.5907988
120.7814491	31.5907986
120.7814505	31.5907985
120.7814519	31.5907983
120.7814533	31.5907981
120.7814547	31.5907979
120.7814561	31.5907978
120.7814574	31.5907976
120.7814588	31.5907974
120.7814602	31.5907973
120.7814616	31.5907971
120.7814630	31.5907969
120.7814644	31.5907967
120.7814658	31.5907965
120.7814672	31.5907964
120.7814685	31.5907962
120.7814699	31.5907960
120.7814713	31.5907958
120.7814727	31.5907956
120.7814740	31.5907954
120.7814754	31.5907953
120.7814767	31.5907951
120.7814781	31.5907949
120.7814794	31.5907948
120.7814808	31.5907946
120.7814821	31.5907945
120.7814835	31.5907943
120.7814848	31.5907942
120.7814861	31.5907940
120.7814875	31.5907938
120.7814888	31.5907936
120.7814901	31.5907935
120.7814914	31.5907933
120.7814927	31.5907931
120.7814940	31.5907930
120.7814953	31.5907928
120.7814966	31.5907927
120.7814978	31.5907925
120.7814991	31.5907923
120.7815004	31.5907922
120.7815017	31.5907920
120.7815030	31.5907918
120.7815043	31.5907916
120.7815056	31.5907915
120.7815069	31.5907913
120.7815082	31.5907911
120.7815095	31.5907910
120.7815108	31.5907908
120.7815121	31.5907907
120.7815134	31.5907905
120.7815147	31.5907903
120.7815160	31.5907901
120.7815173	31.5907900
120.7815186	31.5907898
120.7815199	31.5907896
120.7815212	31.5907895
120.7815225	31.5907893
120.7815238	31.5907891
120.7815251	31.5907890
120.7815264	31.5907888
120.7815277	31.5907886
120.7815291	31.5907884
120.7815304	31.5907882
120.7815317	31.5907881
120.7815330	31.5907879
120.7815343	31.5907877
120.7815357	31.5907875
120.7815370	31.5907873
120.7815383	31.5907871
120.7815396	31.5907869
120.7815409	31.5907867
120.7815423	31.5907865
120.7815436	31.5907863
120.7815450	31.5907861
120.7815463	31.5907859
120.7815477	31.5907857
120.7815490	31.5907854
120.7815504	31.5907852
120.7815518	31.5907849
120.7815532	31.5907847
120.7815545	31.5907845
120.7815559	31.5907843
120.7815573	31.5907841
120.7815587	31.5907839
120.7815601	31.5907837
120.7815615	31.5907834
120.7815629	31.5907832
120.7815642	31.5907829
120.7815656	31.5907827
120.7815670	31.5907824
120.7815684	31.5907821
120.7815697	31.5907819
120.7815711	31.5907816
120.7815725	31.5907813
120.7815738	31.5907811
120.7815752	31.5907809
120.7815765	31.5907806
120.7815779	31.5907804
120.7815792	31.5907802
120.7815805	31.5907800
120.7815819	31.5907797
120.7815832	31.5907794
120.7815845	31.5907792
120.7815858	31.5907789
120.7815871	31.5907786
120.7815884	31.5907783
120.7815897	31.5907780
120.7815909	31.5907777
120.7815922	31.5907774
120.7815935	31.5907772
120.7815947	31.5907769
120.7815960	31.5907766
120.7815972	31.5907763
120.7815985	31.5907760
120.7815997	31.5907757
120.7816009	31.5907754
120.7816021	31.5907750
120.7816033	31.5907747
120.7816045	31.5907744
120.7816057	31.5907740
120.7816069	31.5907737
120.7816081	31.5907733
120.7816092	31.5907730
120.7816104	31.5907727
120.7816116	31.5907723
120.7816127	31.5907720
120.7816139	31.5907717
120.7816150	31.5907713
120.7816161	31.5907710
120.7816173	31.5907706
120.7816184	31.5907703
120.7816195	31.5907699
120.7816207	31.5907696
120.7816218	31.5907692
120.7816229	31.5907688
120.7816240	31.5907685
120.7816251	31.5907681
120.7816262	31.5907677
120.7816272	31.5907673
120.7816283	31.5907669
120.7816294	31.5907666
120.7816304	31.5907662
120.7816315	31.5907658
120.7816325	31.5907655
120.7816336	31.5907651
120.7816346	31.5907647
120.7816357	31.5907644
120.7816367	31.5907640
120.7816377	31.5907636
120.7816388	31.5907632
120.7816398	31.5907627
120.7816408	31.5907623
120.7816418	31.5907619
120.7816428	31.5907615
120.7816438	31.5907610
120.7816449	31.5907606
120.7816459	31.5907602
120.7816469	31.5907598
120.7816479	31.5907593
120.7816489	31.5907589
120.7816499	31.5907585
120.7816509	31.5907580
120.7816519	31.5907576
120.7816529	31.5907572
120.7816539	31.5907567
120.7816550	31.5907563
120.7816560	31.5907558
120.7816570	31.5907553
120.7816580	31.5907549
120.7816590	31.5907544
120.7816600	31.5907539
120.7816610	31.5907534
120.7816620	31.5907529
120.7816630	31.5907524
120.7816640	31.5907520
120.7816649	31.5907515
120.7816659	31.5907510
120.7816669	31.5907505
120.7816679	31.5907500
120.7816688	31.5907495
120.7816698	31.5907490
120.7816708	31.5907485
120.7816717	31.5907479
120.7816727	31.5907474
120.7816736	31.5907469
120.7816745	31.5907463
120.7816755	31.5907457
120.7816764	31.5907452
120.7816774	31.5907446
120.7816783	31.5907441
120.7816793	31.5907435
120.7816802	31.5907430
120.7816811	31.5907424
120.7816820	31.5907418
120.7816828	31.5907413
120.7816837	31.5907407
120.7816846	31.5907401
120.7816854	31.5907395
120.7816863	31.5907389
120.7816872	31.5907383
120.7816880	31.5907378
120.7816888	31.5907372
120.7816897	31.5907366
120.7816904	31.5907360
120.7816919	31.5907347
120.7816934	31.5907335
120.7816948	31.5907322
120.7816962	31.5907309
120.7816976	31.5907296
120.7816988	31.5907283
120.7817000	31.5907269
120.7817011	31.5907255
120.7817022	31.5907241
120.7817033	31.5907227
120.7817043	31.5907213
120.7817052	31.5907198
120.7817061	31.5907183
120.7817070	31.5907168
120.7817078	31.5907152
120.7817086	31.5907136
120.7817092	31.5907120
120.7817099	31.5907104
120.7817105	31.5907087
120.7817110	31.5907071
120.7817114	31.5907054
120.7817118	31.5907037
120.7817122	31.5907020
120.7817125	31.5907002
120.7817128	31.5906985
120.7817129	31.5906967
120.7817131	31.5906950
120.7817131	31.5906932
120.7817131	31.5906915
120.7817130	31.5906897
120.7817129	31.5906880
120.7817126	31.5906863
120.7817123	31.5906845
120.7817120	31.5906827
120.7817117	31.5906810
120.7817115	31.5906801
120.7817113	31.5906792
120.7817111	31.5906783
120.7817109	31.5906774
120.7817107	31.5906765
120.7817104	31.5906756
120.7817102	31.5906747
120.7817099	31.5906739
120.7817097	31.5906730
120.7817091	31.5906713
120.7817085	31.5906695
120.7817079	31.5906678
120.7817072	31.5906662
120.7817065	31.5906645
120.7817058	31.5906628
120.7817051	31.5906612
120.7817043	31.5906596
120.7817035	31.5906579
120.7817027	31.5906563
120.7817018	31.5906547
120.7817009	31.5906531
120.7817000	31.5906515
120.7816991	31.5906500
120.7816981	31.5906484
120.7816971	31.5906469
120.7816961	31.5906454
120.7816950	31.5906440
120.7816939	31.5906426
120.7816927	31.5906411
120.7816916	31.5906397
120.7816903	31.5906383
120.7816891	31.5906370
120.7816878	31.5906356
120.7816865	31.5906343
120.7816851	31.5906329
120.7816837	31.5906316
120.7816823	31.5906303
120.7816809	31.5906290
120.7816794	31.5906278
120.7816778	31.5906266
120.7816770	31.5906260
120.7816762	31.5906254
120.7816754	31.5906247
120.7816746	31.5906241
120.7816737	31.5906235
120.7816728	31.5906229
120.7816719	31.5906223
120.7816710	31.5906217
120.7816700	31.5906211
120.7816690	31.5906205
120.7816680	31.5906199
120.7816669	31.5906193
120.7816658	31.5906188
120.7816647	31.5906182
120.7816636	31.5906177
120.7816624	31.5906171
120.7816612	31.5906166
120.7816599	31.5906161
120.7816587	31.5906157
120.7816575	31.5906152
120.7816562	31.5906147
120.7816549	31.5906142
120.7816537	31.5906137
120.7816524	31.5906133
120.7816510	31.5906128
120.7816497	31.5906124
120.7816484	31.5906120
120.7816470	31.5906116
120.7816456	31.5906112
120.7816442	31.5906109
120.7816428	31.5906105
120.7816414	31.5906102
120.7816400	31.5906099
120.7816385	31.5906095
120.7816371	31.5906092
120.7816356	31.5906089
120.7816341	31.5906087
120.7816326	31.5906084
120.7816311	31.5906081
120.7816295	31.5906079
120.7816280	31.5906076
120.7816265	31.5906074
120.7816250	31.5906071
120.7816234	31.5906069
120.7816218	31.5906067
120.7816203	31.5906064
120.7816187	31.5906062
120.7816171	31.5906060
120.7816155	31.5906058
120.7816139	31.5906055
120.7816122	31.5906053
120.7816106	31.5906051
120.7816089	31.5906049
120.7816072	31.5906046
120.7816056	31.5906044
120.7816039	31.5906041
120.7816022	31.5906039
120.7816004	31.5906036
120.7815987	31.5906034
120.7815969	31.5906031
120.7815951	31.5906029
120.7815933	31.5906026
120.7815914	31.5906024
120.7815895	31.5906022
120.7815876	31.5906020
120.7815857	31.5906017
120.7815838	31.5906014
120.7815819	31.5906011
120.7815799	31.5906008
120.7815780	31.5906005
120.7815760	31.5906002
120.7815740	31.5905999
120.7815720	31.5905996
120.7815699	31.5905994
120.7815679	31.5905991
120.7815658	31.5905989
120.7815637	31.5905986
120.7815617	31.5905984
120.7815596	31.5905981
120.7815575	31.5905978
120.7815554	31.5905975
120.7815533	31.5905972
120.7815511	31.5905969
120.7815490	31.5905966
120.7815469	31.5905964
120.7815448	31.5905961
120.7815426	31.5905959
120.7815405	31.5905957
120.7815383	31.5905954
120.7815361	31.5905952
120.7815340	31.5905949
120.7815318	31.5905947
120.7815296	31.5905945
120.7815274	31.5905943
120.7815252	31.5905941
120.7815230	31.5905939
120.7815208	31.5905937
120.7815186	31.5905935
120.7815163	31.5905933
120.7815141	31.5905931
120.7815119	31.5905930
120.7815097	31.5905928
120.7815074	31.5905927
120.7815052	31.5905925
120.7815030	31.5905924
120.7815007	31.5905922
120.7814985	31.5905921
120.7814962	31.5905920
120.7814940	31.5905918
120.7814917	31.5905917
120.7814895	31.5905916
120.7814872	31.5905915
120.7814850	31.5905914
120.7814827	31.5905913
120.7814805	31.5905912
120.7814783	31.5905911
120.7814761	31.5905910
120.7814738	31.5905909
120.7814716	31.5905908
120.7814694	31.5905908
120.7814671	31.5905907
120.7814649	31.5905906
120.7814627	31.5905905
120.7814604	31.5905904
120.7814582	31.5905903
120.7814560	31.5905903
120.7814538	31.5905902
120.7814516	31.5905901
120.7814494	31.5905901
120.7814472	31.5905900
120.7814450	31.5905900
120.7814428	31.5905900
120.7814405	31.5905899
120.7814383	31.5905899
120.7814361	31.5905898
120.7814339	31.5905898
120.7814316	31.5905897
120.7814294	31.5905896
120.7814271	31.5905895
120.7814249	31.5905894
120.7814227	31.5905894
120.7814204	31.5905893
120.7814181	31.5905892
120.7814159	31.5905892
120.7814136	31.5905891
120.7814114	31.5905890
120.7814092	31.5905889
120.7814070	31.5905888
120.7814047	31.5905887
120.7814025	31.5905886
120.7814003	31.5905885
120.7813981	31.5905885
120.7813959	31.5905884
120.7813937	31.5905884
120.7813916	31.5905883
120.7813894	31.5905882
120.7813872	31.5905881
120.7813851	31.5905880
120.7813829	31.5905879
120.7813808	31.5905878
120.7813787	31.5905877
120.7813765	31.5905876
120.7813744	31.5905875
120.7813724	31.5905874
120.7813703	31.5905873
120.7813682	31.5905872
120.7813662	31.5905871
120.7813641	31.5905870
120.7813620	31.5905869
120.7813600	31.5905868
120.7813580	31.5905867
120.7813559	31.5905866
120.7813539	31.5905865
120.7813520	31.5905864
120.7813500	31.5905863
120.7813480	31.5905862
120.7813460	31.5905861
120.7813441	31.5905859
120.7813422	31.5905858
120.7813403	31.5905857
120.7813384	31.5905856
120.7813365	31.5905855
120.7813346	31.5905854
120.7813327	31.5905852
120.7813308	31.5905851
120.7813290	31.5905850
120.7813272	31.5905849
120.7813254	31.5905848
120.7813236	31.5905847
120.7813218	31.5905846
120.7813200	31.5905845
120.7813183	31.5905844
120.7813165	31.5905843
120.7813148	31.5905842
120.7813131	31.5905841
120.7813113	31.5905840
120.7813096	31.5905839
120.7813079	31.5905838
120.7813062	31.5905837
120.7813045	31.5905836
120.7813029	31.5905835
120.7813012	31.5905833
120.7812995	31.5905832
120.7812979	31.5905831
120.7812962	31.5905830
120.7812945	31.5905829
120.7812929	31.5905828
120.7812913	31.5905828
120.7812896	31.5905827
120.7812880	31.5905826
120.7812864	31.5905826
120.7812848	31.5905825
120.7812832	31.5905824
120.7812816	31.5905823
120.7812800	31.5905822
120.7812785	31.5905821
120.7812769	31.5905819
120.7812754	31.5905818
120.7812738	31.5905817
120.7812723	31.5905816
120.7812707	31.5905815
120.7812692	31.5905815
120.7812677	31.5905815
120.7812662	31.5905814
120.7812647	31.5905814
120.7812632	31.5905813
120.7812617	31.5905812
120.7812603	31.5905811
120.7812588	31.5905810
120.7812574	31.5905808
120.7812559	31.5905807
120.7812545	31.5905806
120.7812531	31.5905806
120.7812517	31.5905805
120.7812503	31.5905804
120.7812489	31.5905804
120.7812476	31.5905803
120.7812462	31.5905802
120.7812449	31.5905801
120.7812435	31.5905800
120.7812422	31.5905799
120.7812409	31.5905799
120.7812396	31.5905798
120.7812382	31.5905797
120.7812369	31.5905796
120.7812356	31.5905795
120.7812343	31.5905794
120.7812330	31.5905794
120.7812317	31.5905793
120.7812304	31.5905793
120.7812292	31.5905792
120.7812279	31.5905791
120.7812267	31.5905790
120.7812255	31.5905789
120.7812243	31.5905788
120.7812231	31.5905787
120.7812219	31.5905785
120.7812207	31.5905784
120.7812195	31.5905784
120.7812183	31.5905783
120.7812171	31.5905783
120.7812159	31.5905783
120.7812147	31.5905782
120.7812135	31.5905782
120.7812123	31.5905781
120.7812111	31.5905780
120.7812099	31.5905779
120.7812087	31.5905779
120.7812075	31.5905778
120.7812063	31.5905778
120.7812052	31.5905777
120.7812040	31.5905776
120.7812028	31.5905775
120.7812016	31.5905774
120.7812004	31.5905773
120.7811993	31.5905772
120.7811981	31.5905771
120.7811969	31.5905770
120.7811957	31.5905770
120.7811945	31.5905769
120.7811934	31.5905769
120.7811922	31.5905768
120.7811910	31.5905768
120.7811898	31.5905767
120.7811887	31.5905767
120.7811875	31.5905766
120.7811863	31.5905765
120.7811851	31.5905764
120.7811839	31.5905763
120.7811827	31.5905762
120.7811815	31.5905761
120.7811803	31.5905760
120.7811791	31.5905759
120.7811778	31.5905758
120.7811766	31.5905758
120.7811754	31.5905757
120.7811741	31.5905756
120.7811729	31.5905756
120.7811716	31.5905755
120.7811703	31.5905754
120.7811690	31.5905753
120.7811677	31.5905752
120.7811664	31.5905752
120.7811651	31.5905751
120.7811638	31.5905749
120.7811625	31.5905748
120.7811612	31.5905747
120.7811598	31.5905746
120.7811585	31.5905745
120.7811571	31.5905744
120.7811558	31.5905744
120.7811544	31.5905743
120.7811530	31.5905742
120.7811517	31.5905741
120.7811503	31.5905740
120.7811489	31.5905739
120.7811475	31.5905738
120.7811461	31.5905737
120.7811447	31.5905736
120.7811433	31.5905735
120.7811419	31.5905735
120.7811404	31.5905734
120.7811390	31.5905733
120.7811376	31.5905732
120.7811362	31.5905731
120.7811348	31.5905730
120.7811333	31.5905729
120.7811319	31.5905728
120.7811305	31.5905726
120.7811291	31.5905725
120.7811277	31.5905724
120.7811263	31.5905722
120.7811248	31.5905721
120.7811234	31.5905720
120.7811220	31.5905719
120.7811205	31.5905718
120.7811191	31.5905717
120.7811177	31.5905716
120.7811163	31.5905714
120.7811149	31.5905713
120.7811135	31.5905712
120.7811120	31.5905710
120.7811106	31.5905708
120.7811092	31.5905706
120.7811078	31.5905704
120.7811064	31.5905702
120.7811050	31.5905700
120.7811036	31.5905697
120.7811022	31.5905695
120.7811007	31.5905693
120.7810993	31.5905691
120.7810979	31.5905688
120.7810965	31.5905686
120.7810951	31.5905684
120.7810937	31.5905681
120.7810923	31.5905679
120.7810909	31.5905677
120.7810895	31.5905674
120.7810881	31.5905672
120.7810867	31.5905669
120.7810853	31.5905667
120.7810839	31.5905664
120.7810825	31.5905661
120.7810811	31.5905658
120.7810798	31.5905655
120.7810784	31.5905652
120.7810770	31.5905649
120.7810757	31.5905645
120.7810743	31.5905642
120.7810729	31.5905639
120.7810716	31.5905636
120.7810702	31.5905633
120.7810689	31.5905630
120.7810675	31.5905627
120.7810662	31.5905624
120.7810648	31.5905620
120.7810635	31.5905617
120.7810622	31.5905613
120.7810609	31.5905610
120.7810596	31.5905606
120.7810583	31.5905602
120.7810570	31.5905598
120.7810556	31.5905594
120.7810543	31.5905590
120.7810530	31.5905586
120.7810518	31.5905582
120.7810505	31.5905578
120.7810492	31.5905574
120.7810479	31.5905570
120.7810466	31.5905567
120.7810454	31.5905563
120.7810442	31.5905559
120.7810430	31.5905555
120.7810418	31.5905550
120.7810406	31.5905546
120.7810394	31.5905541
