120.7805208	31.5911071
120.7805196	31.5911069
120.7805184	31.5911068
120.7805171	31.5911066
120.7805156	31.5911063
120.7805142	31.5911059
120.7805126	31.5911055
120.7805113	31.5911051
120.7805098	31.5911046
120.7805081	31.5911041
120.7805069	31.5911035
120.7805057	31.5911029
120.7805043	31.5911023
120.7805029	31.5911017
120.7805015	31.5911010
120.7805000	31.5911002
120.7804986	31.5910993
120.7804971	31.5910984
120.7804957	31.5910974
120.7804943	31.5910965
120.7804930	31.5910954
120.7804916	31.5910943
120.7804903	31.5910931
120.7804891	31.5910918
120.7804879	31.5910905
120.7804867	31.5910891
120.7804855	31.5910877
120.7804844	31.5910862
120.7804833	31.5910848
120.7804822	31.5910833
120.7804812	31.5910818
120.7804802	31.5910803
120.7804792	31.5910788
120.7804783	31.5910772
120.7804775	31.5910757
120.7804767	31.5910741
120.7804759	31.5910725
120.7804752	31.5910708
120.7804746	31.5910692
120.7804739	31.5910675
120.7804734	31.5910658
120.7804729	31.5910642
120.7804724	31.5910625
120.7804719	31.5910608
120.7804716	31.5910591
120.7804713	31.5910574
120.7804710	31.5910556
120.7804707	31.5910538
120.7804705	31.5910519
120.7804704	31.5910501
120.7804703	31.5910483
120.7804702	31.5910464
120.7804702	31.5910446
120.7804703	31.5910427
120.7804704	31.5910408
120.7804706	31.5910389
120.7804707	31.5910371
120.7804709	31.5910352
120.7804712	31.5910333
120.7804717	31.5910314
120.7804722	31.5910295
120.7804727	31.5910276
120.7804732	31.5910256
120.7804737	31.5910236
120.7804743	31.5910216
120.7804747	31.5910206
120.7804750	31.5910195
120.7804754	31.5910185
120.7804758	31.5910175
120.7804762	31.5910165
120.7804766	31.5910155
120.7804771	31.5910145
120.7804775	31.5910135
120.7804780	31.5910124
120.7804785	31.5910114
120.7804789	31.5910104
120.7804794	31.5910093
120.7804799	31.5910083
120.7804804	31.5910073
120.7804809	31.5910062
120.7804814	31.5910052
120.7804819	31.5910042
120.7804824	31.5910032
120.7804830	31.5910022
120.7804835	31.5910011
120.7804841	31.5910002
120.7804847	31.5909992
120.7804853	31.5909982
120.7804859	31.5909972
120.7804866	31.5909962
120.7804872	31.5909952
120.7804878	31.5909943
120.7804885	31.5909933
120.7804892	31.5909924
120.7804898	31.5909914
120.7804904	31.5909905
120.7804910	31.5909895
120.7804916	31.5909886
120.7804923	31.5909877
120.7804929	31.5909867
120.7804935	31.5909858
120.7804942	31.5909849
120.7804949	31.5909840
120.7804955	31.5909831
120.7804962	31.5909822
120.7804969	31.5909814
120.7804977	31.5909805
120.7804984	31.5909797
120.7804992	31.5909788
120.7805000	31.5909780
120.7805008	31.5909772
120.7805016	31.5909764
120.7805024	31.5909756
120.7805040	31.5909739
120.7805050	31.5909731
120.7805060	31.5909723
120.7805070	31.5909715
120.7805080	31.5909708
120.7805091	31.5909700
120.7805101	31.5909693
120.7805112	31.5909685
120.7805123	31.5909678
120.7805134	31.5909671
120.7805145	31.5909664
120.7805157	31.5909657
120.7805168	31.5909650
120.7805179	31.5909643
120.7805191	31.5909637
120.7805202	31.5909630
120.7805213	31.5909623
120.7805225	31.5909617
120.7805237	31.5909610
120.7805248	31.5909604
120.7805260	31.5909597
120.7805272	31.5909592
120.7805284	31.5909586
120.7805296	31.5909580
120.7805309	31.5909575
120.7805321	31.5909569
120.7805334	31.5909564
120.7805346	31.5909559
120.7805359	31.5909554
120.7805372	31.5909549
120.7805385	31.5909544
120.7805398	31.5909538
120.7805411	31.5909533
120.7805424	31.5909528
120.7805438	31.5909523
120.7805452	31.5909518
120.7805465	31.5909514
120.7805479	31.5909509
120.7805493	31.5909504
120.7805507	31.5909499
120.7805520	31.5909494
120.7805534	31.5909489
120.7805547	31.5909484
120.7805561	31.5909479
120.7805575	31.5909475
120.7805589	31.5909470
120.7805603	31.5909465
120.7805617	31.5909460
120.7805631	31.5909456
120.7805646	31.5909452
120.7805660	31.5909447
120.7805675	31.5909443
120.7805690	31.5909439
120.7805705	31.5909435
120.7805720	31.5909431
120.7805734	31.5909426
120.7805749	31.5909422
120.7805764	31.5909418
120.7805779	31.5909413
120.7805794	31.5909409
120.7805809	31.5909404
120.7805824	31.5909399
120.7805840	31.5909394
120.7805855	31.5909390
120.7805871	31.5909385
120.7805887	31.5909381
120.7805903	31.5909377
120.7805919	31.5909372
120.7805935	31.5909368
120.7805952	31.5909363
120.7805968	31.5909359
120.7805985	31.5909354
120.7806002	31.5909349
120.7806018	31.5909344
120.7806035	31.5909339
120.7806052	31.5909335
120.7806069	31.5909330
120.7806087	31.5909326
120.7806104	31.5909321
120.7806121	31.5909317
120.7806139	31.5909312
120.7806157	31.5909308
120.7806176	31.5909303
120.7806194	31.5909298
120.7806212	31.5909294
120.7806230	31.5909289
120.7806249	31.5909284
120.7806267	31.5909280
120.7806286	31.5909275
120.7806305	31.5909270
120.7806324	31.5909266
120.7806343	31.5909261
120.7806362	31.5909256
120.7806381	31.5909252
120.7806401	31.5909247
120.7806420	31.5909242
120.7806440	31.5909238
120.7806459	31.5909233
120.7806479	31.5909229
120.7806498	31.5909224
120.7806518	31.5909220
120.7806539	31.5909216
120.7806559	31.5909212
120.7806580	31.5909207
120.7806601	31.5909203
120.7806621	31.5909198
120.7806642	31.5909194
120.7806663	31.5909190
120.7806685	31.5909186
120.7806706	31.5909182
120.7806728	31.5909178
120.7806749	31.5909174
120.7806771	31.5909170
120.7806792	31.5909166
120.7806813	31.5909162
120.7806835	31.5909158
120.7806857	31.5909153
120.7806878	31.5909149
120.7806900	31.5909145
120.7806922	31.5909141
120.7806944	31.5909138
120.7806966	31.5909134
120.7806988	31.5909130
120.7807010	31.5909127
120.7807032	31.5909123
120.7807054	31.5909119
120.7807077	31.5909116
120.7807099	31.5909112
120.7807121	31.5909109
120.7807143	31.5909105
120.7807165	31.5909101
120.7807187	31.5909097
120.7807209	31.5909093
120.7807231	31.5909090
120.7807253	31.5909086
120.7807275	31.5909083
120.7807298	31.5909080
120.7807320	31.5909076
120.7807342	31.5909073
120.7807364	31.5909069
120.7807386	31.5909065
120.7807408	31.5909062
120.7807430	31.5909058
120.7807451	31.5909054
120.7807473	31.5909051
120.7807495	31.5909047
120.7807517	31.5909044
120.7807539	31.5909041
120.7807561	31.5909037
120.7807583	31.5909034
120.7807604	31.5909030
120.7807626	31.5909027
120.7807648	31.5909024
120.7807670	31.5909020
120.7807692	31.5909017
120.7807713	31.5909014
120.7807735	31.5909010
120.7807757	31.5909007
120.7807778	31.5909004
120.7807800	31.5909000
120.7807822	31.5908997
120.7807844	31.5908994
120.7807865	31.5908990
120.7807887	31.5908987
120.7807908	31.5908983
120.7807930	31.5908979
120.7807952	31.5908976
120.7807973	31.5908972
120.7807995	31.5908968
120.7808017	31.5908965
120.7808038	31.5908961
120.7808060	31.5908958
120.7808081	31.5908954
120.7808103	31.5908950
120.7808125	31.5908946
120.7808146	31.5908943
120.7808168	31.5908939
120.7808189	31.5908935
120.7808211	31.5908931
120.7808233	31.5908927
120.7808255	31.5908924
120.7808277	31.5908921
120.7808298	31.5908917
120.7808320	31.5908914
120.7808342	31.5908910
120.7808364	31.5908907
120.7808386	31.5908903
120.7808408	31.5908900
120.7808429	31.5908896
120.7808451	31.5908893
120.7808473	31.5908889
120.7808495	31.5908885
120.7808517	31.5908882
120.7808539	31.5908879
120.7808561	31.5908875
120.7808583	31.5908872
120.7808605	31.5908869
120.7808627	31.5908865
120.7808649	31.5908861
120.7808671	31.5908857
120.7808693	31.5908854
120.7808715	31.5908850
120.7808737	31.5908846
120.7808760	31.5908843
120.7808782	31.5908839
120.7808804	31.5908836
120.7808826	31.5908832
120.7808848	31.5908829
120.7808870	31.5908825
120.7808892	31.5908821
120.7808914	31.5908818
120.7808935	31.5908814
120.7808957	31.5908811
120.7808978	31.5908807
120.7808999	31.5908804
120.7809020	31.5908800
120.7809041	31.5908797
120.7809062	31.5908794
120.7809083	31.5908790
120.7809103	31.5908787
120.7809123	31.5908783
120.7809142	31.5908780
120.7809161	31.5908777
120.7809180	31.5908773
120.7809198	31.5908770
120.7809217	31.5908767
120.7809235	31.5908765
120.7809254	31.5908762
120.7809272	31.5908759
120.7809291	31.5908756
120.7809309	31.5908752
120.7809327	31.5908749
120.7809345	31.5908746
120.7809362	31.5908743
120.7809380	31.5908740
120.7809399	31.5908737
120.7809417	31.5908733
120.7809435	31.5908730
120.7809454	31.5908727
120.7809473	31.5908724
120.7809492	31.5908721
120.7809512	31.5908718
120.7809532	31.5908715
120.7809551	31.5908712
120.7809571	31.5908709
120.7809591	31.5908705
120.7809611	31.5908702
120.7809630	31.5908699
120.7809650	31.5908695
120.7809670	31.5908692
120.7809690	31.5908688
120.7809710	31.5908685
120.7809730	31.5908682
120.7809751	31.5908679
120.7809771	31.5908676
120.7809792	31.5908673
120.7809813	31.5908670
120.7809834	31.5908666
120.7809855	31.5908663
120.7809876	31.5908659
120.7809898	31.5908655
120.7809920	31.5908652
120.7809941	31.5908648
120.7809963	31.5908645
120.7809985	31.5908641
120.7810008	31.5908638
120.7810030	31.5908635
120.7810052	31.5908631
120.7810074	31.5908627
120.7810096	31.5908623
120.7810118	31.5908620
120.7810141	31.5908616
120.7810163	31.5908613
120.7810185	31.5908609
120.7810208	31.5908606
120.7810230	31.5908603
120.7810253	31.5908599
120.7810275	31.5908596
120.7810297	31.5908592
120.7810319	31.5908588
120.7810341	31.5908585
120.7810362	31.5908582
120.7810383	31.5908579
120.7810404	31.5908576
120.7810425	31.5908573
120.7810447	31.5908570
120.7810469	31.5908566
120.7810490	31.5908563
120.7810512	31.5908560
120.7810534	31.5908556
120.7810556	31.5908552
120.7810578	31.5908548
120.7810600	31.5908545
120.7810622	31.5908541
120.7810645	31.5908538
120.7810667	31.5908535
120.7810689	31.5908532
120.7810711	31.5908528
120.7810734	31.5908525
120.7810757	31.5908522
120.7810780	31.5908518
120.7810805	31.5908514
120.7810830	31.5908510
120.7810854	31.5908506
120.7810880	31.5908503
120.7810905	31.5908499
120.7810930	31.5908496
120.7810955	31.5908492
120.7810980	31.5908489
120.7811005	31.5908485
120.7811031	31.5908482
120.7811056	31.5908478
120.7811081	31.5908475
120.7811106	31.5908471
120.7811131	31.5908467
120.7811156	31.5908464
120.7811181	31.5908460
120.7811206	31.5908456
120.7811231	31.5908453
120.7811256	31.5908450
120.7811280	31.5908446
120.7811303	31.5908443
120.7811325	31.5908440
120.7811348	31.5908437
120.7811370	31.5908433
120.7811392	31.5908430
120.7811414	31.5908427
120.7811436	31.5908424
120.7811458	31.5908421
120.7811480	31.5908418
120.7811501	31.5908415
120.7811523	31.5908412
120.7811545	31.5908409
120.7811566	31.5908406
120.7811587	31.5908403
120.7811608	31.5908400
120.7811629	31.5908397
120.7811650	31.5908394
120.7811671	31.5908391
120.7811692	31.5908389
120.7811713	31.5908386
120.7811735	31.5908383
120.7811756	31.5908380
120.7811778	31.5908377
120.7811800	31.5908374
120.7811822	31.5908371
120.7811844	31.5908368
120.7811865	31.5908365
120.7811887	31.5908362
120.7811909	31.5908358
120.7811932	31.5908355
120.7811954	31.5908352
120.7811976	31.5908348
120.7811999	31.5908345
120.7812021	31.5908342
120.7812044	31.5908339
120.7812066	31.5908336
120.7812089	31.5908333
120.7812111	31.5908329
120.7812134	31.5908326
120.7812157	31.5908323
120.7812180	31.5908319
120.7812203	31.5908316
120.7812227	31.5908312
120.7812250	31.5908309
120.7812273	31.5908305
120.7812296	31.5908302
120.7812320	31.5908299
120.7812343	31.5908295
120.7812367	31.5908292
120.7812390	31.5908288
120.7812413	31.5908285
120.7812436	31.5908282
120.7812459	31.5908279
120.7812482	31.5908276
120.7812505	31.5908273
120.7812528	31.5908269
120.7812551	31.5908266
120.7812573	31.5908262
120.7812596	31.5908259
120.7812618	31.5908255
120.7812640	31.5908252
120.7812661	31.5908249
120.7812683	31.5908246
120.7812704	31.5908244
120.7812726	31.5908241
120.7812747	31.5908238
120.7812769	31.5908234
120.7812790	31.5908231
120.7812811	31.5908228
120.7812832	31.5908225
120.7812853	31.5908221
120.7812875	31.5908218
120.7812896	31.5908215
120.7812917	31.5908212
120.7812938	31.5908209
120.7812960	31.5908207
120.7812981	31.5908204
120.7813002	31.5908201
120.7813023	31.5908197
120.7813043	31.5908194
120.7813065	31.5908191
120.7813086	31.5908188
120.7813107	31.5908185
120.7813128	31.5908182
120.7813149	31.5908179
120.7813170	31.5908177
120.7813191	31.5908174
120.7813212	31.5908171
120.7813232	31.5908169
120.7813253	31.5908166
120.7813273	31.5908163
120.7813293	31.5908161
120.7813314	31.5908158
120.7813334	31.5908156
120.7813353	31.5908153
120.7813373	31.5908151
120.7813392	31.5908148
120.7813412	31.5908146
120.7813431	31.5908143
120.7813451	31.5908140
120.7813470	31.5908138
120.7813489	31.5908135
120.7813508	31.5908133
120.7813528	31.5908130
120.7813547	31.5908128
120.7813566	31.5908125
120.7813586	31.5908123
120.7813605	31.5908120
120.7813624	31.5908117
120.7813643	31.5908115
120.7813662	31.5908113
120.7813681	31.5908110
120.7813701	31.5908107
120.7813720	31.5908105
120.7813739	31.5908102
120.7813759	31.5908099
120.7813778	31.5908097
120.7813798	31.5908094
120.7813817	31.5908092
120.7813838	31.5908089
120.7813859	31.5908086
120.7813880	31.5908083
120.7813901	31.5908080
120.7813923	31.5908077
120.7813944	31.5908074
120.7813966	31.5908072
120.7813988	31.5908069
120.7814010	31.5908066
120.7814032	31.5908063
120.7814054	31.5908060
120.7814076	31.5908057
120.7814098	31.5908054
120.7814120	31.5908051
120.7814142	31.5908048
120.7814164	31.5908045
120.7814186	31.5908042
120.7814208	31.5908039
120.7814230	31.5908036
120.7814252	31.5908033
120.7814273	31.5908030
120.7814294	31.5908027
120.7814315	31.5908024
120.7814335	31.5908021
120.7814356	31.5908018
120.7814376	31.5908015
120.7814397	31.5908012
120.7814417	31.5908009
120.7814438	31.5908006
120.7814458	31.5908003
120.7814478	31.5908001
120.7814498	31.5907998
120.7814518	31.5907995
120.7814539	31.5907992
120.7814559	31.5907989
120.7814579	31.5907986
120.7814599	31.5907983
120.7814618	31.5907980
120.7814638	31.5907977
120.7814658	31.5907974
120.7814678	31.5907971
120.7814698	31.5907968
120.7814717	31.5907966
120.7814737	31.5907963
120.7814756	31.5907960
120.7814776	31.5907958
120.7814795	31.5907955
120.7814815	31.5907952
120.7814834	31.5907949
120.7814854	31.5907946
120.7814873	31.5907943
120.7814892	31.5907940
120.7814911	31.5907937
120.7814930	31.5907934
120.7814949	31.5907932
120.7814969	31.5907929
120.7814988	31.5907927
120.7815007	31.5907924
120.7815026	31.5907922
120.7815045	31.5907919
120.7815064	31.5907916
120.7815084	31.5907914
120.7815103	31.5907912
120.7815122	31.5907909
120.7815141	31.5907907
120.7815160	31.5907904
120.7815180	31.5907902
120.7815199	31.5907899
120.7815218	31.5907897
120.7815237	31.5907895
120.7815256	31.5907893
120.7815276	31.5907890
120.7815295	31.5907888
120.7815314	31.5907886
120.7815333	31.5907883
120.7815352	31.5907881
120.7815372	31.5907878
120.7815391	31.5907876
120.7815410	31.5907874
120.7815430	31.5907871
120.7815449	31.5907869
120.7815469	31.5907866
120.7815488	31.5907863
120.7815508	31.5907860
120.7815527	31.5907857
120.7815547	31.5907854
120.7815566	31.5907851
120.7815586	31.5907849
120.7815606	31.5907846
120.7815626	31.5907843
120.7815645	31.5907840
120.7815665	31.5907838
120.7815685	31.5907835
120.7815705	31.5907832
120.7815724	31.5907830
120.7815744	31.5907827
120.7815763	31.5907824
120.7815783	31.5907821
120.7815802	31.5907818
120.7815820	31.5907815
120.7815839	31.5907812
120.7815857	31.5907809
120.7815875	31.5907807
120.7815892	31.5907804
120.7815910	31.5907802
120.7815927	31.5907799
120.7815944	31.5907797
120.7815962	31.5907794
120.7815978	31.5907792
120.7815995	31.5907789
120.7816011	31.5907786
120.7816028	31.5907783
120.7816044	31.5907780
120.7816060	31.5907778
120.7816077	31.5907775
120.7816093	31.5907773
120.7816109	31.5907770
120.7816125	31.5907768
120.7816141	31.5907765
120.7816157	31.5907763
120.7816173	31.5907760
120.7816189	31.5907758
120.7816204	31.5907755
120.7816220	31.5907752
120.7816235	31.5907749
120.7816251	31.5907746
120.7816266	31.5907743
120.7816281	31.5907741
120.7816297	31.5907738
120.7816312	31.5907736
120.7816328	31.5907733
120.7816343	31.5907731
120.7816359	31.5907728
120.7816374	31.5907726
120.7816389	31.5907723
120.7816404	31.5907720
120.7816419	31.5907717
120.7816434	31.5907713
120.7816448	31.5907710
120.7816463	31.5907707
120.7816477	31.5907703
120.7816491	31.5907699
120.7816505	31.5907696
120.7816519	31.5907692
120.7816533	31.5907688
120.7816547	31.5907684
120.7816561	31.5907681
120.7816575	31.5907677
120.7816588	31.5907673
120.7816602	31.5907669
120.7816615	31.5907665
120.7816629	31.5907661
120.7816642	31.5907656
120.7816655	31.5907652
120.7816668	31.5907647
120.7816681	31.5907642
120.7816694	31.5907638
120.7816707	31.5907632
120.7816720	31.5907627
120.7816732	31.5907622
120.7816745	31.5907616
120.7816758	31.5907610
120.7816770	31.5907604
120.7816783	31.5907598
120.7816796	31.5907592
120.7816808	31.5907585
120.7816820	31.5907579
120.7816833	31.5907572
120.7816845	31.5907565
120.7816857	31.5907558
120.7816868	31.5907551
120.7816880	31.5907543
120.7816892	31.5907536
120.7816903	31.5907528
120.7816915	31.5907520
120.7816926	31.5907512
120.7816937	31.5907504
120.7816949	31.5907496
120.7816960	31.5907488
120.7816971	31.5907479
120.7816982	31.5907471
120.7816992	31.5907461
120.7817002	31.5907452
120.7817012	31.5907442
120.7817022	31.5907433
120.7817031	31.5907423
120.7817041	31.5907413
120.7817050	31.5907404
120.7817059	31.5907394
120.7817068	31.5907384
120.7817077	31.5907373
120.7817087	31.5907363
120.7817095	31.5907353
120.7817104	31.5907343
120.7817112	31.5907332
120.7817120	31.5907321
120.7817128	31.5907310
120.7817136	31.5907299
120.7817144	31.5907288
120.7817151	31.5907276
120.7817158	31.5907265
120.7817165	31.5907255
120.7817172	31.5907244
120.7817178	31.5907233
120.7817185	31.5907222
120.7817191	31.5907211
120.7817197	31.5907199
120.7817203	31.5907188
120.7817209	31.5907176
120.7817214	31.5907165
120.7817219	31.5907153
120.7817224	31.5907141
120.7817229	31.5907129
120.7817233	31.5907117
120.7817238	31.5907105
120.7817243	31.5907093
120.7817247	31.5907080
120.7817251	31.5907068
120.7817255	31.5907056
120.7817258	31.5907043
120.7817261	31.5907031
120.7817264	31.5907019
120.7817266	31.5907006
120.7817268	31.5906994
120.7817270	31.5906982
120.7817272	31.5906970
120.7817274	31.5906957
120.7817276	31.5906945
120.7817278	31.5906932
120.7817279	31.5906920
120.7817279	31.5906907
120.7817280	31.5906895
120.7817280	31.5906882
120.7817280	31.5906870
120.7817280	31.5906857
120.7817279	31.5906845
120.7817278	31.5906832
120.7817277	31.5906820
120.7817275	31.5906807
120.7817274	31.5906794
120.7817272	31.5906782
120.7817270	31.5906770
120.7817267	31.5906757
120.7817264	31.5906745
120.7817261	31.5906733
120.7817258	31.5906721
120.7817254	31.5906708
120.7817250	31.5906696
120.7817246	31.5906684
120.7817241	31.5906672
120.7817236	31.5906660
120.7817231	31.5906647
120.7817226	31.5906635
120.7817220	31.5906623
120.7817215	31.5906611
120.7817209	31.5906599
120.7817203	31.5906587
120.7817197	31.5906575
120.7817191	31.5906563
120.7817185	31.5906552
120.7817178	31.5906540
120.7817172	31.5906528
120.7817166	31.5906517
120.7817160	31.5906505
120.7817153	31.5906494
120.7817147	31.5906483
120.7817140	31.5906471
120.7817133	31.5906460
120.7817125	31.5906449
120.7817118	31.5906438
120.7817111	31.5906427
120.7817103	31.5906416
120.7817095	31.5906406
120.7817086	31.5906395
120.7817078	31.5906385
120.7817069	31.5906375
120.7817060	31.5906364
120.7817051	31.5906354
120.7817042	31.5906344
120.7817033	31.5906335
120.7817024	31.5906325
120.7817014	31.5906315
120.7817005	31.5906306
120.7816995	31.5906296
120.7816986	31.5906287
120.7816976	31.5906278
120.7816966	31.5906269
120.7816956	31.5906260
120.7816945	31.5906251
120.7816935	31.5906242
120.7816925	31.5906234
120.7816914	31.5906225
120.7816903	31.5906217
120.7816893	31.5906208
120.7816882	31.5906199
120.7816872	31.5906191
120.7816861	31.5906182
120.7816850	31.5906174
120.7816839	31.5906166
120.7816828	31.5906158
120.7816817	31.5906151
120.7816805	31.5906143
120.7816794	31.5906135
120.7816782	31.5906127
120.7816770	31.5906120
120.7816759	31.5906112
120.7816747	31.5906105
120.7816735	31.5906097
120.7816724	31.5906089
120.7816712	31.5906082
120.7816700	31.5906074
120.7816688	31.5906066
120.7816676	31.5906059
120.7816663	31.5906052
120.7816651	31.5906045
120.7816638	31.5906038
120.7816625	31.5906032
120.7816611	31.5906026
120.7816598	31.5906019
120.7816585	31.5906013
120.7816571	31.5906007
120.7816557	31.5906002
120.7816542	31.5905996
120.7816528	31.5905990
120.7816513	31.5905984
120.7816499	31.5905979
120.7816484	31.5905973
120.7816469	31.5905968
120.7816455	31.5905963
120.7816440	31.5905958
120.7816424	31.5905954
120.7816409	31.5905949
120.7816394	31.5905945
120.7816379	31.5905942
120.7816363	31.5905938
120.7816348	31.5905934
120.7816332	31.5905930
120.7816316	31.5905927
120.7816300	31.5905923
120.7816284	31.5905920
120.7816268	31.5905917
120.7816251	31.5905914
120.7816235	31.5905912
120.7816218	31.5905909
120.7816202	31.5905907
120.7816185	31.5905904
120.7816168	31.5905902
120.7816151	31.5905900
120.7816134	31.5905898
120.7816117	31.5905896
120.7816100	31.5905895
120.7816082	31.5905893
120.7816065	31.5905892
120.7816048	31.5905891
120.7816030	31.5905890
120.7816013	31.5905889
120.7815995	31.5905888
120.7815978	31.5905887
120.7815960	31.5905886
120.7815942	31.5905885
120.7815924	31.5905884
120.7815906	31.5905883
120.7815888	31.5905882
120.7815870	31.5905880
120.7815852	31.5905879
120.7815834	31.5905878
120.7815816	31.5905878
120.7815798	31.5905877
120.7815780	31.5905876
120.7815762	31.5905876
120.7815743	31.5905875
120.7815725	31.5905875
120.7815706	31.5905874
120.7815688	31.5905873
120.7815670	31.5905872
120.7815651	31.5905871
120.7815633	31.5905870
120.7815614	31.5905870
120.7815595	31.5905869
120.7815577	31.5905869
120.7815558	31.5905869
120.7815539	31.5905869
120.7815520	31.5905868
120.7815500	31.5905867
120.7815481	31.5905866
120.7815461	31.5905865
120.7815442	31.5905864
120.7815422	31.5905863
120.7815403	31.5905862
120.7815383	31.5905860
120.7815363	31.5905859
120.7815343	31.5905859
120.7815323	31.5905858
120.7815303	31.5905858
120.7815284	31.5905857
120.7815264	31.5905856
120.7815244	31.5905855
120.7815223	31.5905854
120.7815203	31.5905854
120.7815183	31.5905853
120.7815163	31.5905852
120.7815142	31.5905851
120.7815121	31.5905851
120.7815101	31.5905850
120.7815080	31.5905850
120.7815059	31.5905849
120.7815037	31.5905849
120.7815016	31.5905848
120.7814995	31.5905848
120.7814973	31.5905847
120.7814952	31.5905846
120.7814930	31.5905846
120.7814909	31.5905845
120.7814887	31.5905845
120.7814866	31.5905844
120.7814844	31.5905843
120.7814822	31.5905843
120.7814801	31.5905842
120.7814779	31.5905841
120.7814757	31.5905840
120.7814735	31.5905839
120.7814714	31.5905839
120.7814692	31.5905838
120.7814670	31.5905838
120.7814648	31.5905837
120.7814627	31.5905836
120.7814605	31.5905836
120.7814583	31.5905835
120.7814561	31.5905834
120.7814540	31.5905833
120.7814518	31.5905833
120.7814496	31.5905832
120.7814474	31.5905831
120.7814453	31.5905830
120.7814431	31.5905829
120.7814409	31.5905828
120.7814387	31.5905827
120.7814366	31.5905826
120.7814344	31.5905825
120.7814323	31.5905824
120.7814301	31.5905824
120.7814279	31.5905823
120.7814257	31.5905823
120.7814235	31.5905823
120.7814213	31.5905822
120.7814191	31.5905822
120.7814170	31.5905821
120.7814148	31.5905821
120.7814126	31.5905820
120.7814104	31.5905820
120.7814082	31.5905820
120.7814061	31.5905819
120.7814039	31.5905818
120.7814017	31.5905817
120.7813995	31.5905816
120.7813973	31.5905815
120.7813951	31.5905814
120.7813930	31.5905814
120.7813908	31.5905813
120.7813886	31.5905813
120.7813864	31.5905813
120.7813842	31.5905812
120.7813820	31.5905812
120.7813798	31.5905812
120.7813777	31.5905811
120.7813755	31.5905811
120.7813733	31.5905810
120.7813711	31.5905809
120.7813688	31.5905809
120.7813666	31.5905809
120.7813644	31.5905808
120.7813622	31.5905808
120.7813600	31.5905808
120.7813579	31.5905807
120.7813557	31.5905807
120.7813535	31.5905806
120.7813512	31.5905806
120.7813490	31.5905805
120.7813468	31.5905804
120.7813446	31.5905804
120.7813424	31.5905804
120.7813403	31.5905803
120.7813381	31.5905803
120.7813359	31.5905803
120.7813337	31.5905802
120.7813315	31.5905802
120.7813294	31.5905801
120.7813272	31.5905801
120.7813250	31.5905800
120.7813229	31.5905800
120.7813207	31.5905799
120.7813185	31.5905799
120.7813164	31.5905799
120.7813142	31.5905798
120.7813121	31.5905798
120.7813099	31.5905797
120.7813078	31.5905797
120.7813057	31.5905796
120.7813035	31.5905796
120.7813014	31.5905795
120.7812993	31.5905795
120.7812972	31.5905795
120.7812951	31.5905794
120.7812930	31.5905793
120.7812909	31.5905792
120.7812888	31.5905791
120.7812868	31.5905790
120.7812848	31.5905789
120.7812828	31.5905789
120.7812809	31.5905788
120.7812790	31.5905787
120.7812772	31.5905787
120.7812753	31.5905787
120.7812736	31.5905786
120.7812718	31.5905786
120.7812701	31.5905785
120.7812684	31.5905784
120.7812667	31.5905783
120.7812651	31.5905782
120.7812635	31.5905781
120.7812620	31.5905781
120.7812605	31.5905780
120.7812590	31.5905779
120.7812575	31.5905779
120.7812561	31.5905778
120.7812547	31.5905778
120.7812534	31.5905778
120.7812521	31.5905777
120.7812508	31.5905777
120.7812496	31.5905776
120.7812483	31.5905775
120.7812472	31.5905774
120.7812460	31.5905773
120.7812449	31.5905772
120.7812438	31.5905771
120.7812427	31.5905771
120.7812406	31.5905770
120.7812386	31.5905769
120.7812367	31.5905768
120.7812348	31.5905768
120.7812330	31.5905767
120.7812311	31.5905767
120.7812292	31.5905767
120.7812273	31.5905767
120.7812254	31.5905766
120.7812235	31.5905765
120.7812215	31.5905765
120.7812196	31.5905766
120.7812177	31.5905765
120.7812157	31.5905765
120.7812137	31.5905763
120.7812117	31.5905762
120.7812098	31.5905762
120.7812078	31.5905762
120.7812058	31.5905762
120.7812037	31.5905762
120.7812017	31.5905761
120.7811997	31.5905760
120.7811977	31.5905759
120.7811957	31.5905758
120.7811937	31.5905758
120.7811917	31.5905757
120.7811897	31.5905755
120.7811877	31.5905752
120.7811857	31.5905751
120.7811837	31.5905750
120.7811817	31.5905749
120.7811797	31.5905748
120.7811776	31.5905747
120.7811756	31.5905747
120.7811735	31.5905746
120.7811714	31.5905745
120.7811693	31.5905744
120.7811672	31.5905744
120.7811662	31.5905744
120.7811651	31.5905743
120.7811640	31.5905743
120.7811630	31.5905743
120.7811619	31.5905743
120.7811608	31.5905743
120.7811597	31.5905742
120.7811587	31.5905742
120.7811576	31.5905742
120.7811555	31.5905741
120.7811534	31.5905740
120.7811514	31.5905739
120.7811493	31.5905738
120.7811472	31.5905737
120.7811452	31.5905736
120.7811431	31.5905736
120.7811411	31.5905735
120.7811390	31.5905734
120.7811370	31.5905732
120.7811349	31.5905730
120.7811328	31.5905730
120.7811308	31.5905729
120.7811287	31.5905728
120.7811266	31.5905726
120.7811246	31.5905724
120.7811225	31.5905722
120.7811205	31.5905721
120.7811184	31.5905719
120.7811164	31.5905718
120.7811143	31.5905716
120.7811122	31.5905715
120.7811101	31.5905714
120.7811079	31.5905714
120.7811058	31.5905713
120.7811037	31.5905712
120.7811016	31.5905710
120.7810995	31.5905709
120.7810973	31.5905707
120.7810952	31.5905705
120.7810931	31.5905703
120.7810910	31.5905701
120.7810889	31.5905698
120.7810868	31.5905696
120.7810847	31.5905693
120.7810826	31.5905690
120.7810804	31.5905688
120.7810784	31.5905685
120.7810763	31.5905682
120.7810742	31.5905680
120.7810721	31.5905677
120.7810700	31.5905674
120.7810679	31.5905671
120.7810658	31.5905667
120.7810637	31.5905663
120.7810617	31.5905660
120.7810597	31.5905656
120.7810577	31.5905652
120.7810557	31.5905648
120.7810538	31.5905643
120.7810519	31.5905637
120.7810501	31.5905630
120.7810483	31.5905623
120.7810464	31.5905615
120.7810446	31.5905608
120.7810428	31.5905600
120.7810410	31.5905591
120.7810392	31.5905583
120.7810374	31.5905574
120.7810356	31.5905566
120.7810339	31.5905556
120.7810323	31.5905545
120.7810306	31.5905535
120.7810290	31.5905525
120.7810274	31.5905514
120.7810257	31.5905503
120.7810242	31.5905491
120.7810225	31.5905480
120.7810209	31.5905468
120.7810193	31.5905456
120.7810177	31.5905445
120.7810162	31.5905433
120.7810146	31.5905422
120.7810132	31.5905411
120.7810117	31.5905399
120.7810102	31.5905388
120.7810087	31.5905376
120.7810073	31.5905364
120.7810058	31.5905351
120.7810043	31.5905339
120.7810028	31.5905326
120.7810013	31.5905314
120.7809998	31.5905301
120.7809983	31.5905287
120.7809968	31.5905273
120.7809953	31.5905259
120.7809938	31.5905245
120.7809923	31.5905231
120.7809909	31.5905216
120.7809894	31.5905201
120.7809881	31.5905184
120.7809874	31.5905175
120.7809868	31.5905166
120.7809861	31.5905157
120.7809855	31.5905148
120.7809848	31.5905139
120.7809841	31.5905130
120.7809835	31.5905121
120.7809829	31.5905112
120.7809823	31.5905103
120.7809817	31.5905093
120.7809811	31.5905083
120.7809805	31.5905074
120.7809800	31.5905064
120.7809795	31.5905054
120.7809789	31.5905044
120.7809784	31.5905034
120.7809779	31.5905024
120.7809774	31.5905014
120.7809769	31.5905004
120.7809764	31.5904994
120.7809759	31.5904983
120.7809754	31.5904973
120.7809749	31.5904962
120.7809745	31.5904951
120.7809741	31.5904940
120.7809737	31.5904930
120.7809732	31.5904919
120.7809728	31.5904908
120.7809724	31.5904896
120.7809720	31.5904885
120.7809716	31.5904874
120.7809713	31.5904862
120.7809709	31.5904850
120.7809705	31.5904838
120.7809701	31.5904826
120.7809697	31.5904814
120.7809693	31.5904802
120.7809689	31.5904790
120.7809685	31.5904779
120.7809681	31.5904767
120.7809677	31.5904755
120.7809673	31.5904743
120.7809668	31.5904730
120.7809665	31.5904718
120.7809661	31.5904706
120.7809657	31.5904693
120.7809653	31.5904681
120.7809650	31.5904668
120.7809646	31.5904656
120.7809642	31.5904643
120.7809638	31.5904630
120.7809634	31.5904617
120.7809630	31.5904604
120.7809627	31.5904591
120.7809624	31.5904578
120.7809620	31.5904565
120.7809617	31.5904552
120.7809613	31.5904538
120.7809610	31.5904525
120.7809606	31.5904512
120.7809603	31.5904498
120.7809600	31.5904485
120.7809596	31.5904471
120.7809593	31.5904458
120.7809589	31.5904445
120.7809586	31.5904431
120.7809583	31.5904418
120.7809579	31.5904404
120.7809576	31.5904391
120.7809573	31.5904378
120.7809570	31.5904364
120.7809568	31.5904351
120.7809565	31.5904337
120.7809562	31.5904324
120.7809558	31.5904310
120.7809555	31.5904297
120.7809552	31.5904283
120.7809548	31.5904270
120.7809544	31.5904257
120.7809540	31.5904243
120.7809536	31.5904230
120.7809532	31.5904217
120.7809529	31.5904203
120.7809525	31.5904190
120.7809522	31.5904177
120.7809518	31.5904163
120.7809515	31.5904150
120.7809511	31.5904137
120.7809507	31.5904124
120.7809503	31.5904110
120.7809499	31.5904097
120.7809495	31.5904084
120.7809491	31.5904071
120.7809487	31.5904058
120.7809483	31.5904045
120.7809479	31.5904031
120.7809475	31.5904018
120.7809471	31.5904005
120.7809466	31.5903992
120.7809462	31.5903979
120.7809457	31.5903966
120.7809453	31.5903952
120.7809448	31.5903939
120.7809443	31.5903926
120.7809438	31.5903913
120.7809433	31.5903900
120.7809428	31.5903887
120.7809423	31.5903874
120.7809418	31.5903861
120.7809413	31.5903848
120.7809408	31.5903835
120.7809402	31.5903822
120.7809397	31.5903809
120.7809391	31.5903797
120.7809385	31.5903784
120.7809379	31.5903772
120.7809373	31.5903759
120.7809367	31.5903747
120.7809361	31.5903734
120.7809355	31.5903722
120.7809348	31.5903709
120.7809342	31.5903697
120.7809336	31.5903685
120.7809329	31.5903672
120.7809322	31.5903660
120.7809315	31.5903648
120.7809307	31.5903636
120.7809300	31.5903624
120.7809292	31.5903612
120.7809284	31.5903600
120.7809277	31.5903588
120.7809269	31.5903576
120.7809261	31.5903564
120.7809253	31.5903553
120.7809245	31.5903541
120.7809236	31.5903529
120.7809227	31.5903518
120.7809218	31.5903506
120.7809208	31.5903495
120.7809199	31.5903484
120.7809189	31.5903472
120.7809179	31.5903461
120.7809168	31.5903450
120.7809158	31.5903439
120.7809147	31.5903428
120.7809137	31.5903418
120.7809126	31.5903407
120.7809115	31.5903396
120.7809103	31.5903386
120.7809091	31.5903376
120.7809080	31.5903366
120.7809067	31.5903356
120.7809055	31.5903346
120.7809043	31.5903337
120.7809030	31.5903327
120.7809017	31.5903318
120.7809004	31.5903309
120.7808991	31.5903300
120.7808977	31.5903293
120.7808964	31.5903285
120.7808949	31.5903278
120.7808935	31.5903271
120.7808921	31.5903264
120.7808907	31.5903257
120.7808892	31.5903250
120.7808878	31.5903244
120.7808863	31.5903238
120.7808848	31.5903232
120.7808834	31.5903226
120.7808819	31.5903220
120.7808804	31.5903215
120.7808789	31.5903210
120.7808774	31.5903205
120.7808759	31.5903201
120.7808743	31.5903196
120.7808728	31.5903192
120.7808713	31.5903188
120.7808698	31.5903185
120.7808683	31.5903182
120.7808669	31.5903179
120.7808654	31.5903177
120.7808640	31.5903175
120.7808625	31.5903173
120.7808610	31.5903171
120.7808596	31.5903170
120.7808581	31.5903169
120.7808566	31.5903167
120.7808551	31.5903167
120.7808537	31.5903166
120.7808522	31.5903165
120.7808507	31.5903164
120.7808493	31.5903164
120.7808478	31.5903164
120.7808463	31.5903164
120.7808448	31.5903164
120.7808434	31.5903165
120.7808419	31.5903165
120.7808404	31.5903166
120.7808391	31.5903166
120.7808377	31.5903166
120.7808363	31.5903167
120.7808350	31.5903167
120.7808336	31.5903168
120.7808322	31.5903169
120.7808309	31.5903170
120.7808295	31.5903171
120.7808281	31.5903172
120.7808268	31.5903174
120.7808255	31.5903175
120.7808241	31.5903177
120.7808228	31.5903179
120.7808214	31.5903181
120.7808201	31.5903183
120.7808187	31.5903185
120.7808174	31.5903187
120.7808161	31.5903190
120.7808147	31.5903193
120.7808134	31.5903196
120.7808120	31.5903198
120.7808107	31.5903201
120.7808094	31.5903204
120.7808081	31.5903208
120.7808067	31.5903211
120.7808054	31.5903214
120.7808041	31.5903218
120.7808028	31.5903222
120.7808015	31.5903225
120.7808002	31.5903229
120.7807989	31.5903233
120.7807976	31.5903238
120.7807963	31.5903242
120.7807951	31.5903246
120.7807938	31.5903251
120.7807925	31.5903255
120.7807913	31.5903260
120.7807900	31.5903265
120.7807888	31.5903270
120.7807875	31.5903275
120.7807863	31.5903280
120.7807850	31.5903286
120.7807837	31.5903291
120.7807825	31.5903297
120.7807812	31.5903303
120.7807800	31.5903309
120.7807788	31.5903316
120.7807776	31.5903322
120.7807764	31.5903328
120.7807752	31.5903334
120.7807740	31.5903340
120.7807728	31.5903347
120.7807716	31.5903353
120.7807704	31.5903360
120.7807693	31.5903367
120.7807681	31.5903373
120.7807670	31.5903380
120.7807659	31.5903387
120.7807647	31.5903394
120.7807636	31.5903401
120.7807624	31.5903408
120.7807613	31.5903415
120.7807601	31.5903422
120.7807590	31.5903429
120.7807579	31.5903436
120.7807567	31.5903443
120.7807556	31.5903450
120.7807545	31.5903457
120.7807534	31.5903463
120.7807523	31.5903471
120.7807512	31.5903478
120.7807501	31.5903485
120.7807490	31.5903492
120.7807480	31.5903499
120.7807469	31.5903506
120.7807458	31.5903513
120.7807448	31.5903520
120.7807438	31.5903527
120.7807427	31.5903535
120.7807417	31.5903542
120.7807406	31.5903549
120.7807395	31.5903556
120.7807385	31.5903563
120.7807374	31.5903571
120.7807363	31.5903578
120.7807353	31.5903585
120.7807342	31.5903592
120.7807332	31.5903600
120.7807321	31.5903607
120.7807311	31.5903614
120.7807300	31.5903622
120.7807290	31.5903629
120.7807279	31.5903636
120.7807269	31.5903643
120.7807258	31.5903650
120.7807248	31.5903657
120.7807237	31.5903664
120.7807227	31.5903671
120.7807217	31.5903678
120.7807206	31.5903685
120.7807195	31.5903692
120.7807184	31.5903699
120.7807173	31.5903707
120.7807162	31.5903714
120.7807151	31.5903721
120.7807141	31.5903728
120.7807130	31.5903735
120.7807119	31.5903742
120.7807108	31.5903749
120.7807097	31.5903756
120.7807085	31.5903762
120.7807074	31.5903769
120.7807063	31.5903775
120.7807052	31.5903782
120.7807041	31.5903788
120.7807029	31.5903794
120.7807018	31.5903801
120.7807006	31.5903807
120.7806995	31.5903813
120.7806983	31.5903819
120.7806972	31.5903825
120.7806960	31.5903831
120.7806948	31.5903836
120.7806936	31.5903841
120.7806924	31.5903847
120.7806912	31.5903851
120.7806900	31.5903856
120.7806888	31.5903861
120.7806876	31.5903866
120.7806863	31.5903870
120.7806851	31.5903875
120.7806839	31.5903879
120.7806827	31.5903883
120.7806815	31.5903888
120.7806802	31.5903892
120.7806790	31.5903896
120.7806777	31.5903900
120.7806765	31.5903904
120.7806752	31.5903908
120.7806739	31.5903911
120.7806727	31.5903915
120.7806714	31.5903918
120.7806701	31.5903922
120.7806689	31.5903925
120.7806676	31.5903928
120.7806663	31.5903931
120.7806651	31.5903934
120.7806638	31.5903936
120.7806625	31.5903939
120.7806612	31.5903941
120.7806599	31.5903944
120.7806586	31.5903946
120.7806573	31.5903948
120.7806560	31.5903951
120.7806547	31.5903952
120.7806533	31.5903954
120.7806520	31.5903956
120.7806507	31.5903957
120.7806494	31.5903959
120.7806480	31.5903960
120.7806468	31.5903961
120.7806455	31.5903963
120.7806442	31.5903964
120.7806429	31.5903964
120.7806416	31.5903965
120.7806403	31.5903966
120.7806390	31.5903967
120.7806377	31.5903967
120.7806364	31.5903968
120.7806351	31.5903968
120.7806338	31.5903968
120.7806325	31.5903968
120.7806312	31.5903968
120.7806298	31.5903967
120.7806285	31.5903967
120.7806272	31.5903966
120.7806259	31.5903965
120.7806246	31.5903964
120.7806233	31.5903963
120.7806220	31.5903962
120.7806207	31.5903960
120.7806194	31.5903959
120.7806181	31.5903957
120.7806169	31.5903955
120.7806156	31.5903953
120.7806143	31.5903951
120.7806130	31.5903949
120.7806117	31.5903946
120.7806105	31.5903944
120.7806092	31.5903941
120.7806079	31.5903938
120.7806067	31.5903935
120.7806054	31.5903932
120.7806042	31.5903929
120.7806029	31.5903926
120.7806017	31.5903922
120.7806005	31.5903919
120.7805992	31.5903915
120.7805980	31.5903911
120.7805968	31.5903906
120.7805956	31.5903902
120.7805945	31.5903898
120.7805933	31.5903894
120.7805922	31.5903889
120.7805910	31.5903884
120.7805899	31.5903879
120.7805888	31.5903874
120.7805877	31.5903869
120.7805866	31.5903864
120.7805855	31.5903858
120.7805844	31.5903852
120.7805833	31.5903847
120.7805822	31.5903841
120.7805812	31.5903835
120.7805801	31.5903829
120.7805791	31.5903823
120.7805780	31.5903817
120.7805770	31.5903811
120.7805759	31.5903804
120.7805749	31.5903798
120.7805739	31.5903792
120.7805730	31.5903785
120.7805721	31.5903779
120.7805711	31.5903772
120.7805702	31.5903765
120.7805693	31.5903759
120.7805683	31.5903752
120.7805665	31.5903739
120.7805648	31.5903725
120.7805630	31.5903711
120.7805613	31.5903697
120.7805596	31.5903682
120.7805588	31.5903674
120.7805572	31.5903659
120.7805564	31.5903651
120.7805557	31.5903643
120.7805549	31.5903635
120.7805541	31.5903627
120.7805533	31.5903619
120.7805525	31.5903611
120.7805518	31.5903603
120.7805510	31.5903595
120.7805502	31.5903586
120.7805495	31.5903578
120.7805488	31.5903570
120.7805480	31.5903561
120.7805474	31.5903553
120.7805467	31.5903544
120.7805460	31.5903535
120.7805454	31.5903526
120.7805447	31.5903517
120.7805441	31.5903508
120.7805435	31.5903499
120.7805428	31.5903490
120.7805422	31.5903481
120.7805415	31.5903472
120.7805409	31.5903462
120.7805403	31.5903453
120.7805397	31.5903443
120.7805392	31.5903433
120.7805386	31.5903424
120.7805380	31.5903414
120.7805375	31.5903404
120.7805369	31.5903395
120.7805364	31.5903385
120.7805358	31.5903375
120.7805353	31.5903365
120.7805348	31.5903355
120.7805343	31.5903345
120.7805338	31.5903335
120.7805333	31.5903325
120.7805329	31.5903315
120.7805324	31.5903305
120.7805319	31.5903294
120.7805314	31.5903284
120.7805310	31.5903274
120.7805306	31.5903264
120.7805301	31.5903253
120.7805297	31.5903243
120.7805293	31.5903233
120.7805289	31.5903222
120.7805284	31.5903212
120.7805280	31.5903202
120.7805276	31.5903191
120.7805272	31.5903181
120.7805268	31.5903170
120.7805264	31.5903160
120.7805261	31.5903149
120.7805257	31.5903139
120.7805253	31.5903128
120.7805250	31.5903118
120.7805246	31.5903107
120.7805242	31.5903096
120.7805239	31.5903086
120.7805235	31.5903075
120.7805232	31.5903064
120.7805228	31.5903053
120.7805224	31.5903041
120.7805221	31.5903030
120.7805217	31.5903019
120.7805213	31.5903007
120.7805210	31.5902996
120.7805206	31.5902984
120.7805202	31.5902972
120.7805198	31.5902961
120.7805195	31.5902949
120.7805191	31.5902937
120.7805188	31.5902925
120.7805184	31.5902913
120.7805181	31.5902901
120.7805178	31.5902889
120.7805175	31.5902877
120.7805171	31.5902865
120.7805168	31.5902853
120.7805164	31.5902840
120.7805161	31.5902828
120.7805157	31.5902815
120.7805154	31.5902802
120.7805150	31.5902789
120.7805146	31.5902777
120.7805143	31.5902764
120.7805139	31.5902751
120.7805136	31.5902738
120.7805132	31.5902725
120.7805129	31.5902712
120.7805125	31.5902699
120.7805121	31.5902686
120.7805118	31.5902673
120.7805114	31.5902661
120.7805111	31.5902647
120.7805107	31.5902634
120.7805104	31.5902621
120.7805100	31.5902608
120.7805096	31.5902595
120.7805092	31.5902581
120.7805088	31.5902567
120.7805083	31.5902553
120.7805079	31.5902539
120.7805074	31.5902525
120.7805070	31.5902511
120.7805065	31.5902496
120.7805060	31.5902482
120.7805056	31.5902468
120.7805051	31.5902453
120.7805047	31.5902439
120.7805043	31.5902424
120.7805038	31.5902410
120.7805033	31.5902395
120.7805028	31.5902380
120.7805022	31.5902366
120.7805017	31.5902351
120.7805012	31.5902336
120.7805006	31.5902321
120.7805000	31.5902306
120.7804994	31.5902291
120.7804988	31.5902276
120.7804982	31.5902261
120.7804976	31.5902246
120.7804969	31.5902231
120.7804963	31.5902216
120.7804956	31.5902202
120.7804949	31.5902187
120.7804942	31.5902173
120.7804935	31.5902159
120.7804928	31.5902145
120.7804921	31.5902131
120.7804914	31.5902117
120.7804906	31.5902104
120.7804899	31.5902091
120.7804891	31.5902078
120.7804884	31.5902066
120.7804876	31.5902054
120.7804869	31.5902042
120.7804861	31.5902030
120.7804853	31.5902018
120.7804845	31.5902007
120.7804837	31.5901996
120.7804829	31.5901985
120.7804821	31.5901974
120.7804813	31.5901963
120.7804804	31.5901953
120.7804796	31.5901942
120.7804787	31.5901932
120.7804779	31.5901922
120.7804770	31.5901912
120.7804761	31.5901902
120.7804753	31.5901892
120.7804744	31.5901882
120.7804735	31.5901872
120.7804726	31.5901863
120.7804717	31.5901853
120.7804707	31.5901844
120.7804698	31.5901835
120.7804689	31.5901825
120.7804680	31.5901817
120.7804671	31.5901808
120.7804662	31.5901799
120.7804653	31.5901790
120.7804644	31.5901782
120.7804635	31.5901773
120.7804625	31.5901765
120.7804616	31.5901756
120.7804607	31.5901748
120.7804597	31.5901739
120.7804587	31.5901731
120.7804577	31.5901723
120.7804567	31.5901715
120.7804557	31.5901707
120.7804547	31.5901699
120.7804536	31.5901692
120.7804526	31.5901684
120.7804516	31.5901676
120.7804505	31.5901669
120.7804494	31.5901661
120.7804484	31.5901654
120.7804473	31.5901646
120.7804461	31.5901639
120.7804450	31.5901632
120.7804439	31.5901625
120.7804427	31.5901618
120.7804416	31.5901611
120.7804404	31.5901604
120.7804392	31.5901597
120.7804381	31.5901591
120.7804369	31.5901584
120.7804357	31.5901577
120.7804345	31.5901570
120.7804333	31.5901564
120.7804321	31.5901558
120.7804309	31.5901552
120.7804297	31.5901546
120.7804284	31.5901540
120.7804272	31.5901534
120.7804259	31.5901529
120.7804246	31.5901524
120.7804234	31.5901519
120.7804221	31.5901513
120.7804208	31.5901508
120.7804195	31.5901503
120.7804182	31.5901498
120.7804169	31.5901494
120.7804156	31.5901489
120.7804143	31.5901484
120.7804130	31.5901480
120.7804117	31.5901476
120.7804104	31.5901472
120.7804090	31.5901468
120.7804077	31.5901465
120.7804064	31.5901461
120.7804050	31.5901458
120.7804036	31.5901455
120.7804023	31.5901452
120.7804009	31.5901449
120.7803995	31.5901446
120.7803982	31.5901443
120.7803968	31.5901441
120.7803954	31.5901439
120.7803940	31.5901437
120.7803927	31.5901435
120.7803913	31.5901434
120.7803899	31.5901432
120.7803885	31.5901431
120.7803871	31.5901430
120.7803857	31.5901429
120.7803843	31.5901428
120.7803829	31.5901427
120.7803815	31.5901426
120.7803801	31.5901426
120.7803786	31.5901425
120.7803772	31.5901425
120.7803758	31.5901425
120.7803744	31.5901425
120.7803729	31.5901425
120.7803715	31.5901425
120.7803701	31.5901425
120.7803687	31.5901425
120.7803673	31.5901426
120.7803659	31.5901427
120.7803645	31.5901427
120.7803631	31.5901428
120.7803617	31.5901429
120.7803603	31.5901431
120.7803589	31.5901432
120.7803575	31.5901433
120.7803560	31.5901435
120.7803546	31.5901437
120.7803532	31.5901438
120.7803518	31.5901440
120.7803504	31.5901442
120.7803490	31.5901444
120.7803476	31.5901446
120.7803462	31.5901449
120.7803449	31.5901452
120.7803435	31.5901454
120.7803421	31.5901457
120.7803407	31.5901460
120.7803394	31.5901463
120.7803380	31.5901467
120.7803367	31.5901470
120.7803353	31.5901474
120.7803340	31.5901478
120.7803326	31.5901482
120.7803313	31.5901486
120.7803300	31.5901491
120.7803287	31.5901495
120.7803274	31.5901500
120.7803261	31.5901505
120.7803249	31.5901510
120.7803236	31.5901515
120.7803223	31.5901520
120.7803211	31.5901526
120.7803198	31.5901531
120.7803186	31.5901537
120.7803174	31.5901544
120.7803162	31.5901551
120.7803150	31.5901558
120.7803139	31.5901565
120.7803127	31.5901573
120.7803116	31.5901580
120.7803104	31.5901588
120.7803093	31.5901596
120.7803082	31.5901604
120.7803071	31.5901612
120.7803060	31.5901620
120.7803049	31.5901629
120.7803039	31.5901638
120.7803028	31.5901646
120.7803018	31.5901655
120.7803008	31.5901664
120.7802997	31.5901673
120.7802987	31.5901682
120.7802977	31.5901691
120.7802967	31.5901700
120.7802957	31.5901709
120.7802948	31.5901719
120.7802938	31.5901728
120.7802929	31.5901738
120.7802920	31.5901748
120.7802911	31.5901758
120.7802902	31.5901767
120.7802893	31.5901777
120.7802884	31.5901788
120.7802875	31.5901798
120.7802866	31.5901809
120.7802857	31.5901819
120.7802848	31.5901830
120.7802839	31.5901841
120.7802831	31.5901852
120.7802822	31.5901863
120.7802813	31.5901874
120.7802804	31.5901886
120.7802796	31.5901897
120.7802787	31.5901909
120.7802778	31.5901920
120.7802769	31.5901931
120.7802760	31.5901941
120.7802751	31.5901952
120.7802742	31.5901963
120.7802733	31.5901974
120.7802723	31.5901985
120.7802714	31.5901995
120.7802705	31.5902006
120.7802696	31.5902017
120.7802687	31.5902028
120.7802678	31.5902040
120.7802668	31.5902051
120.7802659	31.5902063
120.7802650	31.5902075
120.7802641	31.5902087
120.7802632	31.5902098
120.7802623	31.5902110
120.7802613	31.5902122
120.7802604	31.5902133
120.7802594	31.5902144
120.7802584	31.5902156
120.7802573	31.5902167
120.7802563	31.5902179
120.7802553	31.5902190
120.7802544	31.5902202
120.7802534	31.5902214
120.7802524	31.5902225
120.7802514	31.5902237
120.7802504	31.5902248
120.7802494	31.5902260
120.7802483	31.5902271
120.7802473	31.5902283
120.7802463	31.5902295
120.7802453	31.5902306
120.7802443	31.5902318
120.7802432	31.5902330
120.7802422	31.5902342
120.7802412	31.5902355
120.7802402	31.5902367
120.7802391	31.5902379
120.7802381	31.5902392
120.7802370	31.5902405
120.7802359	31.5902418
120.7802349	31.5902431
120.7802338	31.5902444
120.7802328	31.5902458
120.7802317	31.5902471
120.7802307	31.5902484
120.7802296	31.5902497
120.7802286	31.5902511
120.7802275	31.5902524
120.7802265	31.5902537
120.7802254	31.5902550
120.7802243	31.5902564
120.7802232	31.5902577
120.7802221	31.5902591
120.7802210	31.5902604
120.7802199	31.5902618
120.7802188	31.5902632
120.7802177	31.5902646
120.7802167	31.5902660
120.7802156	31.5902674
120.7802145	31.5902688
120.7802134	31.5902703
120.7802123	31.5902717
120.7802112	31.5902731
120.7802102	31.5902746
120.7802091	31.5902760
120.7802080	31.5902775
120.7802070	31.5902789
120.7802059	31.5902804
120.7802048	31.5902818
120.7802037	31.5902833
120.7802025	31.5902847
120.7802014	31.5902862
120.7802003	31.5902876
120.7801991	31.5902891
120.7801980	31.5902906
120.7801969	31.5902921
120.7801957	31.5902936
120.7801946	31.5902952
120.7801934	31.5902967
120.7801922	31.5902983
120.7801910	31.5902999
120.7801899	31.5903014
120.7801887	31.5903030
120.7801875	31.5903046
120.7801863	31.5903062
120.7801851	31.5903077
120.7801839	31.5903093
120.7801827	31.5903109
120.7801815	31.5903125
120.7801803	31.5903141
120.7801791	31.5903157
120.7801779	31.5903172
120.7801767	31.5903188
120.7801754	31.5903204
120.7801742	31.5903219
120.7801730	31.5903235
120.7801718	31.5903251
120.7801706	31.5903267
120.7801694	31.5903283
120.7801682	31.5903298
120.7801670	31.5903314
120.7801658	31.5903330
120.7801645	31.5903346
120.7801633	31.5903361
120.7801621	31.5903377
120.7801609	31.5903393
120.7801596	31.5903408
120.7801584	31.5903424
120.7801572	31.5903440
120.7801560	31.5903456
120.7801548	31.5903471
120.7801536	31.5903487
120.7801523	31.5903503
120.7801511	31.5903518
120.7801498	31.5903534
120.7801486	31.5903549
120.7801473	31.5903565
120.7801461	31.5903581
120.7801449	31.5903596
120.7801437	31.5903612
120.7801425	31.5903628
120.7801412	31.5903643
120.7801400	31.5903659
120.7801387	31.5903674
120.7801375	31.5903690
120.7801363	31.5903705
120.7801350	31.5903721
120.7801338	31.5903736
120.7801326	31.5903752
120.7801313	31.5903767
120.7801301	31.5903783
120.7801289	31.5903798
120.7801276	31.5903814
120.7801264	31.5903829
120.7801251	31.5903844
120.7801239	31.5903860
120.7801227	31.5903875
120.7801214	31.5903891
120.7801202	31.5903907
120.7801190	31.5903922
120.7801178	31.5903938
120.7801165	31.5903953
120.7801152	31.5903968
120.7801140	31.5903983
120.7801127	31.5903999
120.7801114	31.5904014
120.7801102	31.5904029
120.7801090	31.5904045
120.7801077	31.5904060
120.7801065	31.5904076
120.7801053	31.5904091
120.7801041	31.5904106
120.7801028	31.5904122
120.7801016	31.5904137
120.7801003	31.5904152
120.7800991	31.5904167
120.7800978	31.5904182
120.7800966	31.5904197
120.7800954	31.5904212
120.7800942	31.5904227
120.7800930	31.5904242
120.7800919	31.5904258
120.7800907	31.5904273
120.7800895	31.5904288
120.7800883	31.5904303
120.7800871	31.5904318
120.7800859	31.5904333
120.7800847	31.5904348
120.7800835	31.5904363
120.7800824	31.5904378
120.7800812	31.5904393
120.7800800	31.5904408
120.7800788	31.5904423
120.7800776	31.5904438
120.7800764	31.5904453
120.7800753	31.5904468
120.7800741	31.5904483
120.7800728	31.5904498
120.7800716	31.5904514
120.7800704	31.5904529
120.7800692	31.5904544
120.7800679	31.5904559
120.7800667	31.5904574
120.7800654	31.5904589
120.7800642	31.5904604
120.7800630	31.5904619
120.7800617	31.5904634
120.7800605	31.5904649
120.7800593	31.5904664
120.7800580	31.5904679
120.7800568	31.5904694
120.7800556	31.5904709
120.7800544	31.5904724
120.7800531	31.5904739
120.7800519	31.5904754
120.7800507	31.5904769
120.7800495	31.5904784
120.7800484	31.5904799
120.7800472	31.5904814
120.7800460	31.5904829
120.7800449	31.5904844
120.7800437	31.5904859
120.7800425	31.5904874
120.7800413	31.5904889
120.7800401	31.5904904
120.7800389	31.5904919
120.7800377	31.5904934
120.7800366	31.5904949
120.7800354	31.5904964
120.7800342	31.5904979
120.7800330	31.5904994
120.7800318	31.5905009
120.7800307	31.5905024
120.7800295	31.5905039
120.7800283	31.5905054
120.7800271	31.5905069
120.7800259	31.5905084
120.7800246	31.5905099
120.7800234	31.5905114
120.7800221	31.5905129
120.7800209	31.5905144
120.7800196	31.5905160
120.7800184	31.5905175
120.7800171	31.5905190
120.7800158	31.5905205
120.7800146	31.5905219
120.7800133	31.5905235
120.7800120	31.5905250
120.7800108	31.5905265
120.7800095	31.5905280
120.7800083	31.5905295
120.7800071	31.5905310
120.7800058	31.5905326
120.7800046	31.5905341
120.7800033	31.5905356
120.7800020	31.5905371
120.7800007	31.5905386
120.7799994	31.5905402
120.7799982	31.5905417
120.7799969	31.5905432
120.7799957	31.5905448
120.7799945	31.5905464
120.7799933	31.5905479
120.7799920	31.5905495
120.7799908	31.5905510
120.7799895	31.5905526
120.7799883	31.5905541
120.7799870	31.5905557
120.7799858	31.5905572
120.7799845	31.5905587
120.7799833	31.5905603
120.7799821	31.5905619
120.7799808	31.5905635
120.7799796	31.5905650
120.7799784	31.5905666
120.7799772	31.5905681
120.7799760	31.5905697
120.7799747	31.5905712
120.7799735	31.5905727
120.7799722	31.5905742
120.7799710	31.5905757
120.7799698	31.5905772
120.7799686	31.5905787
120.7799674	31.5905803
120.7799663	31.5905818
120.7799651	31.5905834
120.7799639	31.5905849
120.7799627	31.5905864
120.7799615	31.5905880
120.7799603	31.5905895
120.7799590	31.5905910
120.7799578	31.5905925
120.7799566	31.5905940
120.7799554	31.5905956
120.7799542	31.5905971
120.7799531	31.5905986
120.7799519	31.5906002
120.7799506	31.5906017
120.7799494	31.5906033
120.7799482	31.5906048
120.7799469	31.5906063
120.7799456	31.5906078
120.7799444	31.5906093
120.7799431	31.5906108
120.7799418	31.5906124
120.7799406	31.5906139
120.7799393	31.5906154
120.7799381	31.5906169
120.7799368	31.5906185
120.7799356	31.5906200
120.7799344	31.5906216
120.7799331	31.5906231
120.7799319	31.5906246
120.7799306	31.5906261
120.7799293	31.5906276
120.7799280	31.5906292
120.7799268	31.5906307
120.7799256	31.5906322
120.7799243	31.5906337
120.7799231	31.5906353
120.7799219	31.5906368
120.7799207	31.5906384
120.7799196	31.5906399
120.7799184	31.5906415
120.7799172	31.5906430
120.7799160	31.5906446
120.7799147	31.5906461
120.7799135	31.5906476
120.7799123	31.5906491
120.7799111	31.5906506
120.7799098	31.5906521
120.7799086	31.5906537
120.7799074	31.5906552
120.7799062	31.5906567
120.7799050	31.5906582
120.7799038	31.5906598
120.7799026	31.5906613
120.7799014	31.5906628
120.7799002	31.5906643
120.7798989	31.5906658
120.7798977	31.5906673
120.7798965	31.5906688
120.7798953	31.5906703
120.7798941	31.5906718
120.7798929	31.5906733
120.7798917	31.5906748
120.7798905	31.5906763
120.7798892	31.5906778
120.7798880	31.5906793
120.7798868	31.5906808
120.7798855	31.5906824
120.7798843	31.5906839
120.7798831	31.5906854
120.7798819	31.5906869
120.7798807	31.5906884
120.7798795	31.5906899
120.7798782	31.5906914
120.7798770	31.5906929
120.7798757	31.5906945
120.7798745	31.5906960
120.7798733	31.5906975
120.7798721	31.5906991
120.7798709	31.5907006
120.7798697	31.5907022
120.7798684	31.5907037
120.7798672	31.5907053
120.7798660	31.5907068
120.7798647	31.5907083
120.7798635	31.5907098
120.7798622	31.5907113
120.7798610	31.5907129
120.7798598	31.5907144
120.7798586	31.5907159
120.7798573	31.5907175
120.7798561	31.5907190
120.7798549	31.5907205
120.7798537	31.5907220
120.7798525	31.5907235
120.7798512	31.5907250
120.7798500	31.5907265
120.7798488	31.5907280
120.7798476	31.5907295
120.7798464	31.5907310
120.7798452	31.5907325
120.7798440	31.5907340
120.7798427	31.5907355
120.7798415	31.5907370
120.7798403	31.5907385
120.7798391	31.5907400
120.7798379	31.5907416
120.7798367	31.5907431
120.7798355	31.5907446
120.7798343	31.5907461
120.7798331	31.5907476
120.7798319	31.5907491
120.7798307	31.5907506
120.7798294	31.5907521
120.7798282	31.5907536
120.7798270	31.5907552
120.7798258	31.5907567
120.7798246	31.5907582
120.7798234	31.5907598
120.7798222	31.5907613
120.7798209	31.5907628
120.7798197	31.5907644
120.7798185	31.5907659
120.7798173	31.5907675
120.7798161	31.5907690
120.7798149	31.5907705
120.7798137	31.5907721
120.7798125	31.5907736
120.7798113	31.5907751
120.7798100	31.5907767
120.7798088	31.5907782
120.7798076	31.5907797
120.7798064	31.5907813
120.7798052	31.5907828
120.7798040	31.5907843
120.7798027	31.5907859
120.7798015	31.5907874
120.7798002	31.5907889
120.7797990	31.5907904
120.7797977	31.5907920
120.7797965	31.5907935
120.7797953	31.5907950
120.7797940	31.5907966
120.7797927	31.5907981
120.7797915	31.5907996
120.7797902	31.5908011
120.7797889	31.5908026
120.7797877	31.5908041
120.7797864	31.5908057
120.7797852	31.5908072
120.7797839	31.5908088
120.7797827	31.5908103
120.7797815	31.5908118
120.7797802	31.5908134
120.7797789	31.5908149
120.7797777	31.5908164
120.7797764	31.5908179
120.7797751	31.5908194
120.7797739	31.5908209
120.7797727	31.5908225
120.7797714	31.5908240
120.7797701	31.5908255
120.7797689	31.5908270
120.7797676	31.5908285
120.7797663	31.5908300
120.7797651	31.5908315
120.7797638	31.5908330
120.7797626	31.5908346
120.7797614	31.5908361
120.7797601	31.5908376
120.7797589	31.5908392
120.7797576	31.5908407
120.7797563	31.5908422
120.7797551	31.5908437
120.7797539	31.5908452
120.7797526	31.5908468
120.7797514	31.5908483
120.7797502	31.5908499
120.7797490	31.5908514
120.7797478	31.5908530
120.7797466	31.5908545
120.7797453	31.5908560
120.7797441	31.5908576
120.7797429	31.5908591
120.7797417	31.5908606
120.7797404	31.5908622
120.7797392	31.5908637
120.7797380	31.5908653
120.7797368	31.5908668
120.7797356	31.5908683
120.7797344	31.5908698
120.7797332	31.5908714
120.7797320	31.5908729
120.7797308	31.5908744
120.7797296	31.5908759
120.7797283	31.5908774
120.7797271	31.5908789
120.7797259	31.5908804
120.7797247	31.5908819
120.7797235	31.5908833
120.7797223	31.5908848
120.7797211	31.5908863
120.7797199	31.5908878
120.7797187	31.5908893
120.7797175	31.5908908
120.7797163	31.5908923
120.7797151	31.5908938
120.7797139	31.5908952
120.7797126	31.5908967
120.7797114	31.5908982
120.7797102	31.5908997
120.7797090	31.5909012
120.7797078	31.5909027
120.7797066	31.5909042
120.7797053	31.5909057
120.7797041	31.5909072
120.7797028	31.5909087
120.7797016	31.5909102
120.7797003	31.5909117
120.7796990	31.5909132
120.7796977	31.5909147
120.7796965	31.5909162
120.7796952	31.5909178
120.7796939	31.5909193
120.7796927	31.5909208
120.7796914	31.5909224
120.7796902	31.5909239
120.7796889	31.5909254
120.7796876	31.5909270
120.7796863	31.5909285
120.7796850	31.5909300
120.7796838	31.5909316
120.7796825	31.5909331
120.7796812	31.5909346
120.7796800	31.5909362
120.7796787	31.5909377
120.7796775	31.5909392
120.7796763	31.5909407
120.7796750	31.5909422
120.7796738	31.5909437
120.7796726	31.5909452
120.7796714	31.5909466
120.7796702	31.5909480
120.7796690	31.5909494
120.7796679	31.5909508
120.7796668	31.5909522
120.7796657	31.5909535
120.7796646	31.5909548
120.7796635	31.5909561
120.7796624	31.5909574
120.7796613	31.5909586
120.7796603	31.5909599
120.7796593	31.5909611
120.7796583	31.5909623
120.7796575	31.5909634
120.7796566	31.5909646
120.7796558	31.5909657
120.7796549	31.5909668
120.7796541	31.5909678
120.7796533	31.5909688
120.7796525	31.5909698
120.7796517	31.5909708
120.7796509	31.5909717
120.7796501	31.5909727
120.7796494	31.5909736
120.7796487	31.5909744
120.7796480	31.5909753
120.7796474	31.5909761
120.7796467	31.5909770
120.7796461	31.5909778
120.7796455	31.5909785
120.7796444	31.5909800
120.7796434	31.5909813
120.7796425	31.5909825
120.7796416	31.5909836
120.7796408	31.5909846
120.7796401	31.5909855
120.7796395	31.5909863
120.7796388	31.5909874
120.7796383	31.5909881
120.7796376	31.5909889
