289421.975	3497247.193	5.1480
289421.875	3497247.241	5.1415
289421.764	3497247.295	5.1370
289421.655	3497247.344	5.1337
289421.556	3497247.393	5.1313
289421.439	3497247.447	5.1276
289421.307	3497247.509	5.1230
289421.209	3497247.556	5.1218
289421.103	3497247.605	5.1201
289420.988	3497247.657	5.1175
289420.866	3497247.710	5.1167
289420.739	3497247.764	5.1158
289420.617	3497247.820	5.1125
289420.505	3497247.871	5.1123
289420.406	3497247.915	5.1132
289420.287	3497247.969	5.1120
289420.192	3497248.006	5.1136
289420.094	3497248.045	5.1125
289419.987	3497248.091	5.1118
289419.879	3497248.140	5.1120
289419.774	3497248.184	5.1124
289419.668	3497248.234	5.1140
289419.562	3497248.286	5.1142
289419.462	3497248.327	5.1153
289419.367	3497248.367	5.1161
289419.270	3497248.405	5.1159
289419.178	3497248.446	5.1236
289419.082	3497248.494	5.1443
289418.984	3497248.543	5.1671
289418.884	3497248.595	5.1886
289418.775	3497248.662	5.2131
289418.689	3497248.718	5.2341
289418.598	3497248.778	5.2564
289418.495	3497248.845	5.2809
289418.386	3497248.925	5.3026
289418.273	3497249.010	5.3260
289418.191	3497249.071	5.3414
289418.107	3497249.134	5.3556
289418.018	3497249.197	5.3729
289417.927	3497249.267	5.3885
289417.839	3497249.343	5.4011
289417.751	3497249.421	5.4170
289417.661	3497249.502	5.4311
289417.569	3497249.587	5.4430
289417.472	3497249.674	5.4548
289417.374	3497249.766	5.4639
289417.279	3497249.865	5.4709
289417.181	3497249.967	5.4759
289417.080	3497250.069	5.4782
289416.977	3497250.170	5.4796
289416.873	3497250.277	5.4768
289416.769	3497250.387	5.4712
289416.658	3497250.496	5.4669
289416.542	3497250.604	5.4605
289416.424	3497250.714	5.4528
289416.305	3497250.827	5.4451
289416.186	3497250.942	5.4348
289416.063	3497251.056	5.4244
289415.935	3497251.169	5.4137
289415.808	3497251.284	5.3996
289415.677	3497251.399	5.3857
289415.542	3497251.511	5.3731
289415.404	3497251.623	5.3569
289415.265	3497251.733	5.3402
289415.122	3497251.838	5.3260
289414.971	3497251.938	5.3112
289414.818	3497252.034	5.2936
289414.662	3497252.130	5.2744
289414.505	3497252.229	5.2552
289414.347	3497252.330	5.2333
289414.186	3497252.429	5.2103
289414.020	3497252.521	5.1880
289413.851	3497252.605	5.1639
289413.679	3497252.690	5.1365
289413.503	3497252.770	5.1112
289413.325	3497252.845	5.0848
289413.145	3497252.913	5.0569
289412.962	3497252.970	5.0297
289412.779	3497253.025	4.9999
289412.594	3497253.079	4.9688
289412.407	3497253.131	4.9383
289412.219	3497253.178	4.9070
289412.029	3497253.215	4.8763
289411.840	3497253.243	4.8473
289411.652	3497253.268	4.8155
289411.464	3497253.294	4.7808
289411.276	3497253.314	4.7486
289411.087	3497253.322	4.7190
289410.901	3497253.322	4.6875
289410.715	3497253.314	4.6540
289410.529	3497253.300	4.6257
289410.343	3497253.284	4.5971
289410.158	3497253.267	4.5657
289409.972	3497253.245	4.5352
289409.789	3497253.217	4.5048
289409.607	3497253.184	4.4755
289409.429	3497253.143	4.4469
289409.253	3497253.095	4.4174
289409.079	3497253.042	4.3875
289408.909	3497252.983	4.3588
289408.739	3497252.920	4.3280
289408.572	3497252.853	4.3008
289408.406	3497252.781	4.2725
289408.245	3497252.706	4.2438
289408.085	3497252.627	4.2150
289407.925	3497252.544	4.1876
289407.767	3497252.456	4.1606
289407.613	3497252.365	4.1318
289407.461	3497252.266	4.1055
289407.313	3497252.162	4.0776
289407.167	3497252.054	4.0501
289407.023	3497251.944	4.0243
289406.879	3497251.833	3.9961
289406.740	3497251.715	3.9700
289406.605	3497251.591	3.9446
289406.474	3497251.461	3.9208
289406.344	3497251.326	3.8998
289406.212	3497251.192	3.8774
289406.083	3497251.054	3.8575
289405.961	3497250.908	3.8396
289405.842	3497250.757	3.8209
289405.721	3497250.606	3.7993
289405.600	3497250.451	3.7807
289405.477	3497250.295	3.7610
289405.357	3497250.136	3.7411
289405.243	3497249.975	3.7212
289405.131	3497249.809	3.7016
289405.021	3497249.642	3.6812
289404.967	3497249.558	3.6714
289404.864	3497249.386	3.6522
289404.768	3497249.214	3.6348
289404.671	3497249.040	3.6151
289404.577	3497248.865	3.5968
289404.487	3497248.689	3.5771
289404.397	3497248.513	3.5597
289404.311	3497248.336	3.5434
289404.228	3497248.159	3.5254
289404.153	3497247.979	3.5105
289404.083	3497247.798	3.4949
289404.013	3497247.619	3.4803
289403.943	3497247.441	3.4675
289403.877	3497247.261	3.4544
289403.815	3497247.079	3.4400
289403.755	3497246.896	3.4247
289403.698	3497246.712	3.4092
289403.642	3497246.527	3.3922
289403.588	3497246.343	3.3739
289403.543	3497246.157	3.3590
289403.502	3497245.971	3.3424
289403.462	3497245.784	3.3249
289403.424	3497245.597	3.3078
289403.388	3497245.411	3.2901
289403.352	3497245.224	3.2710
289403.321	3497245.037	3.2534
289403.297	3497244.850	3.2367
289403.274	3497244.663	3.2170
289403.253	3497244.475	3.1985
289403.238	3497244.287	3.1828
289403.228	3497244.096	3.1643
289403.223	3497243.907	3.1469
289403.222	3497243.719	3.1316
289403.218	3497243.530	3.1130
289403.214	3497243.339	3.0931
289403.219	3497243.148	3.0760
289403.227	3497242.959	3.0567
289403.240	3497242.769	3.0364
289403.255	3497242.578	3.0162
289403.272	3497242.386	2.9955
289403.295	3497242.196	2.9758
289403.325	3497242.006	2.9565
289403.355	3497241.815	2.9359
289403.387	3497241.623	2.9151
289403.425	3497241.433	2.8973
289403.468	3497241.246	2.8784
289403.519	3497241.062	2.8607
289403.574	3497240.880	2.8438
289403.625	3497240.697	2.8260
289403.676	3497240.514	2.8092
289403.733	3497240.331	2.7933
289403.795	3497240.151	2.7776
289403.860	3497239.972	2.7597
289403.927	3497239.793	2.7427
289403.996	3497239.613	2.7261
289404.069	3497239.435	2.7089
289404.148	3497239.260	2.6906
289404.232	3497239.089	2.6699
289404.322	3497238.921	2.6501
289404.412	3497238.751	2.6296
289404.500	3497238.580	2.6081
289404.594	3497238.411	2.5892
289404.693	3497238.246	2.5693
289404.797	3497238.085	2.5500
289404.903	3497237.925	2.5304
289405.011	3497237.767	2.5106
289405.122	3497237.611	2.4917
289405.236	3497237.459	2.4720
289405.356	3497237.312	2.4536
289405.477	3497237.167	2.4339
289405.601	3497237.020	2.4137
289405.728	3497236.874	2.3937
289405.860	3497236.730	2.3743
289405.996	3497236.590	2.3548
289406.135	3497236.454	2.3353
289406.276	3497236.318	2.3165
289406.419	3497236.184	2.2964
289406.564	3497236.052	2.2766
289406.712	3497235.922	2.2565
289406.861	3497235.795	2.2357
289407.012	3497235.671	2.2140
289407.166	3497235.550	2.1938
289407.323	3497235.432	2.1739
289407.484	3497235.317	2.1528
289407.649	3497235.206	2.1320
289407.815	3497235.099	2.1115
289407.984	3497234.993	2.0913
289408.155	3497234.890	2.0701
289408.328	3497234.793	2.0503
289408.503	3497234.701	2.0306
289408.677	3497234.615	2.0116
289408.851	3497234.535	1.9918
289409.023	3497234.458	1.9724
289409.195	3497234.387	1.9571
289409.365	3497234.318	1.9415
289409.534	3497234.248	1.9243
289409.702	3497234.179	1.9092
289409.870	3497234.112	1.8971
289410.037	3497234.045	1.8842
289410.204	3497233.984	1.8736
289410.371	3497233.928	1.8649
289410.535	3497233.876	1.8575
289410.699	3497233.823	1.8516
289410.861	3497233.773	1.8484
289411.021	3497233.725	1.8463
289411.178	3497233.677	1.8428
289411.334	3497233.632	1.8415
289411.488	3497233.589	1.8413
289411.638	3497233.544	1.8376
289411.783	3497233.499	1.8336
289411.925	3497233.456	1.8311
289412.063	3497233.414	1.8268
289412.199	3497233.376	1.8220
289412.332	3497233.342	1.8186
289412.461	3497233.308	1.8146
289412.585	3497233.274	1.8097
289412.706	3497233.240	1.8063
289412.824	3497233.206	1.8025
289412.940	3497233.176	1.7993
289413.053	3497233.148	1.7969
289413.161	3497233.121	1.7950
289413.265	3497233.094	1.7934
289413.365	3497233.065	1.7903
289413.461	3497233.037	1.7883
289413.598	3497233.002	1.7864
289413.728	3497232.975	1.7837
289413.846	3497232.952	1.7817
289413.951	3497232.928	1.7802
289414.073	3497232.895	1.7783
289414.181	3497232.871	1.7786
289414.289	3497232.843	1.7771
289414.388	3497232.823	1.7763
289414.490	3497232.794	1.7732
289414.601	3497232.767	1.7653
289414.713	3497232.742	1.7563
289414.819	3497232.717	1.7484
289414.944	3497232.691	1.7398
289415.088	3497232.663	1.7302
289415.196	3497232.644	1.7240
289415.313	3497232.624	1.7166
289415.437	3497232.602	1.7091
289415.565	3497232.580	1.7024
289415.696	3497232.559	1.6963
289415.827	3497232.542	1.6910
289415.956	3497232.527	1.6858
289416.084	3497232.510	1.6801
289416.211	3497232.490	1.6749
289416.338	3497232.471	1.6710
289416.464	3497232.455	1.6665
289416.590	3497232.440	1.6637
289416.717	3497232.424	1.6603
289416.845	3497232.407	1.6568
289416.975	3497232.393	1.6546
289417.107	3497232.382	1.6533
289417.238	3497232.368	1.6509
289417.372	3497232.354	1.6491
289417.506	3497232.340	1.6470
289417.641	3497232.327	1.6467
289417.779	3497232.312	1.6457
289417.918	3497232.298	1.6457
289418.056	3497232.285	1.6455
289418.192	3497232.272	1.6457
289418.328	3497232.257	1.6465
289418.460	3497232.239	1.6452
289418.592	3497232.222	1.6463
289418.721	3497232.206	1.6464
289418.849	3497232.189	1.6462
289418.980	3497232.179	1.6479
289419.111	3497232.169	1.6482
289419.245	3497232.157	1.6483
289419.381	3497232.146	1.6505
289419.520	3497232.136	1.6516
289419.658	3497232.125	1.6528
289419.795	3497232.111	1.6533
289419.929	3497232.093	1.6549
289420.065	3497232.079	1.6571
289420.200	3497232.065	1.6576
289420.335	3497232.049	1.6601
289420.470	3497232.032	1.6612
289420.604	3497232.013	1.6604
289420.736	3497231.996	1.6626
289420.866	3497231.978	1.6633
289420.995	3497231.961	1.6647
289421.122	3497231.945	1.6671
289421.249	3497231.930	1.6695
289421.375	3497231.917	1.6715
289421.503	3497231.903	1.6747
289421.633	3497231.889	1.6768
289421.765	3497231.874	1.6786
289421.896	3497231.854	1.6787
289422.028	3497231.834	1.6817
289422.162	3497231.819	1.6842
289422.296	3497231.804	1.6845
289422.429	3497231.788	1.6857
289422.563	3497231.768	1.6883
289422.699	3497231.746	1.6900
289422.836	3497231.726	1.6925
289422.975	3497231.710	1.6951
289423.111	3497231.691	1.6963
289423.243	3497231.666	1.6976
289423.375	3497231.641	1.7000
289423.507	3497231.618	1.7011
289423.640	3497231.600	1.7032
289423.773	3497231.582	1.7046
289423.904	3497231.560	1.7061
289424.036	3497231.536	1.7085
289424.170	3497231.515	1.7096
289424.305	3497231.498	1.7130
289424.439	3497231.481	1.7149
289424.570	3497231.458	1.7154
289424.698	3497231.431	1.7160
289424.828	3497231.406	1.7194
289424.960	3497231.384	1.7218
289425.094	3497231.363	1.7232
289425.228	3497231.339	1.7243
289425.358	3497231.313	1.7252
289425.487	3497231.285	1.7274
289425.619	3497231.260	1.7301
289425.751	3497231.237	1.7306
289425.884	3497231.215	1.7328
289426.014	3497231.188	1.7335
289426.144	3497231.161	1.7353
289426.278	3497231.139	1.7377
289426.413	3497231.118	1.7391
289426.547	3497231.095	1.7402
289426.679	3497231.067	1.7411
289426.809	3497231.037	1.7416
289426.939	3497231.012	1.7437
289427.071	3497230.990	1.7466
289427.205	3497230.965	1.7459
289427.338	3497230.940	1.7474
289427.469	3497230.910	1.7477
289427.600	3497230.879	1.7480
289427.733	3497230.851	1.7497
289427.867	3497230.823	1.7494
289428.001	3497230.796	1.7501
289428.134	3497230.769	1.7517
289428.264	3497230.738	1.7517
289428.392	3497230.708	1.7524
289428.520	3497230.681	1.7540
289428.647	3497230.655	1.7530
289428.773	3497230.628	1.7545
289428.899	3497230.602	1.7573
289429.023	3497230.573	1.7562
289429.148	3497230.546	1.7576
289429.272	3497230.522	1.7604
289429.396	3497230.497	1.7590
289429.520	3497230.470	1.7599
289429.643	3497230.440	1.7609
289429.768	3497230.408	1.7600
289429.896	3497230.381	1.7607
289430.027	3497230.357	1.7625
289430.157	3497230.333	1.7621
289430.288	3497230.307	1.7611
289430.413	3497230.279	1.7622
289430.539	3497230.246	1.7628
289430.664	3497230.213	1.7629
289430.790	3497230.186	1.7632
289430.916	3497230.160	1.7626
289431.043	3497230.134	1.7626
289431.169	3497230.105	1.7626
289431.294	3497230.075	1.7626
289431.424	3497230.050	1.7636
289431.556	3497230.026	1.7636
289431.689	3497230.000	1.7622
289431.822	3497229.970	1.7622
289431.952	3497229.937	1.7634
289432.083	3497229.904	1.7631
289432.217	3497229.880	1.7655
289432.351	3497229.860	1.7668
289432.484	3497229.833	1.7643
289432.615	3497229.800	1.7643
289432.745	3497229.766	1.7653
289432.877	3497229.732	1.7636
289433.009	3497229.704	1.7643
289433.143	3497229.676	1.7656
289433.278	3497229.646	1.7649
289433.412	3497229.616	1.7639
289433.547	3497229.588	1.7655
289433.683	3497229.560	1.7653
289433.819	3497229.532	1.7649
289433.957	3497229.502	1.7650
289434.096	3497229.473	1.7661
289434.231	3497229.441	1.7656
289434.367	3497229.409	1.7654
289434.503	3497229.379	1.7655
289434.638	3497229.350	1.7670
289434.775	3497229.322	1.7676
289434.910	3497229.294	1.7670
289435.042	3497229.265	1.7663
289435.173	3497229.235	1.7677
289435.306	3497229.207	1.7679
289435.439	3497229.180	1.7658
289435.571	3497229.152	1.7664
289435.703	3497229.124	1.7682
289435.834	3497229.094	1.7679
289435.963	3497229.065	1.7671
289436.092	3497229.036	1.7686
289436.222	3497229.006	1.7683
289436.353	3497228.977	1.7670
289436.485	3497228.951	1.7681
289436.617	3497228.920	1.7680
289436.748	3497228.887	1.7664
289436.881	3497228.857	1.7669
289437.013	3497228.827	1.7665
289437.143	3497228.796	1.7653
289437.272	3497228.764	1.7658
289437.402	3497228.735	1.7663
289437.533	3497228.707	1.7660
289437.664	3497228.682	1.7659
289437.796	3497228.657	1.7664
289437.929	3497228.630	1.7655
289438.059	3497228.598	1.7640
289438.188	3497228.565	1.7646
289438.319	3497228.536	1.7651
289438.454	3497228.511	1.7652
289438.592	3497228.487	1.7654
289438.729	3497228.458	1.7646
289438.865	3497228.425	1.7650
289439.001	3497228.390	1.7637
289439.137	3497228.354	1.7630
289439.272	3497228.318	1.7637
289439.408	3497228.283	1.7640
289439.542	3497228.250	1.7634
289439.678	3497228.221	1.7642
289439.811	3497228.195	1.7654
289439.944	3497228.167	1.7647
289440.076	3497228.137	1.7637
289440.208	3497228.106	1.7636
289440.341	3497228.076	1.7639
289440.475	3497228.050	1.7641
289440.610	3497228.027	1.7642
289440.745	3497228.001	1.7640
289440.877	3497227.971	1.7628
289441.009	3497227.941	1.7637
289441.142	3497227.910	1.7633
289441.275	3497227.878	1.7624
289441.408	3497227.846	1.7624
289441.541	3497227.815	1.7622
289441.673	3497227.783	1.7613
289441.804	3497227.755	1.7625
289441.934	3497227.729	1.7621
289442.065	3497227.704	1.7618
289442.195	3497227.677	1.7620
289442.322	3497227.646	1.7604
289442.446	3497227.615	1.7606
289442.568	3497227.589	1.7612
289442.688	3497227.566	1.7607
289442.805	3497227.543	1.7601
289442.918	3497227.517	1.7600
289443.029	3497227.493	1.7613
289443.140	3497227.469	1.7603
289443.250	3497227.450	1.7609
289443.361	3497227.433	1.7623
289443.468	3497227.411	1.7614
289443.572	3497227.384	1.7608
289443.676	3497227.359	1.7619
289443.782	3497227.338	1.7624
289443.890	3497227.319	1.7623
289443.996	3497227.298	1.7624
289444.102	3497227.274	1.7629
289444.206	3497227.249	1.7618
289444.304	3497227.223	1.7603
289444.447	3497227.185	1.7617
289444.585	3497227.154	1.7602
289444.721	3497227.129	1.7618
289444.853	3497227.095	1.7588
289444.983	3497227.064	1.7606
289445.117	3497227.036	1.7596
289445.254	3497227.011	1.7607
289445.393	3497226.981	1.7591
289445.531	3497226.951	1.7593
289445.670	3497226.920	1.7581
289445.813	3497226.894	1.7592
289445.912	3497226.877	1.7592
289446.015	3497226.856	1.7589
289446.117	3497226.835	1.7593
289446.220	3497226.812	1.7591
289446.323	3497226.790	1.7584
289446.426	3497226.771	1.7602
289446.527	3497226.753	1.7606
289446.674	3497226.724	1.7600
289446.819	3497226.695	1.7600
289446.963	3497226.664	1.7603
289447.102	3497226.630	1.7602
289447.238	3497226.596	1.7606
289447.379	3497226.568	1.7598
289447.523	3497226.538	1.7589
289447.622	3497226.515	1.7590
289447.727	3497226.492	1.7588
289447.836	3497226.468	1.7583
289447.952	3497226.445	1.7583
289448.074	3497226.422	1.7584
289448.199	3497226.396	1.7575
289448.325	3497226.368	1.7580
289448.452	3497226.337	1.7573
289448.580	3497226.303	1.7567
289448.709	3497226.273	1.7583
289448.839	3497226.249	1.7596
289448.969	3497226.226	1.7599
289449.097	3497226.196	1.7599
289449.223	3497226.162	1.7598
289449.347	3497226.131	1.7594
289449.474	3497226.106	1.7606
289449.602	3497226.082	1.7609
289449.730	3497226.053	1.7596
289449.860	3497226.023	1.7599
289449.994	3497225.993	1.7608
289450.134	3497225.966	1.7613
289450.277	3497225.939	1.7613
289450.419	3497225.906	1.7592
289450.558	3497225.868	1.7587
289450.697	3497225.831	1.7583
289450.838	3497225.798	1.7574
289450.979	3497225.771	1.7581
289451.120	3497225.741	1.7568
289451.259	3497225.705	1.7561
289451.400	3497225.669	1.7564
289451.545	3497225.638	1.7565
289451.692	3497225.610	1.7572
289451.841	3497225.581	1.7579
289451.989	3497225.548	1.7574
289452.139	3497225.515	1.7570
289452.290	3497225.481	1.7565
289452.438	3497225.445	1.7555
289452.586	3497225.408	1.7554
289452.735	3497225.375	1.7549
289452.885	3497225.348	1.7541
289453.035	3497225.320	1.7532
289453.184	3497225.291	1.7545
289453.334	3497225.259	1.7530
289453.485	3497225.231	1.7529
289453.635	3497225.204	1.7531
289453.782	3497225.169	1.7518
289453.928	3497225.131	1.7514
289454.074	3497225.097	1.7510
289454.221	3497225.070	1.7505
289454.367	3497225.043	1.7506
289454.510	3497225.010	1.7488
289454.654	3497224.976	1.7486
289454.797	3497224.946	1.7501
289454.941	3497224.918	1.7493
289455.087	3497224.891	1.7486
289455.232	3497224.863	1.7497
289455.376	3497224.834	1.7495
289455.523	3497224.807	1.7492
289455.671	3497224.783	1.7488
289455.817	3497224.755	1.7469
289455.960	3497224.723	1.7465
289456.101	3497224.692	1.7469
289456.241	3497224.664	1.7466
289456.380	3497224.639	1.7456
289456.519	3497224.613	1.7445
289456.660	3497224.588	1.7449
289456.801	3497224.561	1.7442
289456.944	3497224.530	1.7430
289457.090	3497224.501	1.7431
289457.240	3497224.472	1.7432
289457.394	3497224.441	1.7410
289457.549	3497224.407	1.7403
289457.710	3497224.374	1.7424
289457.875	3497224.339	1.7419
289458.044	3497224.306	1.7414
289458.217	3497224.274	1.7426
289458.389	3497224.238	1.7397
289458.561	3497224.204	1.7405
289458.735	3497224.171	1.7420
289458.911	3497224.139	1.7414
289459.089	3497224.108	1.7404
289459.268	3497224.073	1.7394
289459.448	3497224.035	1.7397
289459.630	3497223.994	1.7384
289459.815	3497223.951	1.7363
289460.009	3497223.912	1.7355
289460.109	3497223.896	1.7360
289460.210	3497223.879	1.7361
289460.313	3497223.862	1.7360
289460.417	3497223.845	1.7353
289460.522	3497223.826	1.7352
289460.626	3497223.806	1.7352
289460.730	3497223.785	1.7349
289460.835	3497223.764	1.7350
289460.939	3497223.742	1.7347
289461.041	3497223.721	1.7339
289461.143	3497223.700	1.7332
289461.245	3497223.682	1.7331
289461.347	3497223.664	1.7331
289461.449	3497223.646	1.7335
289461.551	3497223.629	1.7340
289461.653	3497223.613	1.7338
289461.753	3497223.597	1.7326
289461.852	3497223.580	1.7321
289462.048	3497223.547	1.7338
289462.147	3497223.530	1.7348
289462.246	3497223.513	1.7348
289462.442	3497223.477	1.7329
289462.636	3497223.438	1.7338
289462.826	3497223.395	1.7323
289463.013	3497223.353	1.7318
289463.195	3497223.315	1.7323
289463.373	3497223.280	1.7333
289463.548	3497223.249	1.7335
289463.725	3497223.224	1.7346
289463.902	3497223.200	1.7348
289464.077	3497223.166	1.7335
289464.251	3497223.125	1.7329
289464.425	3497223.084	1.7320
289464.597	3497223.045	1.7318
289464.769	3497223.009	1.7318
289464.940	3497222.975	1.7324
289465.110	3497222.943	1.7328
289465.275	3497222.910	1.7308
289465.437	3497222.878	1.7328
289465.595	3497222.845	1.7336
289465.753	3497222.818	1.7335
289465.911	3497222.795	1.7346
289466.066	3497222.770	1.7339
289466.214	3497222.740	1.7329
289466.356	3497222.707	1.7311
289466.494	3497222.675	1.7306
289466.632	3497222.649	1.7302
289466.768	3497222.626	1.7287
289466.904	3497222.607	1.7291
289467.039	3497222.587	1.7293
289467.174	3497222.565	1.7295
289467.305	3497222.539	1.7267
289467.433	3497222.508	1.7240
289467.562	3497222.481	1.7258
289467.691	3497222.459	1.7264
289467.823	3497222.441	1.7267
289467.957	3497222.424	1.7277
289468.088	3497222.402	1.7271
289468.217	3497222.372	1.7267
289468.342	3497222.342	1.7255
289468.465	3497222.315	1.7239
289468.586	3497222.289	1.7234
289468.708	3497222.266	1.7252
289468.833	3497222.243	1.7246
289468.962	3497222.223	1.7242
289469.096	3497222.203	1.7254
289469.233	3497222.181	1.7248
289469.369	3497222.157	1.7244
289469.506	3497222.133	1.7251
289469.643	3497222.108	1.7248
289469.780	3497222.084	1.7245
289469.919	3497222.064	1.7252
289470.060	3497222.041	1.7248
289470.202	3497222.013	1.7236
289470.342	3497221.981	1.7229
289470.480	3497221.946	1.7225
289470.618	3497221.910	1.7216
289470.757	3497221.876	1.7216
289470.897	3497221.845	1.7220
289471.039	3497221.817	1.7216
289471.185	3497221.792	1.7242
289471.336	3497221.769	1.7244
289471.492	3497221.742	1.7226
289471.651	3497221.715	1.7237
289471.812	3497221.687	1.7233
289471.973	3497221.659	1.7228
289472.134	3497221.631	1.7235
289472.295	3497221.602	1.7231
289472.460	3497221.569	1.7222
289472.625	3497221.531	1.7201
289472.789	3497221.495	1.7204
289472.950	3497221.460	1.7196
289473.111	3497221.428	1.7200
289473.272	3497221.400	1.7204
289473.433	3497221.375	1.7214
289473.595	3497221.347	1.7226
289473.761	3497221.320	1.7235
289473.928	3497221.296	1.7230
289474.097	3497221.272	1.7232
289474.263	3497221.243	1.7220
289474.429	3497221.212	1.7226
289474.598	3497221.181	1.7224
289474.770	3497221.155	1.7226
289474.939	3497221.131	1.7232
289475.103	3497221.098	1.7237
289475.265	3497221.063	1.7245
289475.428	3497221.031	1.7236
289475.591	3497221.006	1.7233
289475.751	3497220.983	1.7244
289475.912	3497220.959	1.7262
289476.073	3497220.933	1.7266
289476.232	3497220.907	1.7272
289476.391	3497220.879	1.7266
289476.547	3497220.851	1.7271
289476.700	3497220.823	1.7281
289476.853	3497220.797	1.7286
289477.003	3497220.768	1.7264
289477.148	3497220.738	1.7251
289477.288	3497220.708	1.7256
289477.428	3497220.681	1.7259
289477.570	3497220.661	1.7266
289477.711	3497220.643	1.7288
289477.847	3497220.617	1.7278
289477.980	3497220.586	1.7281
289478.114	3497220.556	1.7298
289478.247	3497220.529	1.7303
289478.379	3497220.503	1.7296
289478.510	3497220.478	1.7297
289478.639	3497220.451	1.7285
289478.767	3497220.425	1.7277
289478.896	3497220.401	1.7282
289479.025	3497220.379	1.7290
289479.145	3497220.356	1.7273
289479.248	3497220.335	1.7273
289479.357	3497220.310	1.7272
289479.475	3497220.287	1.7347
289479.603	3497220.266	1.7440
289479.745	3497220.240	1.7588
289479.857	3497220.215	1.7707
289479.984	3497220.185	1.7845
289480.123	3497220.147	1.8004
289480.273	3497220.104	1.8168
289480.434	3497220.058	1.8309
289480.602	3497220.007	1.8441
289480.776	3497219.950	1.8572
289480.958	3497219.890	1.8704
289481.146	3497219.823	1.8799
289481.243	3497219.788	1.8846
289481.341	3497219.752	1.8888
289481.441	3497219.715	1.8917
289481.542	3497219.677	1.8940
289481.645	3497219.640	1.8957
289481.749	3497219.604	1.8976
289481.854	3497219.568	1.8991
289481.959	3497219.532	1.8994
289482.064	3497219.494	1.8994
289482.169	3497219.455	1.8991
289482.272	3497219.415	1.8981
289482.377	3497219.375	1.8975
289482.481	3497219.336	1.8960
289482.585	3497219.298	1.8940
289482.689	3497219.259	1.8909
289482.793	3497219.222	1.8880
289482.898	3497219.186	1.8856
289483.003	3497219.152	1.8834
289483.108	3497219.118	1.8806
289483.211	3497219.084	1.8771
289483.313	3497219.050	1.8736
289483.415	3497219.016	1.8709
289483.518	3497218.984	1.8688
289483.620	3497218.953	1.8666
289483.720	3497218.923	1.8641
289483.820	3497218.893	1.8614
289483.919	3497218.863	1.8584
289484.016	3497218.832	1.8549
289484.112	3497218.801	1.8517
289484.207	3497218.768	1.8486
289484.397	3497218.707	1.8440
289484.587	3497218.651	1.8379
289484.773	3497218.596	1.8316
289484.959	3497218.543	1.8274
289485.146	3497218.493	1.8228
289485.336	3497218.441	1.8173
289485.433	3497218.415	1.8155
289485.531	3497218.390	1.8141
289485.630	3497218.364	1.8121
289485.729	3497218.337	1.8098
289485.830	3497218.310	1.8073
289485.931	3497218.283	1.8056
289486.034	3497218.255	1.8043
289486.136	3497218.227	1.8026
289486.239	3497218.198	1.8008
289486.343	3497218.169	1.7996
289486.447	3497218.141	1.7991
289486.552	3497218.113	1.7984
289486.658	3497218.084	1.7971
289486.763	3497218.056	1.7954
289486.868	3497218.028	1.7941
289486.973	3497218.001	1.7930
289487.078	3497217.976	1.7919
289487.184	3497217.951	1.7907
289487.291	3497217.926	1.7898
289487.398	3497217.901	1.7891
289487.505	3497217.873	1.7884
289487.613	3497217.845	1.7881
289487.722	3497217.816	1.7881
289487.834	3497217.787	1.7881
289487.946	3497217.758	1.7879
289488.060	3497217.730	1.7876
289488.175	3497217.701	1.7870
289488.290	3497217.672	1.7862
289488.406	3497217.643	1.7856
289488.523	3497217.612	1.7853
289488.641	3497217.581	1.7848
289488.761	3497217.550	1.7848
289488.881	3497217.521	1.7847
289489.002	3497217.492	1.7847
289489.123	3497217.465	1.7845
289489.244	3497217.437	1.7843
289489.364	3497217.408	1.7837
289489.485	3497217.378	1.7832
289489.606	3497217.347	1.7825
289489.727	3497217.314	1.7818
289489.849	3497217.281	1.7812
289489.971	3497217.250	1.7806
289490.093	3497217.220	1.7803
289490.214	3497217.193	1.7803
289490.335	3497217.165	1.7799
289490.456	3497217.137	1.7794
289490.577	3497217.109	1.7791
289490.697	3497217.080	1.7792
289490.817	3497217.050	1.7791
289490.937	3497217.019	1.7782
289491.056	3497216.989	1.7773
289491.176	3497216.959	1.7761
289491.296	3497216.930	1.7743
289491.416	3497216.901	1.7717
289491.536	3497216.872	1.7696
289491.656	3497216.844	1.7681
289491.775	3497216.817	1.7668
289491.894	3497216.789	1.7649
289492.012	3497216.761	1.7627
289492.132	3497216.734	1.7610
289492.251	3497216.708	1.7598
289492.370	3497216.683	1.7583
289492.491	3497216.658	1.7563
289492.613	3497216.634	1.7540
289492.735	3497216.610	1.7522
289492.857	3497216.585	1.7507
289492.979	3497216.560	1.7493
289493.101	3497216.535	1.7481
289493.223	3497216.511	1.7471
289493.346	3497216.487	1.7454
289493.469	3497216.462	1.7434
289493.592	3497216.438	1.7419
289493.716	3497216.414	1.7407
289493.840	3497216.389	1.7395
289493.964	3497216.365	1.7378
289494.089	3497216.340	1.7357
289494.213	3497216.314	1.7340
289494.337	3497216.290	1.7331
289494.462	3497216.266	1.7319
289494.589	3497216.244	1.7308
289494.716	3497216.224	1.7295
289494.842	3497216.204	1.7287
289494.969	3497216.183	1.7275
289495.095	3497216.160	1.7261
289495.223	3497216.136	1.7252
289495.351	3497216.112	1.7244
289495.479	3497216.088	1.7231
289495.607	3497216.064	1.7216
289495.735	3497216.041	1.7205
289495.864	3497216.017	1.7194
289495.994	3497215.992	1.7181
289496.123	3497215.968	1.7168
289496.253	3497215.944	1.7160
289496.383	3497215.921	1.7153
289496.514	3497215.897	1.7145
289496.644	3497215.875	1.7137
289496.775	3497215.852	1.7130
289496.905	3497215.830	1.7122
289497.037	3497215.808	1.7115
289497.169	3497215.786	1.7110
289497.301	3497215.764	1.7104
289497.433	3497215.743	1.7101
289497.566	3497215.722	1.7102
289497.698	3497215.701	1.7104
289497.830	3497215.680	1.7102
289497.962	3497215.658	1.7099
289498.094	3497215.635	1.7097
289498.225	3497215.612	1.7099
289498.355	3497215.588	1.7096
289498.485	3497215.564	1.7093
289498.615	3497215.540	1.7090
289498.745	3497215.517	1.7089
289498.875	3497215.494	1.7087
289499.004	3497215.472	1.7087
289499.132	3497215.450	1.7090
289499.261	3497215.428	1.7097
289499.389	3497215.407	1.7101
289499.517	3497215.387	1.7104
289499.644	3497215.367	1.7105
289499.772	3497215.347	1.7102
289499.899	3497215.327	1.7099
289500.027	3497215.307	1.7102
289500.154	3497215.287	1.7109
289500.280	3497215.266	1.7117
289500.404	3497215.244	1.7115
289500.528	3497215.221	1.7106
289500.651	3497215.200	1.7108
289500.774	3497215.179	1.7118
289500.898	3497215.159	1.7126
289501.021	3497215.140	1.7130
289501.144	3497215.120	1.7130
289501.266	3497215.100	1.7129
289501.388	3497215.079	1.7126
289501.511	3497215.057	1.7132
289501.633	3497215.034	1.7143
289501.755	3497215.013	1.7154
289501.877	3497214.991	1.7160
289501.999	3497214.969	1.7159
289502.121	3497214.947	1.7159
289502.243	3497214.926	1.7164
289502.366	3497214.907	1.7174
289502.489	3497214.889	1.7180
289502.611	3497214.869	1.7182
289502.735	3497214.848	1.7185
289502.857	3497214.827	1.7192
289502.979	3497214.804	1.7198
289503.102	3497214.782	1.7206
289503.225	3497214.759	1.7214
289503.348	3497214.738	1.7222
289503.472	3497214.717	1.7223
289503.595	3497214.696	1.7220
289503.718	3497214.675	1.7222
289503.842	3497214.654	1.7234
289503.965	3497214.633	1.7244
289504.090	3497214.611	1.7253
289504.215	3497214.589	1.7257
289504.341	3497214.566	1.7265
289504.466	3497214.543	1.7273
289504.590	3497214.520	1.7278
289504.715	3497214.496	1.7282
289504.840	3497214.473	1.7291
289504.965	3497214.449	1.7300
289505.089	3497214.424	1.7306
289505.214	3497214.399	1.7312
289505.339	3497214.374	1.7321
289505.465	3497214.350	1.7333
289505.592	3497214.326	1.7347
289505.719	3497214.303	1.7362
289505.846	3497214.278	1.7374
289505.973	3497214.252	1.7387
289506.101	3497214.225	1.7400
289506.230	3497214.196	1.7413
289506.360	3497214.166	1.7425
289506.489	3497214.137	1.7443
289506.619	3497214.108	1.7466
289506.750	3497214.080	1.7488
289506.880	3497214.054	1.7516
289507.011	3497214.029	1.7546
289507.143	3497214.004	1.7573
289507.274	3497213.978	1.7596
289507.406	3497213.950	1.7619
289507.536	3497213.920	1.7636
289507.668	3497213.888	1.7651
289507.799	3497213.856	1.7667
289507.929	3497213.824	1.7688
289508.058	3497213.791	1.7710
289508.187	3497213.759	1.7728
289508.316	3497213.727	1.7746
289508.444	3497213.697	1.7766
289508.573	3497213.668	1.7790
289508.701	3497213.640	1.7820
289508.829	3497213.612	1.7846
289508.956	3497213.585	1.7873
289509.082	3497213.558	1.7901
289509.208	3497213.529	1.7933
289509.333	3497213.499	1.7963
289509.457	3497213.467	1.7991
289509.580	3497213.433	1.8017
289509.703	3497213.398	1.8051
289509.825	3497213.364	1.8087
289509.947	3497213.329	1.8124
289510.068	3497213.295	1.8164
289510.189	3497213.261	1.8207
289510.309	3497213.228	1.8250
289510.428	3497213.193	1.8299
289510.547	3497213.159	1.8351
289510.665	3497213.124	1.8401
289510.782	3497213.088	1.8450
289510.899	3497213.053	1.8500
289511.016	3497213.016	1.8549
289511.131	3497212.979	1.8596
289511.246	3497212.941	1.8642
289511.359	3497212.903	1.8683
289511.472	3497212.864	1.8727
289511.584	3497212.823	1.8771
289511.695	3497212.782	1.8816
289511.806	3497212.742	1.8860
289511.917	3497212.702	1.8903
289512.027	3497212.663	1.8943
289512.136	3497212.623	1.8984
289512.244	3497212.583	1.9028
289512.352	3497212.543	1.9073
289512.460	3497212.502	1.9118
289512.567	3497212.461	1.9159
289512.674	3497212.420	1.9202
289512.781	3497212.379	1.9245
289512.887	3497212.339	1.9287
289512.992	3497212.298	1.9325
289513.097	3497212.256	1.9362
289513.202	3497212.213	1.9404
289513.307	3497212.170	1.9445
289513.410	3497212.127	1.9484
289513.511	3497212.083	1.9521
289513.612	3497212.038	1.9554
289513.712	3497211.993	1.9588
289513.812	3497211.950	1.9628
289513.911	3497211.907	1.9669
289514.009	3497211.865	1.9707
289514.108	3497211.823	1.9746
289514.207	3497211.780	1.9787
289514.305	3497211.736	1.9820
289514.403	3497211.692	1.9851
289514.501	3497211.646	1.9883
289514.598	3497211.600	1.9917
289514.695	3497211.553	1.9956
289514.791	3497211.505	1.9993
289514.887	3497211.456	2.0026
289514.982	3497211.407	2.0060
289515.077	3497211.358	2.0091
289515.172	3497211.309	2.0128
289515.268	3497211.260	2.0165
289515.363	3497211.212	2.0199
289515.458	3497211.162	2.0227
289515.552	3497211.111	2.0251
289515.646	3497211.061	2.0280
289515.741	3497211.012	2.0320
289515.837	3497210.963	2.0365
289515.932	3497210.913	2.0402
289516.027	3497210.862	2.0431
289516.122	3497210.810	2.0460
289516.217	3497210.758	2.0493
289516.312	3497210.705	2.0531
289516.406	3497210.651	2.0570
289516.501	3497210.596	2.0610
289516.595	3497210.541	2.0645
289516.688	3497210.485	2.0674
289516.781	3497210.429	2.0710
289516.874	3497210.373	2.0753
289516.967	3497210.318	2.0800
289517.061	3497210.263	2.0854
289517.154	3497210.208	2.0910
289517.246	3497210.152	2.0961
289517.338	3497210.095	2.1012
289517.428	3497210.037	2.1062
289517.519	3497209.979	2.1112
289517.609	3497209.921	2.1168
289517.699	3497209.862	2.1223
289517.788	3497209.802	2.1283
289517.876	3497209.740	2.1343
289517.964	3497209.679	2.1407
289518.052	3497209.616	2.1471
289518.140	3497209.552	2.1538
289518.228	3497209.489	2.1605
289518.317	3497209.426	2.1677
289518.406	3497209.364	2.1748
289518.494	3497209.301	2.1820
289518.580	3497209.237	2.1891
289518.665	3497209.172	2.1967
289518.747	3497209.106	2.2046
289518.829	3497209.040	2.2133
289518.911	3497208.974	2.2224
289518.992	3497208.907	2.2316
289519.073	3497208.841	2.2412
289519.153	3497208.775	2.2507
289519.234	3497208.709	2.2608
289519.313	3497208.642	2.2715
289519.390	3497208.576	2.2824
289519.465	3497208.508	2.2936
289519.539	3497208.440	2.3056
289519.679	3497208.299	2.3303
289519.814	3497208.156	2.3567
289519.949	3497208.013	2.3851
289520.078	3497207.869	2.4135
289520.199	3497207.720	2.4408
289520.315	3497207.569	2.4703
289520.425	3497207.416	2.4993
289520.530	3497207.262	2.5309
289520.632	3497207.105	2.5629
289520.728	3497206.945	2.5945
289520.820	3497206.782	2.6268
289520.907	3497206.616	2.6581
289520.990	3497206.449	2.6888
289521.068	3497206.277	2.7186
289521.141	3497206.103	2.7490
289521.208	3497205.926	2.7773
289521.270	3497205.747	2.8057
289521.327	3497205.567	2.8338
289521.378	3497205.382	2.8596
289521.423	3497205.196	2.8871
289521.462	3497205.009	2.9154
289521.497	3497204.818	2.9435
289521.526	3497204.626	2.9721
289521.553	3497204.432	3.0018
289521.573	3497204.237	3.0315
289521.586	3497204.043	3.0620
289521.593	3497203.850	3.0940
289521.595	3497203.656	3.1254
289521.591	3497203.463	3.1579
289521.580	3497203.270	3.1898
289521.560	3497203.078	3.2189
289521.532	3497202.885	3.2464
289521.501	3497202.691	3.2718
289521.466	3497202.495	3.2953
289521.431	3497202.300	3.3193
289521.412	3497202.201	3.3305
289521.392	3497202.102	3.3407
289521.371	3497202.004	3.3501
289521.349	3497201.905	3.3594
289521.326	3497201.807	3.3685
289521.302	3497201.709	3.3770
289521.276	3497201.612	3.3852
289521.249	3497201.515	3.3935
289521.221	3497201.419	3.4017
289521.161	3497201.228	3.4181
289521.101	3497201.039	3.4359
289521.040	3497200.851	3.4546
289520.976	3497200.666	3.4737
289520.906	3497200.482	3.4931
289520.836	3497200.301	3.5126
289520.762	3497200.120	3.5276
289520.685	3497199.940	3.5419
289520.606	3497199.759	3.5554
289520.523	3497199.580	3.5663
289520.435	3497199.405	3.5765
289520.347	3497199.230	3.5892
289520.257	3497199.058	3.6031
289520.166	3497198.887	3.6179
289520.070	3497198.718	3.6347
289519.973	3497198.551	3.6551
289519.870	3497198.389	3.6766
289519.763	3497198.231	3.6991
289519.654	3497198.075	3.7243
289519.544	3497197.919	3.7499
289519.430	3497197.765	3.7735
289519.310	3497197.614	3.7971
289519.188	3497197.465	3.8194
289519.062	3497197.318	3.8392
289518.931	3497197.173	3.8579
289518.799	3497197.027	3.8764
289518.664	3497196.884	3.8931
289518.528	3497196.741	3.9114
289518.389	3497196.603	3.9316
289518.244	3497196.470	3.9519
289518.094	3497196.338	3.9753
289518.018	3497196.270	3.9884
289517.942	3497196.202	4.0016
289517.863	3497196.134	4.0143
289517.783	3497196.067	4.0274
289517.700	3497196.000	4.0415
289517.613	3497195.934	4.0558
289517.524	3497195.870	4.0708
289517.432	3497195.807	4.0863
289517.338	3497195.743	4.1024
289517.241	3497195.680	4.1199
289517.143	3497195.617	4.1379
289517.043	3497195.554	4.1561
289516.939	3497195.492	4.1730
289516.832	3497195.432	4.1894
289516.721	3497195.374	4.2062
289516.608	3497195.318	4.2235
289516.492	3497195.265	4.2407
289516.376	3497195.213	4.2575
289516.257	3497195.162	4.2741
289516.138	3497195.110	4.2902
289516.018	3497195.059	4.3058
289515.897	3497195.007	4.3218
289515.774	3497194.957	4.3374
289515.649	3497194.909	4.3523
289515.522	3497194.864	4.3661
289515.395	3497194.821	4.3795
289515.266	3497194.779	4.3929
289515.136	3497194.737	4.4063
289515.004	3497194.697	4.4191
289514.872	3497194.658	4.4310
289514.738	3497194.622	4.4419
289514.603	3497194.588	4.4526
289514.466	3497194.554	4.4639
289514.328	3497194.521	4.4741
289514.188	3497194.490	4.4830
289514.046	3497194.460	4.4908
289513.903	3497194.432	4.4985
289513.760	3497194.406	4.5057
289513.616	3497194.381	4.5125
289513.472	3497194.356	4.5185
289513.327	3497194.332	4.5244
289513.181	3497194.307	4.5292
289513.034	3497194.282	4.5334
289512.887	3497194.258	4.5368
289512.738	3497194.234	4.5402
289512.588	3497194.211	4.5430
289512.437	3497194.190	4.5453
289512.285	3497194.168	4.5476
289512.132	3497194.146	4.5493
289511.978	3497194.125	4.5499
289511.822	3497194.104	4.5498
289511.665	3497194.084	4.5493
289511.507	3497194.062	4.5487
289511.348	3497194.039	4.5476
289511.188	3497194.015	4.5473
289511.027	3497193.989	4.5476
289510.864	3497193.963	4.5479
289510.699	3497193.938	4.5478
289510.532	3497193.914	4.5474
289510.363	3497193.891	4.5474
289510.191	3497193.868	4.5479
289510.017	3497193.845	4.5484
289509.841	3497193.823	4.5478
289509.662	3497193.801	4.5469
289509.481	3497193.778	4.5459
289509.300	3497193.753	4.5458
289509.117	3497193.726	4.5461
289508.934	3497193.697	4.5463
289508.748	3497193.667	4.5463
289508.560	3497193.637	4.5463
289508.371	3497193.607	4.5465
289508.180	3497193.579	4.5471
289507.988	3497193.552	4.5479
289507.795	3497193.526	4.5482
289507.600	3497193.502	4.5486
289507.403	3497193.480	4.5493
289507.206	3497193.457	4.5505
289507.007	3497193.432	4.5517
289506.808	3497193.406	4.5534
289506.609	3497193.376	4.5558
289506.409	3497193.346	4.5582
289506.208	3497193.317	4.5618
289506.006	3497193.288	4.5659
289505.804	3497193.262	4.5698
289505.601	3497193.237	4.5734
289505.398	3497193.213	4.5764
289505.194	3497193.192	4.5787
289504.989	3497193.171	4.5821
289504.784	3497193.149	4.5861
289504.578	3497193.127	4.5896
289504.370	3497193.104	4.5927
289504.162	3497193.084	4.5953
289503.953	3497193.066	4.5980
289503.744	3497193.049	4.6007
289503.536	3497193.032	4.6041
289503.327	3497193.013	4.6076
289503.117	3497192.993	4.6100
289502.907	3497192.975	4.6130
289502.696	3497192.957	4.6165
289502.484	3497192.941	4.6205
289502.272	3497192.927	4.6239
289502.060	3497192.915	4.6265
289501.848	3497192.904	4.6290
289501.635	3497192.893	4.6326
289501.423	3497192.882	4.6362
289501.210	3497192.869	4.6397
289500.997	3497192.857	4.6430
289500.782	3497192.846	4.6467
289500.568	3497192.837	4.6492
289500.354	3497192.829	4.6505
289500.140	3497192.821	4.6516
289499.927	3497192.814	4.6530
289499.714	3497192.806	4.6541
289499.502	3497192.798	4.6552
289499.290	3497192.789	4.6567
289499.079	3497192.782	4.6579
289498.867	3497192.777	4.6588
289498.654	3497192.773	4.6598
289498.442	3497192.770	4.6610
289498.230	3497192.765	4.6628
289498.018	3497192.758	4.6660
289497.806	3497192.752	4.6691
289497.595	3497192.746	4.6721
289497.384	3497192.741	4.6741
289497.173	3497192.737	4.6749
289496.964	3497192.734	4.6754
289496.755	3497192.732	4.6763
289496.546	3497192.731	4.6778
289496.336	3497192.729	4.6791
289496.126	3497192.728	4.6794
289495.916	3497192.727	4.6793
289495.705	3497192.728	4.6785
289495.494	3497192.729	4.6773
289495.283	3497192.728	4.6762
289495.071	3497192.726	4.6757
289494.859	3497192.723	4.6751
289494.646	3497192.719	4.6741
289494.433	3497192.714	4.6734
289494.221	3497192.708	4.6729
289494.008	3497192.703	4.6725
289493.795	3497192.700	4.6720
289493.581	3497192.698	4.6711
289493.366	3497192.696	4.6704
289493.152	3497192.692	4.6699
289492.938	3497192.689	4.6693
289492.726	3497192.684	4.6690
289492.514	3497192.677	4.6695
289492.303	3497192.669	4.6700
289492.093	3497192.662	4.6697
289491.883	3497192.657	4.6686
289491.673	3497192.653	4.6675
289491.464	3497192.650	4.6663
289491.256	3497192.649	4.6653
289491.048	3497192.647	4.6652
289490.841	3497192.643	4.6649
289490.634	3497192.637	4.6639
289490.429	3497192.630	4.6629
289490.224	3497192.621	4.6617
289490.020	3497192.613	4.6607
289489.817	3497192.606	4.6604
289489.615	3497192.599	4.6608
289489.415	3497192.592	4.6605
289489.216	3497192.587	4.6589
289489.018	3497192.582	4.6573
289488.821	3497192.577	4.6553
289488.625	3497192.571	4.6537
289488.429	3497192.563	4.6522
289488.233	3497192.554	4.6512
289488.037	3497192.546	4.6501
289487.843	3497192.539	4.6484
289487.650	3497192.532	4.6464
289487.458	3497192.525	4.6452
289487.268	3497192.516	4.6449
289487.079	3497192.507	4.6443
289486.890	3497192.498	4.6436
289486.702	3497192.489	4.6425
289486.517	3497192.481	4.6419
289486.332	3497192.472	4.6417
289486.149	3497192.462	4.6418
289485.967	3497192.452	4.6414
289485.786	3497192.443	4.6413
289485.605	3497192.435	4.6410
289485.426	3497192.426	4.6410
289485.248	3497192.417	4.6408
289485.073	3497192.408	4.6405
289484.898	3497192.400	4.6398
289484.726	3497192.393	4.6389
289484.554	3497192.385	4.6385
289484.383	3497192.376	4.6378
289484.214	3497192.367	4.6378
289484.046	3497192.358	4.6375
289483.878	3497192.350	4.6368
289483.712	3497192.344	4.6365
289483.546	3497192.338	4.6367
289483.381	3497192.332	4.6370
289483.218	3497192.325	4.6372
289483.055	3497192.317	4.6371
289482.892	3497192.308	4.6370
289482.731	3497192.298	4.6372
289482.571	3497192.288	4.6377
289482.412	3497192.278	4.6384
289482.254	3497192.267	4.6392
289482.096	3497192.257	4.6397
289481.938	3497192.247	4.6402
289481.780	3497192.239	4.6406
289481.623	3497192.232	4.6406
289481.466	3497192.227	4.6403
289481.310	3497192.223	4.6400
289481.156	3497192.219	4.6401
289481.002	3497192.215	4.6402
289480.849	3497192.210	4.6401
289480.697	3497192.206	4.6397
289480.545	3497192.199	4.6397
289480.393	3497192.190	4.6401
289480.242	3497192.180	4.6403
289480.093	3497192.169	4.6408
289479.946	3497192.158	4.6416
289479.799	3497192.147	4.6422
289479.652	3497192.138	4.6424
289479.506	3497192.131	4.6423
289479.360	3497192.126	4.6419
289479.215	3497192.123	4.6411
289479.071	3497192.122	4.6401
289478.929	3497192.121	4.6393
289478.787	3497192.118	4.6387
289478.645	3497192.113	4.6381
289478.505	3497192.105	4.6376
289478.365	3497192.095	4.6374
289478.226	3497192.083	4.6375
289478.088	3497192.073	4.6375
289477.951	3497192.063	4.6374
289477.815	3497192.056	4.6371
289477.681	3497192.052	4.6360
289477.549	3497192.048	4.6356
289477.418	3497192.044	4.6352
289477.288	3497192.039	4.6340
289477.158	3497192.033	4.6333
289477.030	3497192.026	4.6332
289476.902	3497192.019	4.6329
289476.775	3497192.011	4.6329
289476.649	3497192.003	4.6329
289476.522	3497191.996	4.6329
289476.397	3497191.989	4.6328
289476.271	3497191.981	4.6327
289476.146	3497191.973	4.6326
289476.020	3497191.966	4.6324
289475.896	3497191.961	4.6324
289475.773	3497191.957	4.6321
289475.651	3497191.953	4.6318
289475.530	3497191.951	4.6312
289475.410	3497191.948	4.6314
289475.293	3497191.942	4.6320
289475.177	3497191.934	4.6330
289475.062	3497191.923	4.6332
289474.947	3497191.910	4.6329
289474.834	3497191.898	4.6326
289474.720	3497191.887	4.6335
289474.606	3497191.878	4.6350
289474.492	3497191.872	4.6357
289474.378	3497191.870	4.6354
289474.263	3497191.870	4.6346
289474.149	3497191.868	4.6343
289474.035	3497191.864	4.6344
289473.920	3497191.860	4.6336
289473.807	3497191.855	4.6327
289473.693	3497191.849	4.6322
289473.580	3497191.843	4.6321
289473.466	3497191.839	4.6319
289473.354	3497191.835	4.6318
289473.240	3497191.831	4.6320
289473.128	3497191.827	4.6320
289473.016	3497191.821	4.6326
289472.904	3497191.813	4.6332
289472.792	3497191.803	4.6334
289472.679	3497191.793	4.6333
289472.566	3497191.783	4.6332
289472.453	3497191.774	4.6335
289472.341	3497191.766	4.6337
289472.229	3497191.761	4.6339
289472.118	3497191.758	4.6339
289472.006	3497191.756	4.6335
289471.895	3497191.755	4.6327
289471.783	3497191.751	4.6324
289471.671	3497191.747	4.6315
289471.558	3497191.742	4.6312
289471.445	3497191.735	4.6311
289471.332	3497191.727	4.6310
289471.218	3497191.718	4.6310
289471.104	3497191.709	4.6309
289470.990	3497191.701	4.6313
289470.876	3497191.693	4.6320
289470.762	3497191.686	4.6323
289470.646	3497191.680	4.6324
289470.530	3497191.673	4.6323
289470.412	3497191.667	4.6321
289470.294	3497191.661	4.6316
289470.176	3497191.656	4.6313
289470.057	3497191.651	4.6308
289469.936	3497191.647	4.6301
289469.815	3497191.641	4.6297
289469.692	3497191.634	4.6295
289469.569	3497191.626	4.6293
289469.445	3497191.618	4.6293
289469.321	3497191.610	4.6298
289469.197	3497191.601	4.6303
289469.072	3497191.591	4.6301
289468.945	3497191.582	4.6297
289468.817	3497191.572	4.6296
289468.688	3497191.564	4.6294
289468.560	3497191.557	4.6297
289468.432	3497191.552	4.6295
289468.303	3497191.547	4.6289
289468.173	3497191.542	4.6287
289468.042	3497191.535	4.6283
289467.911	3497191.525	4.6283
289467.779	3497191.515	4.6281
289467.646	3497191.505	4.6281
289467.513	3497191.496	4.6279
289467.379	3497191.489	4.6280
289467.245	3497191.485	4.6279
289467.110	3497191.480	4.6274
289466.975	3497191.475	4.6262
289466.840	3497191.468	4.6254
289466.705	3497191.459	4.6246
289466.570	3497191.449	4.6240
289466.436	3497191.439	4.6229
289466.301	3497191.429	4.6216
289466.166	3497191.419	4.6197
289466.031	3497191.409	4.6175
289465.897	3497191.398	4.6152
289465.763	3497191.386	4.6127
289465.628	3497191.373	4.6096
289465.492	3497191.362	4.6061
289465.356	3497191.352	4.6021
289465.220	3497191.344	4.5973
289465.084	3497191.335	4.5927
289464.948	3497191.326	4.5885
289464.813	3497191.315	4.5845
289464.678	3497191.304	4.5806
289464.544	3497191.292	4.5761
289464.409	3497191.278	4.5711
289464.275	3497191.262	4.5659
289464.141	3497191.244	4.5614
289464.007	3497191.224	4.5574
289463.873	3497191.203	4.5534
289463.738	3497191.182	4.5490
289463.603	3497191.161	4.5445
289463.468	3497191.140	4.5402
289463.333	3497191.118	4.5363
289463.198	3497191.096	4.5321
289463.062	3497191.073	4.5277
289462.927	3497191.049	4.5235
289462.792	3497191.026	4.5194
289462.658	3497191.003	4.5151
289462.524	3497190.980	4.5109
289462.390	3497190.958	4.5064
289462.256	3497190.935	4.5019
289462.123	3497190.912	4.4980
289461.990	3497190.888	4.4944
289461.858	3497190.862	4.4909
289461.726	3497190.835	4.4875
289461.594	3497190.807	4.4836
289461.462	3497190.779	4.4795
289461.331	3497190.749	4.4759
289461.201	3497190.717	4.4731
289461.070	3497190.684	4.4698
289460.939	3497190.650	4.4662
289460.808	3497190.617	4.4619
289460.678	3497190.583	4.4578
289460.548	3497190.550	4.4538
289460.419	3497190.516	4.4504
289460.290	3497190.484	4.4459
289460.161	3497190.454	4.4408
289460.032	3497190.424	4.4351
289459.903	3497190.393	4.4290
289459.775	3497190.359	4.4237
289459.648	3497190.323	4.4175
289459.522	3497190.286	4.4114
289459.396	3497190.249	4.4054
289459.271	3497190.211	4.3992
289459.146	3497190.171	4.3936
289459.022	3497190.130	4.3879
289458.897	3497190.088	4.3818
289458.772	3497190.046	4.3758
289458.648	3497190.003	4.3702
289458.524	3497189.960	4.3652
289458.401	3497189.918	4.3595
289458.279	3497189.879	4.3532
289458.157	3497189.839	4.3465
289458.036	3497189.799	4.3401
289457.917	3497189.758	4.3337
289457.800	3497189.716	4.3271
289457.685	3497189.673	4.3197
289457.570	3497189.629	4.3120
289457.456	3497189.581	4.3041
289457.345	3497189.530	4.2971
