118.80806420,31.89047390,8.48,0.59,270.62,-0.48,0.02,-1.84,0.00,0.32,-0.04,2.41,-0.09,2.22,9.87,1.28,77.60
118.80806420,31.89047390,8.48,0.59,270.62,-0.48,0.02,-1.84,0.00,0.32,-0.04,2.41,-0.09,2.22,9.87,1.34,77.90
118.80806420,31.89047390,8.48,0.59,270.62,-0.48,0.02,-1.84,0.00,0.32,-0.04,2.41,-0.09,2.22,9.87,1.88,98.90
118.80806420,31.89047390,8.48,0.59,270.62,-0.48,0.02,-1.84,0.00,0.32,-0.04,2.41,-0.09,2.22,9.87,1.92,101.60
118.80806420,31.89047390,8.48,0.59,270.62,-0.48,0.02,-1.84,0.00,0.32,-0.04,2.41,-0.09,2.22,9.87,1.94,104.30
118.80806420,31.89047390,8.48,0.59,270.62,-0.48,0.02,-1.84,0.00,0.32,-0.04,2.41,-0.09,2.22,9.87,1.99,106.80
118.80806420,31.89047390,8.48,0.59,270.62,-0.48,0.02,-1.84,0.00,0.32,-0.04,2.41,-0.09,2.22,9.87,2.02,108.50
118.80806420,31.89047390,8.48,0.59,270.62,-0.48,0.02,-1.84,0.00,0.32,-0.04,2.41,-0.09,2.22,9.87,2.02,110.60
118.80806420,31.89047390,8.48,0.59,270.62,-0.48,0.02,-1.84,0.00,0.32,-0.04,2.41,-0.09,2.22,9.87,2.06,112.30
118.80806420,31.89047390,8.48,0.59,270.62,-0.48,0.02,-1.84,0.00,1.05,0.24,7.58,-0.34,1.22,9.60,2.09,115.40
118.80806420,31.89047390,8.48,0.59,270.62,-0.48,0.02,-1.84,0.00,1.05,0.24,7.58,-0.34,1.22,9.60,2.53,115.30
118.80806420,31.89047390,8.48,0.59,270.62,-0.48,0.02,-1.84,0.00,1.05,0.24,7.58,-0.34,1.22,9.60,2.56,114.90
118.80806420,31.89047390,8.48,0.59,270.62,-0.48,0.02,-1.84,0.00,1.05,0.24,7.58,-0.34,1.22,9.60,2.59,114.50
118.80806420,31.89047390,8.48,0.59,270.62,-0.48,0.02,-1.84,0.00,1.05,0.24,7.58,-0.34,1.22,9.60,2.62,114.30
118.80806420,31.89047390,8.48,0.59,270.62,-0.48,0.02,-1.84,0.00,1.05,0.24,7.58,-0.34,1.22,9.60,2.62,114.00
118.80804661,31.89047356,8.49,0.62,265.77,-0.48,-0.19,-2.84,0.01,1.05,0.24,7.58,-0.34,1.22,9.60,2.66,113.80
118.80804661,31.89047356,8.49,0.62,265.77,-0.48,-0.19,-2.84,0.01,1.05,0.24,7.58,-0.34,1.22,9.60,2.66,111.90
118.80804661,31.89047356,8.49,0.62,265.77,-0.48,-0.19,-2.84,0.01,1.05,0.24,7.58,-0.34,1.22,9.60,2.66,111.80
118.80804661,31.89047356,8.49,0.62,265.77,-0.48,-0.19,-2.84,0.01,1.05,0.24,7.58,-0.34,1.22,9.60,3.01,111.60
118.80804661,31.89047356,8.49,0.62,265.77,-0.48,-0.19,-2.84,0.01,1.05,0.24,7.58,-0.34,1.22,9.60,3.04,111.30
118.80804661,31.89047356,8.49,0.62,265.77,-0.48,-0.19,-2.84,0.01,1.05,0.24,7.58,-0.34,1.22,9.60,3.06,111.20
118.80804661,31.89047356,8.49,0.62,265.77,-0.48,-0.19,-2.84,0.01,1.05,0.24,7.58,-0.34,1.22,9.60,3.09,110.90
118.80804661,31.89047356,8.49,0.62,265.77,-0.48,-0.19,-2.84,0.01,1.05,0.24,7.58,-0.34,1.22,9.60,3.12,110.60
118.80804661,31.89047356,8.49,0.62,265.77,-0.48,-0.19,-2.84,0.01,-0.68,-0.36,8.53,-0.39,0.69,10.00,3.14,110.40
118.80804661,31.89047356,8.49,0.62,265.77,-0.48,-0.19,-2.84,0.01,-0.05,0.10,9.34,-0.60,1.36,10.75,3.46,110.40
118.80804661,31.89047356,8.49,0.62,265.77,-0.48,-0.19,-2.84,0.01,-0.05,0.10,9.34,-0.60,1.36,10.75,3.48,103.50
118.80804661,31.89047356,8.49,0.62,265.77,-0.48,-0.19,-2.84,0.01,-0.05,0.10,9.34,-0.60,1.36,10.75,3.51,102.70
118.80804661,31.89047356,8.49,0.62,265.77,-0.48,-0.19,-2.84,0.01,-0.05,0.10,9.34,-0.60,1.36,10.75,3.53,101.70
118.80804661,31.89047356,8.49,0.62,265.77,-0.48,-0.19,-2.84,0.01,-0.05,0.10,9.34,-0.60,1.36,10.75,3.55,100.70
118.80802067,31.89047068,8.50,0.45,259.00,-0.48,-0.70,-3.69,0.04,-0.05,0.10,9.34,-0.60,1.36,10.75,3.59,99.60
118.80802067,31.89047068,8.50,0.45,259.00,-0.48,-0.70,-3.69,0.04,-0.05,0.10,9.34,-0.60,1.36,10.75,3.59,73.00
118.80802067,31.89047068,8.50,0.45,259.00,-0.48,-0.70,-3.69,0.04,-0.05,0.10,9.34,-0.60,1.36,10.75,3.59,71.30
118.80802067,31.89047068,8.50,0.45,259.00,-0.48,-0.70,-3.69,0.04,-0.05,0.10,9.34,-0.60,1.36,10.75,3.90,67.40
118.80802067,31.89047068,8.50,0.45,259.00,-0.48,-0.70,-3.69,0.04,-0.05,0.10,9.34,-0.60,1.36,10.75,3.92,63.40
118.80802067,31.89047068,8.50,0.45,259.00,-0.48,-0.70,-3.69,0.04,-0.05,0.10,9.34,-0.60,1.36,10.75,3.95,61.10
118.80802067,31.89047068,8.50,0.45,259.00,-0.48,-0.70,-3.69,0.04,-0.05,0.10,9.34,-0.60,1.36,10.75,3.98,56.80
118.80802067,31.89047068,8.50,0.45,259.00,-0.48,-0.70,-3.69,0.04,-0.05,0.10,9.34,-0.60,1.36,10.75,4.00,52.50
118.80802067,31.89047068,8.50,0.45,259.00,-0.48,-0.70,-3.69,0.04,-0.12,-0.76,1.27,0.07,0.72,9.30,4.04,48.30
118.80802067,31.89047068,8.50,0.45,259.00,-0.48,-0.70,-3.69,0.04,-0.12,-0.76,1.27,0.07,0.72,9.30,4.35,3.00
118.80802067,31.89047068,8.50,0.45,259.00,-0.48,-0.70,-3.69,0.04,-0.12,-0.76,1.27,0.07,0.72,9.30,4.37,0.10
118.80802067,31.89047068,8.50,0.45,259.00,-0.48,-0.70,-3.69,0.04,-0.12,-0.76,1.27,0.07,0.72,9.30,4.39,-2.60
118.80802067,31.89047068,8.50,0.45,259.00,-0.48,-0.70,-3.69,0.04,-0.12,-0.76,1.27,0.07,0.72,9.30,4.42,-5.10
118.80802067,31.89047068,8.50,0.45,259.00,-0.48,-0.70,-3.69,0.04,-0.12,-0.76,1.27,0.07,0.72,9.30,4.44,-7.30
118.80802067,31.89047068,8.50,0.45,259.00,-0.48,-0.70,-3.69,0.04,-0.12,-0.76,1.27,0.07,0.72,9.30,4.44,-9.30
118.80799057,31.89046489,8.51,-0.01,257.34,-0.64,-1.00,-4.47,0.00,-0.12,-0.76,1.27,0.07,0.72,9.30,4.47,-11.10
118.80799057,31.89046489,8.51,-0.01,257.34,-0.64,-1.00,-4.47,0.00,-0.12,-0.76,1.27,0.07,0.72,9.30,4.49,-13.10
118.80799057,31.89046489,8.51,-0.01,257.34,-0.64,-1.00,-4.47,0.00,-0.12,-0.76,1.27,0.07,0.72,9.30,4.80,-13.00
118.80799057,31.89046489,8.51,-0.01,257.34,-0.64,-1.00,-4.47,0.00,-0.12,-0.76,1.27,0.07,0.72,9.30,4.83,-12.90
118.80799057,31.89046489,8.51,-0.01,257.34,-0.64,-1.00,-4.47,0.00,-0.12,-0.76,1.27,0.07,0.72,9.30,4.85,-12.90
118.80799057,31.89046489,8.51,-0.01,257.34,-0.64,-1.00,-4.47,0.00,-0.12,-0.76,1.27,0.07,0.72,9.30,4.87,-12.90
118.80799057,31.89046489,8.51,-0.01,257.34,-0.64,-1.00,-4.47,0.00,-0.12,-0.76,1.27,0.07,0.72,9.30,4.90,-13.10
118.80799057,31.89046489,8.51,-0.01,257.34,-0.64,-1.00,-4.47,0.00,-0.12,-0.76,1.27,0.07,0.72,9.30,4.92,-13.30
118.80799057,31.89046489,8.51,-0.01,257.34,-0.64,-1.00,-4.47,0.00,0.21,0.39,-1.64,0.54,1.09,10.02,4.92,-15.80
118.80799057,31.89046489,8.51,-0.01,257.34,-0.64,-1.00,-4.47,0.00,0.21,0.39,-1.64,0.54,1.09,10.02,4.92,-16.10
118.80799057,31.89046489,8.51,-0.01,257.34,-0.64,-1.00,-4.47,0.00,0.21,0.39,-1.64,0.54,1.09,10.02,5.21,-17.00
118.80799057,31.89046489,8.51,-0.01,257.34,-0.64,-1.00,-4.47,0.00,0.21,0.39,-1.64,0.54,1.09,10.02,5.23,-18.10
118.80799057,31.89046489,8.51,-0.01,257.34,-0.64,-1.00,-4.47,0.00,0.21,0.39,-1.64,0.54,1.09,10.02,5.24,-18.80
118.80799057,31.89046489,8.51,-0.01,257.34,-0.64,-1.00,-4.47,0.00,0.21,0.39,-1.64,0.54,1.09,10.02,5.26,-20.30
118.80795189,31.89045768,8.51,-0.58,258.93,-0.65,-1.04,-5.25,0.01,0.21,0.39,-1.64,0.54,1.09,10.02,5.28,-22.10
118.80795189,31.89045768,8.51,-0.58,258.93,-0.65,-1.04,-5.25,0.01,0.21,0.39,-1.64,0.54,1.09,10.02,5.30,-24.00
118.80795189,31.89045768,8.51,-0.58,258.93,-0.65,-1.04,-5.25,0.01,0.21,0.39,-1.64,0.54,1.09,10.02,5.56,-25.00
118.80795189,31.89045768,8.51,-0.58,258.93,-0.65,-1.04,-5.25,0.01,0.21,0.39,-1.64,0.54,1.09,10.02,5.59,-40.90
118.80795189,31.89045768,8.51,-0.58,258.93,-0.65,-1.04,-5.25,0.01,0.21,0.39,-1.64,0.54,1.09,10.02,5.62,-41.00
118.80795189,31.89045768,8.51,-0.58,258.93,-0.65,-1.04,-5.25,0.01,0.21,0.39,-1.64,0.54,1.09,10.02,5.63,-41.00
118.80795189,31.89045768,8.51,-0.58,258.93,-0.65,-1.04,-5.25,0.01,0.21,0.39,-1.64,0.54,1.09,10.02,5.65,-41.00
118.80795189,31.89045768,8.51,-0.58,258.93,-0.65,-1.04,-5.25,0.01,0.21,0.39,-1.64,0.54,1.09,10.02,5.65,-40.90
118.80795189,31.89045768,8.51,-0.58,258.93,-0.65,-1.04,-5.25,0.01,2.46,2.42,-4.52,1.66,0.21,8.04,5.68,-40.60
118.80795189,31.89045768,8.51,-0.58,258.93,-0.65,-1.04,-5.25,0.01,2.46,2.42,-4.52,1.66,0.21,8.04,5.69,-31.20
118.80795189,31.89045768,8.51,-0.58,258.93,-0.65,-1.04,-5.25,0.01,2.46,2.42,-4.52,1.66,0.21,8.04,5.95,-30.70
118.80795189,31.89045768,8.51,-0.58,258.93,-0.65,-1.04,-5.25,0.01,2.46,2.42,-4.52,1.66,0.21,8.04,5.96,-29.70
118.80795189,31.89045768,8.51,-0.58,258.93,-0.65,-1.04,-5.25,0.01,2.46,2.42,-4.52,1.66,0.21,8.04,5.95,-28.70
118.80795189,31.89045768,8.51,-0.58,258.93,-0.65,-1.04,-5.25,0.01,2.46,2.42,-4.52,1.66,0.21,8.04,5.99,-27.50
118.80795189,31.89045768,8.51,-0.58,258.93,-0.65,-1.04,-5.25,0.01,2.46,2.42,-4.52,1.66,0.21,8.04,6.00,-26.20
118.80791054,31.89045173,8.51,-0.87,262.15,-0.73,-0.83,-5.91,0.01,2.46,2.42,-4.52,1.66,0.21,8.04,6.01,-24.90
118.80791054,31.89045173,8.51,-0.87,262.15,-0.73,-0.83,-5.91,0.01,2.46,2.42,-4.52,1.66,0.21,8.04,6.01,-9.70
118.80791054,31.89045173,8.51,-0.87,262.15,-0.73,-0.83,-5.91,0.01,2.46,2.42,-4.52,1.66,0.21,8.04,6.01,-9.30
118.80791054,31.89045173,8.51,-0.87,262.15,-0.73,-0.83,-5.91,0.01,2.46,2.42,-4.52,1.66,0.21,8.04,6.24,-8.60
118.80791054,31.89045173,8.51,-0.87,262.15,-0.73,-0.83,-5.91,0.01,2.46,2.42,-4.52,1.66,0.21,8.04,6.27,-8.20
118.80791054,31.89045173,8.51,-0.87,262.15,-0.73,-0.83,-5.91,0.01,2.46,2.42,-4.52,1.66,0.21,8.04,6.30,-8.10
118.80791054,31.89045173,8.51,-0.87,262.15,-0.73,-0.83,-5.91,0.01,2.46,2.42,-4.52,1.66,0.21,8.04,6.32,-8.10
118.80791054,31.89045173,8.51,-0.87,262.15,-0.73,-0.83,-5.91,0.01,0.06,0.06,-3.73,0.99,0.81,10.22,6.35,-8.60
118.80791054,31.89045173,8.51,-0.87,262.15,-0.73,-0.83,-5.91,0.01,1.19,-1.61,-3.79,0.47,0.58,9.18,6.36,-9.60
118.80791054,31.89045173,8.51,-0.87,262.15,-0.73,-0.83,-5.91,0.01,1.19,-1.61,-3.79,0.47,0.58,9.18,6.56,-55.20
118.80791054,31.89045173,8.51,-0.87,262.15,-0.73,-0.83,-5.91,0.01,1.19,-1.61,-3.79,0.47,0.58,9.18,6.57,-59.40
118.80791054,31.89045173,8.51,-0.87,262.15,-0.73,-0.83,-5.91,0.01,1.19,-1.61,-3.79,0.47,0.58,9.18,6.58,-63.20
118.80791054,31.89045173,8.51,-0.87,262.15,-0.73,-0.83,-5.91,0.01,1.19,-1.61,-3.79,0.47,0.58,9.18,6.59,-66.80
118.80791054,31.89045173,8.51,-0.87,262.15,-0.73,-0.83,-5.91,0.01,1.19,-1.61,-3.79,0.47,0.58,9.18,6.60,-69.70
118.80786148,31.89044651,8.53,-1.37,266.34,-0.98,-0.46,-6.33,0.01,1.19,-1.61,-3.79,0.47,0.58,9.18,6.60,-72.10
118.80786148,31.89044651,8.53,-1.37,266.34,-0.98,-0.46,-6.33,0.01,1.19,-1.61,-3.79,0.47,0.58,9.18,6.61,-74.20
118.80786148,31.89044651,8.53,-1.37,266.34,-0.98,-0.46,-6.33,0.01,1.19,-1.61,-3.79,0.47,0.58,9.18,6.61,-82.20
118.80786148,31.89044651,8.53,-1.37,266.34,-0.98,-0.46,-6.33,0.01,1.19,-1.61,-3.79,0.47,0.58,9.18,6.62,-82.70
118.80786148,31.89044651,8.53,-1.37,266.34,-0.98,-0.46,-6.33,0.01,1.19,-1.61,-3.79,0.47,0.58,9.18,6.62,-83.70
118.80786148,31.89044651,8.53,-1.37,266.34,-0.98,-0.46,-6.33,0.01,1.19,-1.61,-3.79,0.47,0.58,9.18,6.62,-85.00
118.80786148,31.89044651,8.53,-1.37,266.34,-0.98,-0.46,-6.33,0.01,1.19,-1.61,-3.79,0.47,0.58,9.18,6.61,-86.40
118.80786148,31.89044651,8.53,-1.37,266.34,-0.98,-0.46,-6.33,0.01,-0.58,2.08,-15.00,2.36,-0.44,10.13,6.61,-87.90
118.80786148,31.89044651,8.53,-1.37,266.34,-0.98,-0.46,-6.33,0.01,-0.58,2.08,-15.00,2.36,-0.44,10.13,6.60,-89.50
118.80786148,31.89044651,8.53,-1.37,266.34,-0.98,-0.46,-6.33,0.01,-0.58,2.08,-15.00,2.36,-0.44,10.13,6.60,-92.10
118.80786148,31.89044651,8.53,-1.37,266.34,-0.98,-0.46,-6.33,0.01,-0.58,2.08,-15.00,2.36,-0.44,10.13,6.60,-90.70
118.80786148,31.89044651,8.53,-1.37,266.34,-0.98,-0.46,-6.33,0.01,-0.58,2.08,-15.00,2.36,-0.44,10.13,6.53,-87.10
118.80786148,31.89044651,8.53,-1.37,266.34,-0.98,-0.46,-6.33,0.01,-0.58,2.08,-15.00,2.36,-0.44,10.13,6.51,-82.70
118.80786148,31.89044651,8.53,-1.37,266.34,-0.98,-0.46,-6.33,0.01,-0.58,2.08,-15.00,2.36,-0.44,10.13,6.50,-80.00
118.80786148,31.89044651,8.53,-1.37,266.34,-0.98,-0.46,-6.33,0.01,-0.58,2.08,-15.00,2.36,-0.44,10.13,6.49,-74.30
118.80781520,31.89044689,8.54,-0.68,275.14,-1.01,0.59,-6.10,0.03,-0.58,2.08,-15.00,2.36,-0.44,10.13,6.50,-67.80
118.80781520,31.89044689,8.54,-0.68,275.14,-1.01,0.59,-6.10,0.03,-0.58,2.08,-15.00,2.36,-0.44,10.13,6.49,-64.50
118.80781520,31.89044689,8.54,-0.68,275.14,-1.01,0.59,-6.10,0.03,-0.58,2.08,-15.00,2.36,-0.44,10.13,6.35,-64.50
118.80781520,31.89044689,8.54,-0.68,275.14,-1.01,0.59,-6.10,0.03,-0.58,2.08,-15.00,2.36,-0.44,10.13,6.34,24.70
118.80781520,31.89044689,8.54,-0.68,275.14,-1.01,0.59,-6.10,0.03,-0.58,2.08,-15.00,2.36,-0.44,10.13,6.33,30.10
118.80781520,31.89044689,8.54,-0.68,275.14,-1.01,0.59,-6.10,0.03,-0.58,2.08,-15.00,2.36,-0.44,10.13,6.33,35.20
118.80781520,31.89044689,8.54,-0.68,275.14,-1.01,0.59,-6.10,0.03,-0.58,2.08,-15.00,2.36,-0.44,10.13,6.32,40.40
118.80781520,31.89044689,8.54,-0.68,275.14,-1.01,0.59,-6.10,0.03,-1.43,-0.40,11.16,-1.22,-0.31,9.76,6.31,45.40
118.80781520,31.89044689,8.54,-0.68,275.14,-1.01,0.59,-6.10,0.03,-1.43,-0.40,11.16,-1.22,-0.31,9.76,6.31,85.60
118.80781520,31.89044689,8.54,-0.68,275.14,-1.01,0.59,-6.10,0.03,-1.43,-0.40,11.16,-1.22,-0.31,9.76,6.31,86.00
118.80781520,31.89044689,8.54,-0.68,275.14,-1.01,0.59,-6.10,0.03,-1.43,-0.40,11.16,-1.22,-0.31,9.76,6.17,86.80
118.80781520,31.89044689,8.54,-0.68,275.14,-1.01,0.59,-6.10,0.03,-1.43,-0.40,11.16,-1.22,-0.31,9.76,6.16,87.40
118.80781520,31.89044689,8.54,-0.68,275.14,-1.01,0.59,-6.10,0.03,-1.43,-0.40,11.16,-1.22,-0.31,9.76,6.16,87.50
118.80781520,31.89044689,8.54,-0.68,275.14,-1.01,0.59,-6.10,0.03,-1.43,-0.40,11.16,-1.22,-0.31,9.76,6.15,87.60
118.80776806,31.89044931,8.55,0.20,268.64,-1.30,-0.13,-5.77,-0.01,-1.43,-0.40,11.16,-1.22,-0.31,9.76,6.14,87.40
118.80776806,31.89044931,8.55,0.20,268.64,-1.30,-0.13,-5.77,-0.01,-1.43,-0.40,11.16,-1.22,-0.31,9.76,6.13,86.90
118.80776806,31.89044931,8.55,0.20,268.64,-1.30,-0.13,-5.77,-0.01,-1.43,-0.40,11.16,-1.22,-0.31,9.76,6.13,46.00
118.80776806,31.89044931,8.55,0.20,268.64,-1.30,-0.13,-5.77,-0.01,-1.43,-0.40,11.16,-1.22,-0.31,9.76,6.01,40.80
118.80776806,31.89044931,8.55,0.20,268.64,-1.30,-0.13,-5.77,-0.01,-1.43,-0.40,11.16,-1.22,-0.31,9.76,6.00,35.60
118.80776806,31.89044931,8.55,0.20,268.64,-1.30,-0.13,-5.77,-0.01,-1.43,-0.40,11.16,-1.22,-0.31,9.76,6.00,30.50
118.80776806,31.89044931,8.55,0.20,268.64,-1.30,-0.13,-5.77,-0.01,-1.43,-0.40,11.16,-1.22,-0.31,9.76,5.99,25.40
118.80776806,31.89044931,8.55,0.20,268.64,-1.30,-0.13,-5.77,-0.01,1.01,-1.08,5.92,-0.40,-0.72,9.49,5.97,20.10
118.80776806,31.89044931,8.55,0.20,268.64,-1.30,-0.13,-5.77,-0.01,-1.37,-1.96,-2.16,0.44,-1.21,9.49,5.96,17.60
118.80776806,31.89044931,8.55,0.20,268.64,-1.30,-0.13,-5.77,-0.01,-1.37,-1.96,-2.16,0.44,-1.21,9.49,5.95,-48.80
118.80776806,31.89044931,8.55,0.20,268.64,-1.30,-0.13,-5.77,-0.01,-1.37,-1.96,-2.16,0.44,-1.21,9.49,5.82,-51.00
118.80776806,31.89044931,8.55,0.20,268.64,-1.30,-0.13,-5.77,-0.01,-1.37,-1.96,-2.16,0.44,-1.21,9.49,5.82,-55.00
118.80776806,31.89044931,8.55,0.20,268.64,-1.30,-0.13,-5.77,-0.01,-1.37,-1.96,-2.16,0.44,-1.21,9.49,5.81,-58.70
118.80776806,31.89044931,8.55,0.20,268.64,-1.30,-0.13,-5.77,-0.01,-1.37,-1.96,-2.16,0.44,-1.21,9.49,5.80,-62.10
118.80776806,31.89044931,8.55,0.20,268.64,-1.30,-0.13,-5.77,-0.01,-1.37,-1.96,-2.16,0.44,-1.21,9.49,5.78,-65.40
118.80772662,31.89044795,8.56,-0.57,270.20,-1.20,-0.02,-5.43,-0.01,-1.37,-1.96,-2.16,0.44,-1.21,9.49,5.76,-68.50
118.80772662,31.89044795,8.56,-0.57,270.20,-1.20,-0.02,-5.43,-0.01,-1.37,-1.96,-2.16,0.44,-1.21,9.49,5.76,-89.20
118.80772662,31.89044795,8.56,-0.57,270.20,-1.20,-0.02,-5.43,-0.01,-1.37,-1.96,-2.16,0.44,-1.21,9.49,5.76,-89.30
118.80772662,31.89044795,8.56,-0.57,270.20,-1.20,-0.02,-5.43,-0.01,-1.37,-1.96,-2.16,0.44,-1.21,9.49,5.66,-89.40
118.80772662,31.89044795,8.56,-0.57,270.20,-1.20,-0.02,-5.43,-0.01,-1.37,-1.96,-2.16,0.44,-1.21,9.49,5.63,-89.00
118.80772662,31.89044795,8.56,-0.57,270.20,-1.20,-0.02,-5.43,-0.01,-1.37,-1.96,-2.16,0.44,-1.21,9.49,5.62,-88.70
118.80772662,31.89044795,8.56,-0.57,270.20,-1.20,-0.02,-5.43,-0.01,-1.38,-0.80,-9.31,1.18,-0.34,10.00,5.62,-87.80
118.80772662,31.89044795,8.56,-0.57,270.20,-1.20,-0.02,-5.43,-0.01,1.06,2.61,-9.36,1.33,-0.31,10.30,5.60,-86.40
118.80772662,31.89044795,8.56,-0.57,270.20,-1.20,-0.02,-5.43,-0.01,1.06,2.61,-9.36,1.33,-0.31,10.30,5.60,-84.50
118.80772662,31.89044795,8.56,-0.57,270.20,-1.20,-0.02,-5.43,-0.01,1.06,2.61,-9.36,1.33,-0.31,10.30,5.48,-24.20
118.80772662,31.89044795,8.56,-0.57,270.20,-1.20,-0.02,-5.43,-0.01,1.06,2.61,-9.36,1.33,-0.31,10.30,5.48,-18.10
118.80772662,31.89044795,8.56,-0.57,270.20,-1.20,-0.02,-5.43,-0.01,1.06,2.61,-9.36,1.33,-0.31,10.30,5.43,-12.50
118.80772662,31.89044795,8.56,-0.57,270.20,-1.20,-0.02,-5.43,-0.01,1.06,2.61,-9.36,1.33,-0.31,10.30,5.42,-7.10
118.80772662,31.89044795,8.56,-0.57,270.20,-1.20,-0.02,-5.43,-0.01,1.06,2.61,-9.36,1.33,-0.31,10.30,5.42,-1.80
118.80768525,31.89044988,8.57,0.45,274.81,-0.96,0.43,-5.05,0.01,1.06,2.61,-9.36,1.33,-0.31,10.30,5.42,0.90
118.80768525,31.89044988,8.57,0.45,274.81,-0.96,0.43,-5.05,0.01,1.06,2.61,-9.36,1.33,-0.31,10.30,5.41,6.10
118.80768525,31.89044988,8.57,0.45,274.81,-0.96,0.43,-5.05,0.01,1.06,2.61,-9.36,1.33,-0.31,10.30,5.39,66.10
118.80768525,31.89044988,8.57,0.45,274.81,-0.96,0.43,-5.05,0.01,1.06,2.61,-9.36,1.33,-0.31,10.30,5.31,68.30
118.80768525,31.89044988,8.57,0.45,274.81,-0.96,0.43,-5.05,0.01,1.06,2.61,-9.36,1.33,-0.31,10.30,5.31,72.00
118.80768525,31.89044988,8.57,0.45,274.81,-0.96,0.43,-5.05,0.01,1.06,2.61,-9.36,1.33,-0.31,10.30,5.28,75.60
118.80768525,31.89044988,8.57,0.45,274.81,-0.96,0.43,-5.05,0.01,0.38,1.27,8.07,-0.59,-0.82,9.76,5.28,78.90
118.80768525,31.89044988,8.57,0.45,274.81,-0.96,0.43,-5.05,0.01,-1.47,0.63,11.50,-1.42,-0.54,10.00,5.27,82.00
118.80768525,31.89044988,8.57,0.45,274.81,-0.96,0.43,-5.05,0.01,-1.47,0.63,11.50,-1.42,-0.54,10.00,5.26,84.90
118.80768525,31.89044988,8.57,0.45,274.81,-0.96,0.43,-5.05,0.01,-1.47,0.63,11.50,-1.42,-0.54,10.00,5.26,105.10
118.80768525,31.89044988,8.57,0.45,274.81,-0.96,0.43,-5.05,0.01,-1.47,0.63,11.50,-1.42,-0.54,10.00,5.26,105.40
118.80768525,31.89044988,8.57,0.45,274.81,-0.96,0.43,-5.05,0.01,-1.47,0.63,11.50,-1.42,-0.54,10.00,5.16,105.70
118.80768525,31.89044988,8.57,0.45,274.81,-0.96,0.43,-5.05,0.01,-1.47,0.63,11.50,-1.42,-0.54,10.00,5.14,105.50
118.80768525,31.89044988,8.57,0.45,274.81,-0.96,0.43,-5.05,0.01,-1.47,0.63,11.50,-1.42,-0.54,10.00,5.14,105.30
118.80768525,31.89044988,8.57,0.45,274.81,-0.96,0.43,-5.05,0.01,-1.47,0.63,11.50,-1.42,-0.54,10.00,5.13,104.60
118.80764871,31.89045101,8.59,0.57,267.13,-1.37,-0.24,-4.75,0.01,-1.47,0.63,11.50,-1.42,-0.54,10.00,5.12,103.70
118.80764871,31.89045101,8.59,0.57,267.13,-1.37,-0.24,-4.75,0.01,-1.47,0.63,11.50,-1.42,-0.54,10.00,5.09,102.60
118.80764871,31.89045101,8.59,0.57,267.13,-1.37,-0.24,-4.75,0.01,-1.47,0.63,11.50,-1.42,-0.54,10.00,4.98,63.00
118.80764871,31.89045101,8.59,0.57,267.13,-1.37,-0.24,-4.75,0.01,-1.47,0.63,11.50,-1.42,-0.54,10.00,4.96,58.10
118.80764871,31.89045101,8.59,0.57,267.13,-1.37,-0.24,-4.75,0.01,-1.47,0.63,11.50,-1.42,-0.54,10.00,4.94,52.80
118.80764871,31.89045101,8.59,0.57,267.13,-1.37,-0.24,-4.75,0.01,-1.47,0.63,11.50,-1.42,-0.54,10.00,4.92,47.90
118.80764871,31.89045101,8.59,0.57,267.13,-1.37,-0.24,-4.75,0.01,1.13,-2.34,1.96,-0.55,-0.30,8.87,4.91,42.80
118.80764871,31.89045101,8.59,0.57,267.13,-1.37,-0.24,-4.75,0.01,1.13,-2.34,1.96,-0.55,-0.30,8.87,4.91,37.60
118.80764871,31.89045101,8.59,0.57,267.13,-1.37,-0.24,-4.75,0.01,1.13,-2.34,1.96,-0.55,-0.30,8.87,4.89,32.30
118.80764871,31.89045101,8.59,0.57,267.13,-1.37,-0.24,-4.75,0.01,1.13,-2.34,1.96,-0.55,-0.30,8.87,4.88,-39.30
118.80764871,31.89045101,8.59,0.57,267.13,-1.37,-0.24,-4.75,0.01,1.13,-2.34,1.96,-0.55,-0.30,8.87,4.74,-44.70
118.80764871,31.89045101,8.59,0.57,267.13,-1.37,-0.24,-4.75,0.01,1.13,-2.34,1.96,-0.55,-0.30,8.87,4.72,-47.40
118.80764871,31.89045101,8.59,0.57,267.13,-1.37,-0.24,-4.75,0.01,1.13,-2.34,1.96,-0.55,-0.30,8.87,4.70,-52.50
118.80764871,31.89045101,8.59,0.57,267.13,-1.37,-0.24,-4.75,0.01,1.13,-2.34,1.96,-0.55,-0.30,8.87,4.69,-57.40
118.80761243,31.89044851,8.60,-0.12,266.93,-1.22,-0.27,-4.41,-0.01,1.13,-2.34,1.96,-0.55,-0.30,8.87,4.68,-62.30
118.80761243,31.89044851,8.60,-0.12,266.93,-1.22,-0.27,-4.41,-0.01,1.13,-2.34,1.96,-0.55,-0.30,8.87,4.68,-67.00
118.80761243,31.89044851,8.60,-0.12,266.93,-1.22,-0.27,-4.41,-0.01,1.13,-2.34,1.96,-0.55,-0.30,8.87,4.68,-109.30
118.80761243,31.89044851,8.60,-0.12,266.93,-1.22,-0.27,-4.41,-0.01,1.13,-2.34,1.96,-0.55,-0.30,8.87,4.68,-110.00
118.80761243,31.89044851,8.60,-0.12,266.93,-1.22,-0.27,-4.41,-0.01,1.13,-2.34,1.96,-0.55,-0.30,8.87,4.54,-111.20
118.80761243,31.89044851,8.60,-0.12,266.93,-1.22,-0.27,-4.41,-0.01,1.13,-2.34,1.96,-0.55,-0.30,8.87,4.53,-112.00
118.80761243,31.89044851,8.60,-0.12,266.93,-1.22,-0.27,-4.41,-0.01,0.31,0.19,-9.25,0.34,-0.89,9.81,4.52,-112.20
118.80761243,31.89044851,8.60,-0.12,266.93,-1.22,-0.27,-4.41,-0.01,-0.91,0.53,-12.15,0.77,-0.33,10.07,4.51,-112.30
118.80761243,31.89044851,8.60,-0.12,266.93,-1.22,-0.27,-4.41,-0.01,-0.91,0.53,-12.15,0.77,-0.33,10.07,4.50,-112.10
118.80761243,31.89044851,8.60,-0.12,266.93,-1.22,-0.27,-4.41,-0.01,-0.91,0.53,-12.15,0.77,-0.33,10.07,4.49,-111.80
118.80761243,31.89044851,8.60,-0.12,266.93,-1.22,-0.27,-4.41,-0.01,-0.91,0.53,-12.15,0.77,-0.33,10.07,4.40,-73.50
118.80761243,31.89044851,8.60,-0.12,266.93,-1.22,-0.27,-4.41,-0.01,-0.91,0.53,-12.15,0.77,-0.33,10.07,4.40,-70.60
118.80761243,31.89044851,8.60,-0.12,266.93,-1.22,-0.27,-4.41,-0.01,-0.91,0.53,-12.15,0.77,-0.33,10.07,4.40,-65.20
118.80761243,31.89044851,8.60,-0.12,266.93,-1.22,-0.27,-4.41,-0.01,-0.91,0.53,-12.15,0.77,-0.33,10.07,4.40,-59.00
118.80761243,31.89044851,8.60,-0.12,266.93,-1.22,-0.27,-4.41,-0.01,-0.91,0.53,-12.15,0.77,-0.33,10.07,4.39,-54.40
118.80758067,31.89044869,8.60,0.46,273.39,-1.39,0.27,-4.30,-0.01,-0.91,0.53,-12.15,0.77,-0.33,10.07,4.40,-48.20
118.80758067,31.89044869,8.60,0.46,273.39,-1.39,0.27,-4.30,-0.01,-0.91,0.53,-12.15,0.77,-0.33,10.07,4.40,36.70
118.80758067,31.89044869,8.60,0.46,273.39,-1.39,0.27,-4.30,-0.01,-0.91,0.53,-12.15,0.77,-0.33,10.07,4.40,39.90
118.80758067,31.89044869,8.60,0.46,273.39,-1.39,0.27,-4.30,-0.01,-0.91,0.53,-12.15,0.77,-0.33,10.07,4.50,46.00
118.80758067,31.89044869,8.60,0.46,273.39,-1.39,0.27,-4.30,-0.01,-0.91,0.53,-12.15,0.77,-0.33,10.07,4.51,52.10
118.80758067,31.89044869,8.60,0.46,273.39,-1.39,0.27,-4.30,-0.01,-0.32,1.11,-3.50,0.46,0.25,10.27,4.53,55.00
118.80758067,31.89044869,8.60,0.46,273.39,-1.39,0.27,-4.30,-0.01,0.33,0.77,9.91,-0.53,0.61,9.81,4.54,60.90
118.80758067,31.89044869,8.60,0.46,273.39,-1.39,0.27,-4.30,-0.01,0.33,0.77,9.91,-0.53,0.61,9.81,4.57,66.60
118.80758067,31.89044869,8.60,0.46,273.39,-1.39,0.27,-4.30,-0.01,0.33,0.77,9.91,-0.53,0.61,9.81,4.58,72.00
118.80758067,31.89044869,8.60,0.46,273.39,-1.39,0.27,-4.30,-0.01,0.33,0.77,9.91,-0.53,0.61,9.81,4.83,99.00
118.80758067,31.89044869,8.60,0.46,273.39,-1.39,0.27,-4.30,-0.01,0.33,0.77,9.91,-0.53,0.61,9.81,4.85,97.60
118.80758067,31.89044869,8.60,0.46,273.39,-1.39,0.27,-4.30,-0.01,0.33,0.77,9.91,-0.53,0.61,9.81,4.87,95.80
118.80758067,31.89044869,8.60,0.46,273.39,-1.39,0.27,-4.30,-0.01,0.33,0.77,9.91,-0.53,0.61,9.81,4.88,93.50
118.80758067,31.89044869,8.60,0.46,273.39,-1.39,0.27,-4.30,-0.01,0.33,0.77,9.91,-0.53,0.61,9.81,4.90,91.10
118.80754454,31.89044935,8.59,0.64,267.03,-0.99,-0.23,-4.79,-0.02,0.33,0.77,9.91,-0.53,0.61,9.81,4.90,88.40
118.80754454,31.89044935,8.59,0.64,267.03,-0.99,-0.23,-4.79,-0.02,0.33,0.77,9.91,-0.53,0.61,9.81,4.92,85.50
118.80754454,31.89044935,8.59,0.64,267.03,-0.99,-0.23,-4.79,-0.02,0.33,0.77,9.91,-0.53,0.61,9.81,4.93,49.00
118.80754454,31.89044935,8.59,0.64,267.03,-0.99,-0.23,-4.79,-0.02,0.33,0.77,9.91,-0.53,0.61,9.81,5.02,47.60
118.80754454,31.89044935,8.59,0.64,267.03,-0.99,-0.23,-4.79,-0.02,0.33,0.77,9.91,-0.53,0.61,9.81,5.02,44.60
118.80754454,31.89044935,8.59,0.64,267.03,-0.99,-0.23,-4.79,-0.02,-0.00,-0.46,11.60,-1.28,0.88,10.44,5.03,41.30
118.80754454,31.89044935,8.59,0.64,267.03,-0.99,-0.23,-4.79,-0.02,0.04,-1.19,3.05,-0.34,-0.05,9.47,5.04,37.80
118.80754454,31.89044935,8.59,0.64,267.03,-0.99,-0.23,-4.79,-0.02,0.04,-1.19,3.05,-0.34,-0.05,9.47,5.05,34.00
118.80754454,31.89044935,8.59,0.64,267.03,-0.99,-0.23,-4.79,-0.02,0.04,-1.19,3.05,-0.34,-0.05,9.47,5.05,30.00
118.80754454,31.89044935,8.59,0.64,267.03,-0.99,-0.23,-4.79,-0.02,0.04,-1.19,3.05,-0.34,-0.05,9.47,5.13,-29.00
118.80754454,31.89044935,8.59,0.64,267.03,-0.99,-0.23,-4.79,-0.02,0.04,-1.19,3.05,-0.34,-0.05,9.47,5.13,-31.20
118.80754454,31.89044935,8.59,0.64,267.03,-0.99,-0.23,-4.79,-0.02,0.04,-1.19,3.05,-0.34,-0.05,9.47,5.13,-35.60
118.80754454,31.89044935,8.59,0.64,267.03,-0.99,-0.23,-4.79,-0.02,0.04,-1.19,3.05,-0.34,-0.05,9.47,5.14,-39.90
118.80754454,31.89044935,8.59,0.64,267.03,-0.99,-0.23,-4.79,-0.02,0.04,-1.19,3.05,-0.34,-0.05,9.47,5.14,-42.10
118.80754454,31.89044935,8.59,0.64,267.03,-0.99,-0.23,-4.79,-0.02,0.04,-1.19,3.05,-0.34,-0.05,9.47,5.14,-46.20
118.80750826,31.89044707,8.59,0.13,267.10,-1.04,-0.28,-5.04,-0.01,0.04,-1.19,3.05,-0.34,-0.05,9.47,5.15,-50.20
118.80750826,31.89044707,8.59,0.13,267.10,-1.04,-0.28,-5.04,-0.01,0.04,-1.19,3.05,-0.34,-0.05,9.47,5.16,-53.90
118.80750826,31.89044707,8.59,0.13,267.10,-1.04,-0.28,-5.04,-0.01,0.04,-1.19,3.05,-0.34,-0.05,9.47,5.23,-55.60
118.80750826,31.89044707,8.59,0.13,267.10,-1.04,-0.28,-5.04,-0.01,0.04,-1.19,3.05,-0.34,-0.05,9.47,5.24,-79.90
118.80750826,31.89044707,8.59,0.13,267.10,-1.04,-0.28,-5.04,-0.01,0.04,-1.19,3.05,-0.34,-0.05,9.47,5.24,-78.50
118.80750826,31.89044707,8.59,0.13,267.10,-1.04,-0.28,-5.04,-0.01,-1.10,0.64,-9.00,1.25,0.83,10.26,5.25,-76.30
118.80750826,31.89044707,8.59,0.13,267.10,-1.04,-0.28,-5.04,-0.01,-1.10,0.64,-9.00,1.25,0.83,10.26,5.26,-73.30
118.80750826,31.89044707,8.59,0.13,267.10,-1.04,-0.28,-5.04,-0.01,-1.10,0.64,-9.00,1.25,0.83,10.26,5.26,-69.50
118.80750826,31.89044707,8.59,0.13,267.10,-1.04,-0.28,-5.04,-0.01,-1.10,0.64,-9.00,1.25,0.83,10.26,5.27,-67.40
118.80750826,31.89044707,8.59,0.13,267.10,-1.04,-0.28,-5.04,-0.01,-1.10,0.64,-9.00,1.25,0.83,10.26,5.28,11.60
118.80750826,31.89044707,8.59,0.13,267.10,-1.04,-0.28,-5.04,-0.01,-1.10,0.64,-9.00,1.25,0.83,10.26,5.41,16.90
118.80750826,31.89044707,8.59,0.13,267.10,-1.04,-0.28,-5.04,-0.01,-1.10,0.64,-9.00,1.25,0.83,10.26,5.41,19.80
118.80750826,31.89044707,8.59,0.13,267.10,-1.04,-0.28,-5.04,-0.01,-1.10,0.64,-9.00,1.25,0.83,10.26,5.42,25.20
118.80750826,31.89044707,8.59,0.13,267.10,-1.04,-0.28,-5.04,-0.01,-1.10,0.64,-9.00,1.25,0.83,10.26,5.43,30.50
118.80746717,31.89044686,8.59,0.74,269.40,-1.21,-0.01,-5.33,-0.03,-1.10,0.64,-9.00,1.25,0.83,10.26,5.45,35.60
118.80746717,31.89044686,8.59,0.74,269.40,-1.21,-0.01,-5.33,-0.03,-1.10,0.64,-9.00,1.25,0.83,10.26,5.46,40.90
118.80746717,31.89044686,8.59,0.74,269.40,-1.21,-0.01,-5.33,-0.03,-1.10,0.64,-9.00,1.25,0.83,10.26,5.47,93.30
118.80746717,31.89044686,8.59,0.74,269.40,-1.21,-0.01,-5.33,-0.03,-1.10,0.64,-9.00,1.25,0.83,10.26,5.47,94.50
118.80746717,31.89044686,8.59,0.74,269.40,-1.21,-0.01,-5.33,-0.03,-1.10,0.64,-9.00,1.25,0.83,10.26,5.61,96.50
118.80746717,31.89044686,8.59,0.74,269.40,-1.21,-0.01,-5.33,-0.03,0.60,0.79,13.18,-1.48,-0.39,9.89,5.62,98.20
118.80746717,31.89044686,8.59,0.74,269.40,-1.21,-0.01,-5.33,-0.03,-1.24,-0.65,13.98,-1.60,0.56,10.24,5.63,98.90
118.80746717,31.89044686,8.59,0.74,269.40,-1.21,-0.01,-5.33,-0.03,-1.24,-0.65,13.98,-1.60,0.56,10.24,5.65,100.10
118.80746717,31.89044686,8.59,0.74,269.40,-1.21,-0.01,-5.33,-0.03,-1.24,-0.65,13.98,-1.60,0.56,10.24,5.65,100.90
118.80746717,31.89044686,8.59,0.74,269.40,-1.21,-0.01,-5.33,-0.03,-1.24,-0.65,13.98,-1.60,0.56,10.24,5.65,101.30
118.80746717,31.89044686,8.59,0.74,269.40,-1.21,-0.01,-5.33,-0.03,-1.24,-0.65,13.98,-1.60,0.56,10.24,5.67,83.70
118.80746717,31.89044686,8.59,0.74,269.40,-1.21,-0.01,-5.33,-0.03,-1.24,-0.65,13.98,-1.60,0.56,10.24,5.73,80.20
118.80746717,31.89044686,8.59,0.74,269.40,-1.21,-0.01,-5.33,-0.03,-1.24,-0.65,13.98,-1.60,0.56,10.24,5.74,76.40
118.80746717,31.89044686,8.59,0.74,269.40,-1.21,-0.01,-5.33,-0.03,-1.24,-0.65,13.98,-1.60,0.56,10.24,5.75,72.50
118.80746717,31.89044686,8.59,0.74,269.40,-1.21,-0.01,-5.33,-0.03,-1.24,-0.65,13.98,-1.60,0.56,10.24,5.76,68.40
118.80742707,31.89044400,8.59,0.67,261.11,-1.24,-0.87,-5.49,0.00,-1.24,-0.65,13.98,-1.60,0.56,10.24,5.76,64.30
118.80742707,31.89044400,8.59,0.67,261.11,-1.24,-0.87,-5.49,0.00,-1.24,-0.65,13.98,-1.60,0.56,10.24,5.76,62.20
118.80742707,31.89044400,8.59,0.67,261.11,-1.24,-0.87,-5.49,0.00,-1.24,-0.65,13.98,-1.60,0.56,10.24,5.72,-2.70
118.80742707,31.89044400,8.59,0.67,261.11,-1.24,-0.87,-5.49,0.00,-1.24,-0.65,13.98,-1.60,0.56,10.24,5.81,-7.60
118.80742707,31.89044400,8.59,0.67,261.11,-1.24,-0.87,-5.49,0.00,0.37,-0.07,12.76,-1.36,0.01,9.60,5.81,-10.10
118.80742707,31.89044400,8.59,0.67,261.11,-1.24,-0.87,-5.49,0.00,-0.53,-1.66,-2.81,0.39,0.11,10.03,5.82,-14.80
118.80742707,31.89044400,8.59,0.67,261.11,-1.24,-0.87,-5.49,0.00,-0.53,-1.66,-2.81,0.39,0.11,10.03,5.82,-19.00
118.80742707,31.89044400,8.59,0.67,261.11,-1.24,-0.87,-5.49,0.00,-0.53,-1.66,-2.81,0.39,0.11,10.03,5.82,-23.20
118.80742707,31.89044400,8.59,0.67,261.11,-1.24,-0.87,-5.49,0.00,-0.53,-1.66,-2.81,0.39,0.11,10.03,5.84,-27.20
118.80742707,31.89044400,8.59,0.67,261.11,-1.24,-0.87,-5.49,0.00,-0.53,-1.66,-2.81,0.39,0.11,10.03,5.84,-58.40
118.80742707,31.89044400,8.59,0.67,261.11,-1.24,-0.87,-5.49,0.00,-0.53,-1.66,-2.81,0.39,0.11,10.03,5.84,-59.00
118.80742707,31.89044400,8.59,0.67,261.11,-1.24,-0.87,-5.49,0.00,-0.53,-1.66,-2.81,0.39,0.11,10.03,5.92,-60.40
118.80742707,31.89044400,8.59,0.67,261.11,-1.24,-0.87,-5.49,0.00,-0.53,-1.66,-2.81,0.39,0.11,10.03,5.93,-61.80
118.80742707,31.89044400,8.59,0.67,261.11,-1.24,-0.87,-5.49,0.00,-0.53,-1.66,-2.81,0.39,0.11,10.03,5.94,-62.50
118.80738274,31.89043828,8.57,0.04,264.61,-1.21,-0.60,-5.73,-0.03,-0.53,-1.66,-2.81,0.39,0.11,10.03,5.95,-63.90
118.80738274,31.89043828,8.57,0.04,264.61,-1.21,-0.60,-5.73,-0.03,-0.53,-1.66,-2.81,0.39,0.11,10.03,5.95,-65.40
118.80738274,31.89043828,8.57,0.04,264.61,-1.21,-0.60,-5.73,-0.03,-0.53,-1.66,-2.81,0.39,0.11,10.03,5.95,-66.10
118.80738274,31.89043828,8.57,0.04,264.61,-1.21,-0.60,-5.73,-0.03,-0.53,-1.66,-2.81,0.39,0.11,10.03,6.03,-79.70
118.80738274,31.89043828,8.57,0.04,264.61,-1.21,-0.60,-5.73,-0.03,-0.53,-1.66,-2.81,0.39,0.11,10.03,6.03,-79.50
118.80738274,31.89043828,8.57,0.04,264.61,-1.21,-0.60,-5.73,-0.03,-0.05,0.37,-11.24,1.15,0.26,9.58,6.04,-78.70
118.80738274,31.89043828,8.57,0.04,264.61,-1.21,-0.60,-5.73,-0.03,-0.05,0.37,-11.24,1.15,0.26,9.58,6.05,-77.50
118.80738274,31.89043828,8.57,0.04,264.61,-1.21,-0.60,-5.73,-0.03,-0.05,0.37,-11.24,1.15,0.26,9.58,6.05,-75.80
118.80738274,31.89043828,8.57,0.04,264.61,-1.21,-0.60,-5.73,-0.03,-0.05,0.37,-11.24,1.15,0.26,9.58,6.06,-73.60
118.80738274,31.89043828,8.57,0.04,264.61,-1.21,-0.60,-5.73,-0.03,-0.05,0.37,-11.24,1.15,0.26,9.58,6.06,-17.60
118.80738274,31.89043828,8.57,0.04,264.61,-1.21,-0.60,-5.73,-0.03,-0.05,0.37,-11.24,1.15,0.26,9.58,6.06,-15.20
118.80738274,31.89043828,8.57,0.04,264.61,-1.21,-0.60,-5.73,-0.03,-0.05,0.37,-11.24,1.15,0.26,9.58,6.14,-10.50
118.80738274,31.89043828,8.57,0.04,264.61,-1.21,-0.60,-5.73,-0.03,-0.05,0.37,-11.24,1.15,0.26,9.58,6.14,-6.00
118.80738274,31.89043828,8.57,0.04,264.61,-1.21,-0.60,-5.73,-0.03,-0.05,0.37,-11.24,1.15,0.26,9.58,6.15,-3.70
118.80738274,31.89043828,8.57,0.04,264.61,-1.21,-0.60,-5.73,-0.03,-0.05,0.37,-11.24,1.15,0.26,9.58,6.15,0.50
118.80733939,31.89043683,8.56,0.58,268.88,-1.19,-0.09,-5.98,-0.02,-0.05,0.37,-11.24,1.15,0.26,9.58,6.15,4.60
118.80733939,31.89043683,8.56,0.58,268.88,-1.19,-0.09,-5.98,-0.02,-0.05,0.37,-11.24,1.15,0.26,9.58,6.15,8.30
118.80733939,31.89043683,8.56,0.58,268.88,-1.19,-0.09,-5.98,-0.02,-0.05,0.37,-11.24,1.15,0.26,9.58,6.15,44.80
118.80733939,31.89043683,8.56,0.58,268.88,-1.19,-0.09,-5.98,-0.02,-0.05,0.37,-11.24,1.15,0.26,9.58,6.23,47.80
118.80733939,31.89043683,8.56,0.58,268.88,-1.19,-0.09,-5.98,-0.02,0.02,-1.18,8.26,-1.34,-0.07,9.50,6.24,50.80
118.80733939,31.89043683,8.56,0.58,268.88,-1.19,-0.09,-5.98,-0.02,0.02,-1.18,8.26,-1.34,-0.07,9.50,6.25,53.90
118.80733939,31.89043683,8.56,0.58,268.88,-1.19,-0.09,-5.98,-0.02,0.02,-1.18,8.26,-1.34,-0.07,9.50,6.26,56.80
118.80733939,31.89043683,8.56,0.58,268.88,-1.19,-0.09,-5.98,-0.02,0.02,-1.18,8.26,-1.34,-0.07,9.50,6.26,59.90
118.80733939,31.89043683,8.56,0.58,268.88,-1.19,-0.09,-5.98,-0.02,0.02,-1.18,8.26,-1.34,-0.07,9.50,6.27,62.80
118.80733939,31.89043683,8.56,0.58,268.88,-1.19,-0.09,-5.98,-0.02,0.02,-1.18,8.26,-1.34,-0.07,9.50,6.28,86.00
118.80733939,31.89043683,8.56,0.58,268.88,-1.19,-0.09,-5.98,-0.02,0.02,-1.18,8.26,-1.34,-0.07,9.50,6.33,85.50
118.80733939,31.89043683,8.56,0.58,268.88,-1.19,-0.09,-5.98,-0.02,0.02,-1.18,8.26,-1.34,-0.07,9.50,6.33,85.00
118.80733939,31.89043683,8.56,0.58,268.88,-1.19,-0.09,-5.98,-0.02,0.02,-1.18,8.26,-1.34,-0.07,9.50,6.34,83.60
118.80733939,31.89043683,8.56,0.58,268.88,-1.19,-0.09,-5.98,-0.02,0.02,-1.18,8.26,-1.34,-0.07,9.50,6.35,81.60
118.80729139,31.89043406,8.55,0.68,261.56,-1.34,-0.92,-6.12,0.01,0.02,-1.18,8.26,-1.34,-0.07,9.50,6.35,79.10
118.80729139,31.89043406,8.55,0.68,261.56,-1.34,-0.92,-6.12,0.01,0.02,-1.18,8.26,-1.34,-0.07,9.50,6.35,76.00
118.80729139,31.89043406,8.55,0.68,261.56,-1.34,-0.92,-6.12,0.01,0.02,-1.18,8.26,-1.34,-0.07,9.50,6.35,5.50
118.80729139,31.89043406,8.55,0.68,261.56,-1.34,-0.92,-6.12,0.01,0.02,-1.18,8.26,-1.34,-0.07,9.50,6.35,2.50
118.80729139,31.89043406,8.55,0.68,261.56,-1.34,-0.92,-6.12,0.01,-0.46,-2.58,-1.84,0.39,-0.02,10.29,6.43,-3.20
118.80729139,31.89043406,8.55,0.68,261.56,-1.34,-0.92,-6.12,0.01,-0.46,-2.58,-1.84,0.39,-0.02,10.29,6.44,-8.80
118.80729139,31.89043406,8.55,0.68,261.56,-1.34,-0.92,-6.12,0.01,-0.46,-2.58,-1.84,0.39,-0.02,10.29,6.45,-11.40
118.80729139,31.89043406,8.55,0.68,261.56,-1.34,-0.92,-6.12,0.01,-0.46,-2.58,-1.84,0.39,-0.02,10.29,6.45,-16.90
118.80729139,31.89043406,8.55,0.68,261.56,-1.34,-0.92,-6.12,0.01,-0.46,-2.58,-1.84,0.39,-0.02,10.29,6.45,-22.20
118.80729139,31.89043406,8.55,0.68,261.56,-1.34,-0.92,-6.12,0.01,-0.46,-2.58,-1.84,0.39,-0.02,10.29,6.46,-27.60
118.80729139,31.89043406,8.55,0.68,261.56,-1.34,-0.92,-6.12,0.01,-0.46,-2.58,-1.84,0.39,-0.02,10.29,6.45,-74.00
118.80729139,31.89043406,8.55,0.68,261.56,-1.34,-0.92,-6.12,0.01,-0.46,-2.58,-1.84,0.39,-0.02,10.29,6.44,-74.60
118.80729139,31.89043406,8.55,0.68,261.56,-1.34,-0.92,-6.12,0.01,-0.46,-2.58,-1.84,0.39,-0.02,10.29,6.43,-74.40
118.80729139,31.89043406,8.55,0.68,261.56,-1.34,-0.92,-6.12,0.01,-0.46,-2.58,-1.84,0.39,-0.02,10.29,6.43,-73.50
118.80729139,31.89043406,8.55,0.68,261.56,-1.34,-0.92,-6.12,0.01,-0.46,-2.58,-1.84,0.39,-0.02,10.29,6.42,-71.90
118.80724623,31.89042863,8.54,-0.18,265.52,-1.44,-0.49,-6.09,-0.03,-0.46,-2.58,-1.84,0.39,-0.02,10.29,6.42,-69.80
118.80724623,31.89042863,8.54,-0.18,265.52,-1.44,-0.49,-6.09,-0.03,-0.46,-2.58,-1.84,0.39,-0.02,10.29,6.42,-68.40
118.80724623,31.89042863,8.54,-0.18,265.52,-1.44,-0.49,-6.09,-0.03,-0.46,-2.58,-1.84,0.39,-0.02,10.29,6.42,-15.60
118.80724623,31.89042863,8.54,-0.18,265.52,-1.44,-0.49,-6.09,-0.03,-1.00,0.98,-3.74,0.84,0.10,10.00,6.35,-13.30
118.80724623,31.89042863,8.54,-0.18,265.52,-1.44,-0.49,-6.09,-0.03,0.25,0.99,-1.44,0.31,-0.83,9.49,6.33,-12.30
118.80724623,31.89042863,8.54,-0.18,265.52,-1.44,-0.49,-6.09,-0.03,0.25,0.99,-1.44,0.31,-0.83,9.49,6.32,-10.30
118.80724623,31.89042863,8.54,-0.18,265.52,-1.44,-0.49,-6.09,-0.03,0.25,0.99,-1.44,0.31,-0.83,9.49,6.31,-8.60
118.80724623,31.89042863,8.54,-0.18,265.52,-1.44,-0.49,-6.09,-0.03,0.25,0.99,-1.44,0.31,-0.83,9.49,6.33,-6.90
118.80724623,31.89042863,8.54,-0.18,265.52,-1.44,-0.49,-6.09,-0.03,0.25,0.99,-1.44,0.31,-0.83,9.49,6.32,-5.40
118.80724623,31.89042863,8.54,-0.18,265.52,-1.44,-0.49,-6.09,-0.03,0.25,0.99,-1.44,0.31,-0.83,9.49,6.32,-3.50
118.80724623,31.89042863,8.54,-0.18,265.52,-1.44,-0.49,-6.09,-0.03,0.25,0.99,-1.44,0.31,-0.83,9.49,6.32,-3.70
118.80724623,31.89042863,8.54,-0.18,265.52,-1.44,-0.49,-6.09,-0.03,0.25,0.99,-1.44,0.31,-0.83,9.49,6.21,-3.90
118.80724623,31.89042863,8.54,-0.18,265.52,-1.44,-0.49,-6.09,-0.03,0.25,0.99,-1.44,0.31,-0.83,9.49,6.20,-4.20
118.80724623,31.89042863,8.54,-0.18,265.52,-1.44,-0.49,-6.09,-0.03,0.25,0.99,-1.44,0.31,-0.83,9.49,6.20,-4.40
118.80719875,31.89042602,8.52,0.06,266.68,-1.48,-0.34,-5.82,-0.00,0.25,0.99,-1.44,0.31,-0.83,9.49,6.19,-4.70
118.80719875,31.89042602,8.52,0.06,266.68,-1.48,-0.34,-5.82,-0.00,0.25,0.99,-1.44,0.31,-0.83,9.49,6.18,-5.00
118.80719875,31.89042602,8.52,0.06,266.68,-1.48,-0.34,-5.82,-0.00,0.25,0.99,-1.44,0.31,-0.83,9.49,6.17,-5.30
118.80719875,31.89042602,8.52,0.06,266.68,-1.48,-0.34,-5.82,-0.00,0.25,0.99,-1.44,0.31,-0.83,9.49,6.02,-6.40
118.80719875,31.89042602,8.52,0.06,266.68,-1.48,-0.34,-5.82,-0.00,0.04,0.57,-1.00,0.02,-0.97,10.27,6.01,-6.40
118.80719875,31.89042602,8.52,0.06,266.68,-1.48,-0.34,-5.82,-0.00,0.04,0.57,-1.00,0.02,-0.97,10.27,5.99,-6.30
118.80719875,31.89042602,8.52,0.06,266.68,-1.48,-0.34,-5.82,-0.00,0.04,0.57,-1.00,0.02,-0.97,10.27,5.97,-6.30
118.80719875,31.89042602,8.52,0.06,266.68,-1.48,-0.34,-5.82,-0.00,0.04,0.57,-1.00,0.02,-0.97,10.27,5.95,-6.40
118.80719875,31.89042602,8.52,0.06,266.68,-1.48,-0.34,-5.82,-0.00,0.04,0.57,-1.00,0.02,-0.97,10.27,5.95,-6.50
118.80719875,31.89042602,8.52,0.06,266.68,-1.48,-0.34,-5.82,-0.00,0.04,0.57,-1.00,0.02,-0.97,10.27,5.94,-6.60
118.80719875,31.89042602,8.52,0.06,266.68,-1.48,-0.34,-5.82,-0.00,0.04,0.57,-1.00,0.02,-0.97,10.27,5.91,-6.40
118.80719875,31.89042602,8.52,0.06,266.68,-1.48,-0.34,-5.82,-0.00,0.04,0.57,-1.00,0.02,-0.97,10.27,5.56,-6.30
118.80719875,31.89042602,8.52,0.06,266.68,-1.48,-0.34,-5.82,-0.00,0.04,0.57,-1.00,0.02,-0.97,10.27,5.51,-6.30
118.80719875,31.89042602,8.52,0.06,266.68,-1.48,-0.34,-5.82,-0.00,0.04,0.57,-1.00,0.02,-0.97,10.27,5.47,-6.20
118.80719875,31.89042602,8.52,0.06,266.68,-1.48,-0.34,-5.82,-0.00,0.04,0.57,-1.00,0.02,-0.97,10.27,5.43,-6.20
118.80715858,31.89042409,8.52,0.03,267.30,-1.94,-0.24,-4.78,-0.01,0.04,0.57,-1.00,0.02,-0.97,10.27,5.38,-6.10
118.80715858,31.89042409,8.52,0.03,267.30,-1.94,-0.24,-4.78,-0.01,0.04,0.57,-1.00,0.02,-0.97,10.27,5.34,-6.10
118.80715858,31.89042409,8.52,0.03,267.30,-1.94,-0.24,-4.78,-0.01,0.04,0.57,-1.00,0.02,-0.97,10.27,5.34,-3.90
118.80715858,31.89042409,8.52,0.03,267.30,-1.94,-0.24,-4.78,-0.01,-0.50,-0.16,-0.64,0.19,-2.71,10.09,5.34,-3.60
118.80715858,31.89042409,8.52,0.03,267.30,-1.94,-0.24,-4.78,-0.01,-0.50,-0.16,-0.64,0.19,-2.71,10.09,4.70,-3.10
118.80715858,31.89042409,8.52,0.03,267.30,-1.94,-0.24,-4.78,-0.01,-0.50,-0.16,-0.64,0.19,-2.71,10.09,4.65,-2.40
118.80715858,31.89042409,8.52,0.03,267.30,-1.94,-0.24,-4.78,-0.01,-0.50,-0.16,-0.64,0.19,-2.71,10.09,4.59,-2.10
118.80715858,31.89042409,8.52,0.03,267.30,-1.94,-0.24,-4.78,-0.01,-0.50,-0.16,-0.64,0.19,-2.71,10.09,4.54,-1.40
118.80715858,31.89042409,8.52,0.03,267.30,-1.94,-0.24,-4.78,-0.01,-0.50,-0.16,-0.64,0.19,-2.71,10.09,4.48,-0.80
118.80715858,31.89042409,8.52,0.03,267.30,-1.94,-0.24,-4.78,-0.01,-0.50,-0.16,-0.64,0.19,-2.71,10.09,4.43,-0.50
118.80715858,31.89042409,8.52,0.03,267.30,-1.94,-0.24,-4.78,-0.01,-0.50,-0.16,-0.64,0.19,-2.71,10.09,3.72,0.50
118.80715858,31.89042409,8.52,0.03,267.30,-1.94,-0.24,-4.78,-0.01,-0.50,-0.16,-0.64,0.19,-2.71,10.09,3.72,0.40
118.80715858,31.89042409,8.52,0.03,267.30,-1.94,-0.24,-4.78,-0.01,-0.50,-0.16,-0.64,0.19,-2.71,10.09,3.67,0.20
118.80715858,31.89042409,8.52,0.03,267.30,-1.94,-0.24,-4.78,-0.01,-0.50,-0.16,-0.64,0.19,-2.71,10.09,3.62,0.00
118.80712872,31.89042276,8.51,0.13,267.41,-2.08,-0.14,-2.72,-0.01,-0.50,-0.16,-0.64,0.19,-2.71,10.09,3.56,0.00
118.80712872,31.89042276,8.51,0.13,267.41,-2.08,-0.14,-2.72,-0.01,-0.50,-0.16,-0.64,0.19,-2.71,10.09,3.51,0.10
118.80712872,31.89042276,8.51,0.13,267.41,-2.08,-0.14,-2.72,-0.01,-0.50,-0.16,-0.64,0.19,-2.71,10.09,3.45,1.00
118.80712872,31.89042276,8.51,0.13,267.41,-2.08,-0.14,-2.72,-0.01,-0.29,-0.06,0.04,-0.16,-3.31,9.68,3.45,1.10
118.80712872,31.89042276,8.51,0.13,267.41,-2.08,-0.14,-2.72,-0.01,-0.67,-0.04,0.10,0.12,-3.01,9.77,2.69,1.30
118.80712872,31.89042276,8.51,0.13,267.41,-2.08,-0.14,-2.72,-0.01,-0.67,-0.04,0.10,0.12,-3.01,9.77,2.64,1.60
118.80712872,31.89042276,8.51,0.13,267.41,-2.08,-0.14,-2.72,-0.01,-0.67,-0.04,0.10,0.12,-3.01,9.77,2.58,1.70
118.80712872,31.89042276,8.51,0.13,267.41,-2.08,-0.14,-2.72,-0.01,-0.67,-0.04,0.10,0.12,-3.01,9.77,2.53,2.00
118.80712872,31.89042276,8.51,0.13,267.41,-2.08,-0.14,-2.72,-0.01,-0.67,-0.04,0.10,0.12,-3.01,9.77,2.47,2.30
118.80712872,31.89042276,8.51,0.13,267.41,-2.08,-0.14,-2.72,-0.01,-0.67,-0.04,0.10,0.12,-3.01,9.77,2.42,2.50
118.80712872,31.89042276,8.51,0.13,267.41,-2.08,-0.14,-2.72,-0.01,-0.67,-0.04,0.10,0.12,-3.01,9.77,2.42,2.40
118.80712872,31.89042276,8.51,0.13,267.41,-2.08,-0.14,-2.72,-0.01,-0.67,-0.04,0.10,0.12,-3.01,9.77,1.77,2.40
118.80712872,31.89042276,8.51,0.13,267.41,-2.08,-0.14,-2.72,-0.01,-0.67,-0.04,0.10,0.12,-3.01,9.77,1.73,2.40
118.80712872,31.89042276,8.51,0.13,267.41,-2.08,-0.14,-2.72,-0.01,-0.67,-0.04,0.10,0.12,-3.01,9.77,1.68,2.40
118.80712872,31.89042276,8.51,0.13,267.41,-2.08,-0.14,-2.72,-0.01,-0.67,-0.04,0.10,0.12,-3.01,9.77,1.63,2.40
118.80711515,31.89042221,8.51,0.09,267.38,-2.07,-0.07,-0.99,-0.00,-0.67,-0.04,0.10,0.12,-3.01,9.77,1.58,2.30
118.80711515,31.89042221,8.51,0.09,267.38,-2.07,-0.07,-0.99,-0.00,-0.67,-0.04,0.10,0.12,-3.01,9.77,1.55,2.30
118.80711515,31.89042221,8.51,0.09,267.38,-2.07,-0.07,-0.99,-0.00,-0.25,0.21,0.06,-0.05,-2.84,9.69,1.49,2.30
118.80711515,31.89042221,8.51,0.09,267.38,-2.07,-0.07,-0.99,-0.00,-0.25,0.21,0.06,-0.05,-2.84,9.69,0.91,2.30
118.80711515,31.89042221,8.51,0.09,267.38,-2.07,-0.07,-0.99,-0.00,-0.25,0.21,0.06,-0.05,-2.84,9.69,0.91,2.30
118.80711515,31.89042221,8.51,0.09,267.38,-2.07,-0.07,-0.99,-0.00,-0.25,0.21,0.06,-0.05,-2.84,9.69,0.86,2.30
118.80711515,31.89042221,8.51,0.09,267.38,-2.07,-0.07,-0.99,-0.00,-0.25,0.21,0.06,-0.05,-2.84,9.69,0.82,2.30
118.80711515,31.89042221,8.51,0.09,267.38,-2.07,-0.07,-0.99,-0.00,-0.25,0.21,0.06,-0.05,-2.84,9.69,0.78,2.30
118.80711515,31.89042221,8.51,0.09,267.38,-2.07,-0.07,-0.99,-0.00,-0.25,0.21,0.06,-0.05,-2.84,9.69,0.73,2.30
118.80711515,31.89042221,8.51,0.09,267.38,-2.07,-0.07,-0.99,-0.00,-0.25,0.21,0.06,-0.05,-2.84,9.69,0.70,2.30
118.80711515,31.89042221,8.51,0.09,267.38,-2.07,-0.07,-0.99,-0.00,-0.25,0.21,0.06,-0.05,-2.84,9.69,0.70,2.30
118.80711515,31.89042221,8.51,0.09,267.38,-2.07,-0.07,-0.99,-0.00,-0.25,0.21,0.06,-0.05,-2.84,9.69,0.25,2.50
118.80711515,31.89042221,8.51,0.09,267.38,-2.07,-0.07,-0.99,-0.00,-0.25,0.21,0.06,-0.05,-2.84,9.69,0.24,2.70
118.80711515,31.89042221,8.51,0.09,267.38,-2.07,-0.07,-0.99,-0.00,-0.25,0.21,0.06,-0.05,-2.84,9.69,0.24,2.90
118.80711316,31.89042222,8.49,0.10,267.31,-1.40,-0.02,-0.01,0.02,-0.25,0.21,0.06,-0.05,-2.84,9.69,0.24,3.20
118.80711316,31.89042222,8.49,0.10,267.31,-1.40,-0.02,-0.01,0.02,-0.25,0.21,0.06,-0.05,-2.84,9.69,0.23,3.60
118.80711316,31.89042222,8.49,0.10,267.31,-1.40,-0.02,-0.01,0.02,-0.25,0.21,0.06,-0.05,-2.84,9.69,0.23,4.00
118.80711316,31.89042222,8.49,0.10,267.31,-1.40,-0.02,-0.01,0.02,-0.01,0.26,0.24,-0.10,-0.41,9.68,0.12,5.20
118.80711316,31.89042222,8.49,0.10,267.31,-1.40,-0.02,-0.01,0.02,-0.01,0.26,0.24,-0.10,-0.41,9.68,0.09,5.20
118.80711316,31.89042222,8.49,0.10,267.31,-1.40,-0.02,-0.01,0.02,-0.01,0.26,0.24,-0.10,-0.41,9.68,0.07,5.20
118.80711316,31.89042222,8.49,0.10,267.31,-1.40,-0.02,-0.01,0.02,-0.01,0.26,0.24,-0.10,-0.41,9.68,0.06,5.20
118.80711316,31.89042222,8.49,0.10,267.31,-1.40,-0.02,-0.01,0.02,-0.01,0.26,0.24,-0.10,-0.41,9.68,0.05,5.20
118.80711316,31.89042222,8.49,0.10,267.31,-1.40,-0.02,-0.01,0.02,-0.01,0.26,0.24,-0.10,-0.41,9.68,0.05,5.20
118.80711316,31.89042222,8.49,0.10,267.31,-1.40,-0.02,-0.01,0.02,-0.01,0.26,0.24,-0.10,-0.41,9.68,0.03,5.20
118.80711316,31.89042222,8.49,0.10,267.31,-1.40,-0.02,-0.01,0.02,-0.01,0.26,0.24,-0.10,-0.41,9.68,0.01,5.20
118.80711316,31.89042222,8.49,0.10,267.31,-1.40,-0.02,-0.01,0.02,-0.01,0.26,0.24,-0.10,-0.41,9.68,0.00,5.20
118.80711316,31.89042222,8.49,0.10,267.31,-1.40,-0.02,-0.01,0.02,-0.01,0.26,0.24,-0.10,-0.41,9.68,0.00,5.20
118.80711316,31.89042222,8.49,0.10,267.31,-1.40,-0.02,-0.01,0.02,-0.01,0.26,0.24,-0.10,-0.41,9.68,0.00,5.20
118.80711316,31.89042222,8.49,0.10,267.31,-1.40,-0.02,-0.01,0.02,-0.01,0.26,0.24,-0.10,-0.41,9.68,0.00,5.30
118.80711318,31.89042232,8.49,0.12,267.28,-1.41,-0.00,-0.00,-0.00,-0.01,0.26,0.24,-0.10,-0.41,9.68,0.00,5.30
118.80711318,31.89042232,8.49,0.12,267.28,-1.41,-0.00,-0.00,-0.00,-0.01,0.26,0.24,-0.10,-0.41,9.68,0.00,5.30
118.80711318,31.89042232,8.49,0.12,267.28,-1.41,-0.00,-0.00,-0.00,-0.02,0.05,-0.01,0.20,-0.37,9.75,0.00,5.20
118.80711318,31.89042232,8.49,0.12,267.28,-1.41,-0.00,-0.00,-0.00,0.11,0.02,-0.04,0.10,-0.21,9.78,0.00,5.20
118.80711318,31.89042232,8.49,0.12,267.28,-1.41,-0.00,-0.00,-0.00,0.11,0.02,-0.04,0.10,-0.21,9.78,0.00,5.20
118.80711318,31.89042232,8.49,0.12,267.28,-1.41,-0.00,-0.00,-0.00,0.11,0.02,-0.04,0.10,-0.21,9.78,0.00,5.20
118.80711318,31.89042232,8.49,0.12,267.28,-1.41,-0.00,-0.00,-0.00,0.11,0.02,-0.04,0.10,-0.21,9.78,0.00,5.20
118.80711318,31.89042232,8.49,0.12,267.28,-1.41,-0.00,-0.00,-0.00,0.11,0.02,-0.04,0.10,-0.21,9.78,0.00,5.20
118.80711318,31.89042232,8.49,0.12,267.28,-1.41,-0.00,-0.00,-0.00,0.11,0.02,-0.04,0.10,-0.21,9.78,0.00,5.20
118.80711318,31.89042232,8.49,0.12,267.28,-1.41,-0.00,-0.00,-0.00,0.11,0.02,-0.04,0.10,-0.21,9.78,0.00,5.20
118.80711318,31.89042232,8.49,0.12,267.28,-1.41,-0.00,-0.00,-0.00,0.11,0.02,-0.04,0.10,-0.21,9.78,0.00,5.00
118.80711318,31.89042232,8.49,0.12,267.28,-1.41,-0.00,-0.00,-0.00,0.11,0.02,-0.04,0.10,-0.21,9.78,0.00,5.00
118.80711318,31.89042232,8.49,0.12,267.28,-1.41,-0.00,-0.00,-0.00,0.11,0.02,-0.04,0.10,-0.21,9.78,0.00,4.90
