  longitude ,  latitude ,high;roll,yaw,pitch;n_vel,e_vel,u_vel;angleSpeedx_y_z;lineAccx_y_z;speed,steeringAngle
118.80817277,31.89047720,8.46;0.36,265.41,-0.75;-0.32,-4.16,0.01;-0.59,0.58,0.89;0.06,1.05,10.24;4.42,8.10
118.80817277,31.89047720,8.46;0.36,265.41,-0.75;-0.32,-4.16,0.01;-0.59,0.58,0.89;0.06,1.05,10.24;4.62,7.90
118.80817277,31.89047720,8.46;0.36,265.41,-0.75;-0.32,-4.16,0.01;-0.59,0.58,0.89;0.06,1.05,10.24;4.64,7.90
118.80817277,31.89047720,8.46;0.36,265.41,-0.75;-0.32,-4.16,0.01;-0.59,0.58,0.89;0.06,1.05,10.24;4.66,7.90
118.80817277,31.89047720,8.46;0.36,265.41,-0.75;-0.32,-4.16,0.01;-0.59,0.58,0.89;0.06,1.05,10.24;4.68,7.90
118.80817277,31.89047720,8.46;0.36,265.41,-0.75;-0.32,-4.16,0.01;-0.59,0.58,0.89;0.06,1.05,10.24;4.69,7.90
118.80817277,31.89047720,8.46;0.36,265.41,-0.75;-0.32,-4.16,0.01;-0.59,0.58,0.89;0.06,1.05,10.24;4.71,7.80
118.80817277,31.89047720,8.46;0.36,265.41,-0.75;-0.32,-4.16,0.01;-0.59,0.58,0.89;0.06,1.05,10.24;4.71,7.80
118.80813728,31.89047471,8.47;0.36,264.79,-0.78;-0.44,-4.80,0.00;-0.59,0.58,0.89;0.06,1.05,10.24;4.71,7.80
118.80813728,31.89047471,8.47;0.36,264.79,-0.78;-0.44,-4.80,0.00;-0.59,0.58,0.89;0.06,1.05,10.24;4.94,7.70
118.80813728,31.89047471,8.47;0.36,264.79,-0.78;-0.44,-4.80,0.00;-0.59,0.58,0.89;0.06,1.05,10.24;4.95,7.70
118.80813728,31.89047471,8.47;0.36,264.79,-0.78;-0.44,-4.80,0.00;-0.59,0.58,0.89;0.06,1.05,10.24;4.97,7.60
118.80813728,31.89047471,8.47;0.36,264.79,-0.78;-0.44,-4.80,0.00;-0.59,0.58,0.89;0.06,1.05,10.24;4.99,7.60
118.80813728,31.89047471,8.47;0.36,264.79,-0.78;-0.44,-4.80,0.00;-0.59,0.58,0.89;0.06,1.05,10.24;5.01,7.60
118.80813728,31.89047471,8.47;0.36,264.79,-0.78;-0.44,-4.80,0.00;-0.39,-0.04,0.92;-0.37,0.71,9.68;5.22,7.50
118.80813728,31.89047471,8.47;0.36,264.79,-0.78;-0.44,-4.80,0.00;-0.39,-0.04,0.92;-0.37,0.71,9.68;5.22,4.80
118.80813728,31.89047471,8.47;0.36,264.79,-0.78;-0.44,-4.80,0.00;-0.39,-0.04,0.92;-0.37,0.71,9.68;5.24,4.60
118.80813728,31.89047471,8.47;0.36,264.79,-0.78;-0.44,-4.80,0.00;-0.39,-0.04,0.92;-0.37,0.71,9.68;5.24,4.60
118.80813728,31.89047471,8.47;0.36,264.79,-0.78;-0.44,-4.80,0.00;-0.39,-0.04,0.92;-0.37,0.71,9.68;5.26,4.60
118.80813728,31.89047471,8.47;0.36,264.79,-0.78;-0.44,-4.80,0.00;-0.39,-0.04,0.92;-0.37,0.71,9.68;5.28,4.60
118.80813728,31.89047471,8.47;0.36,264.79,-0.78;-0.44,-4.80,0.00;-0.39,-0.04,0.92;-0.37,0.71,9.68;5.30,4.70
118.80813728,31.89047471,8.47;0.36,264.79,-0.78;-0.44,-4.80,0.00;-0.39,-0.04,0.92;-0.37,0.71,9.68;5.32,4.70
118.80813728,31.89047471,8.47;0.36,264.79,-0.78;-0.44,-4.80,0.00;-0.39,-0.04,0.92;-0.37,0.71,9.68;5.32,4.70
118.80809707,31.89047145,8.47;0.35,264.35,-0.88;-0.52,-5.35,0.01;-0.39,-0.04,0.92;-0.37,0.71,9.68;5.52,-0.60
118.80809707,31.89047145,8.47;0.35,264.35,-0.88;-0.52,-5.35,0.01;-0.39,-0.04,0.92;-0.37,0.71,9.68;5.53,-1.00
118.80809707,31.89047145,8.47;0.35,264.35,-0.88;-0.52,-5.35,0.01;-0.39,-0.04,0.92;-0.37,0.71,9.68;5.54,-1.40
118.80809707,31.89047145,8.47;0.35,264.35,-0.88;-0.52,-5.35,0.01;-0.39,-0.04,0.92;-0.37,0.71,9.68;5.56,-1.70
118.80809707,31.89047145,8.47;0.35,264.35,-0.88;-0.52,-5.35,0.01;-0.39,-0.04,0.92;-0.37,0.71,9.68;5.59,-1.90
118.80809707,31.89047145,8.47;0.35,264.35,-0.88;-0.52,-5.35,0.01;1.41,0.15,0.59;-0.03,1.10,9.64;5.60,-2.00
118.80809707,31.89047145,8.47;0.35,264.35,-0.88;-0.52,-5.35,0.01;0.53,-0.64,-0.25;-0.06,0.51,10.02;5.81,-2.20
118.80809707,31.89047145,8.47;0.35,264.35,-0.88;-0.52,-5.35,0.01;0.53,-0.64,-0.25;-0.06,0.51,10.02;5.81,-2.60
118.80809707,31.89047145,8.47;0.35,264.35,-0.88;-0.52,-5.35,0.01;0.53,-0.64,-0.25;-0.06,0.51,10.02;5.82,-2.60
118.80809707,31.89047145,8.47;0.35,264.35,-0.88;-0.52,-5.35,0.01;0.53,-0.64,-0.25;-0.06,0.51,10.02;5.83,-2.60
118.80809707,31.89047145,8.47;0.35,264.35,-0.88;-0.52,-5.35,0.01;0.53,-0.64,-0.25;-0.06,0.51,10.02;5.85,-2.60
118.80809707,31.89047145,8.47;0.35,264.35,-0.88;-0.52,-5.35,0.01;0.53,-0.64,-0.25;-0.06,0.51,10.02;5.85,-2.70
118.80809707,31.89047145,8.47;0.35,264.35,-0.88;-0.52,-5.35,0.01;0.53,-0.64,-0.25;-0.06,0.51,10.02;5.87,-2.80
118.80809707,31.89047145,8.47;0.35,264.35,-0.88;-0.52,-5.35,0.01;0.53,-0.64,-0.25;-0.06,0.51,10.02;6.04,-2.80
118.80809707,31.89047145,8.47;0.35,264.35,-0.88;-0.52,-5.35,0.01;0.53,-0.64,-0.25;-0.06,0.51,10.02;6.04,-2.20
118.80805570,31.89046813,8.48;0.27,264.55,-0.72;-0.54,-5.82,0.02;0.53,-0.64,-0.25;-0.06,0.51,10.02;6.06,-2.40
118.80805570,31.89046813,8.48;0.27,264.55,-0.72;-0.54,-5.82,0.02;0.53,-0.64,-0.25;-0.06,0.51,10.02;6.07,-2.60
118.80805570,31.89046813,8.48;0.27,264.55,-0.72;-0.54,-5.82,0.02;0.53,-0.64,-0.25;-0.06,0.51,10.02;6.09,-2.80
118.80805570,31.89046813,8.48;0.27,264.55,-0.72;-0.54,-5.82,0.02;0.53,-0.64,-0.25;-0.06,0.51,10.02;6.09,-3.10
118.80805570,31.89046813,8.48;0.27,264.55,-0.72;-0.54,-5.82,0.02;0.75,0.20,-1.09;0.46,-0.09,9.44;6.11,-3.50
118.80805570,31.89046813,8.48;0.27,264.55,-0.72;-0.54,-5.82,0.02;0.75,0.20,-1.09;0.46,-0.09,9.44;6.13,-3.90
118.80805570,31.89046813,8.48;0.27,264.55,-0.72;-0.54,-5.82,0.02;0.75,0.20,-1.09;0.46,-0.09,9.44;6.13,-14.00
118.80805570,31.89046813,8.48;0.27,264.55,-0.72;-0.54,-5.82,0.02;0.75,0.20,-1.09;0.46,-0.09,9.44;6.29,-14.50
118.80805570,31.89046813,8.48;0.27,264.55,-0.72;-0.54,-5.82,0.02;0.75,0.20,-1.09;0.46,-0.09,9.44;6.31,-15.40
118.80805570,31.89046813,8.48;0.27,264.55,-0.72;-0.54,-5.82,0.02;0.75,0.20,-1.09;0.46,-0.09,9.44;6.32,-16.30
118.80805570,31.89046813,8.48;0.27,264.55,-0.72;-0.54,-5.82,0.02;0.75,0.20,-1.09;0.46,-0.09,9.44;6.33,-17.20
118.80805570,31.89046813,8.48;0.27,264.55,-0.72;-0.54,-5.82,0.02;0.75,0.20,-1.09;0.46,-0.09,9.44;6.34,-18.10
118.80805570,31.89046813,8.48;0.27,264.55,-0.72;-0.54,-5.82,0.02;0.75,0.20,-1.09;0.46,-0.09,9.44;6.35,-18.60
118.80805570,31.89046813,8.48;0.27,264.55,-0.72;-0.54,-5.82,0.02;0.75,0.20,-1.09;0.46,-0.09,9.44;6.36,-19.40
118.80800772,31.89046468,8.51;0.02,265.88,-0.80;-0.44,-6.28,0.03;0.75,0.20,-1.09;0.46,-0.09,9.44;6.36,-21.50
118.80800772,31.89046468,8.51;0.02,265.88,-0.80;-0.44,-6.28,0.03;0.75,0.20,-1.09;0.46,-0.09,9.44;6.51,-21.70
118.80800772,31.89046468,8.51;0.02,265.88,-0.80;-0.44,-6.28,0.03;0.75,0.20,-1.09;0.46,-0.09,9.44;6.53,-22.20
118.80800772,31.89046468,8.51;0.02,265.88,-0.80;-0.44,-6.28,0.03;0.75,0.20,-1.09;0.46,-0.09,9.44;6.54,-22.80
118.80800772,31.89046468,8.51;0.02,265.88,-0.80;-0.44,-6.28,0.03;0.75,0.20,-1.09;0.46,-0.09,9.44;6.55,-23.50
118.80800772,31.89046468,8.51;0.02,265.88,-0.80;-0.44,-6.28,0.03;-0.27,0.48,-3.14;0.57,0.13,9.44;6.57,-24.20
118.80800772,31.89046468,8.51;0.02,265.88,-0.80;-0.44,-6.28,0.03;-0.33,0.22,-4.07;0.64,-0.22,9.45;6.58,-24.50
118.80800772,31.89046468,8.51;0.02,265.88,-0.80;-0.44,-6.28,0.03;-0.33,0.22,-4.07;0.64,-0.22,9.45;6.71,-29.70
118.80800772,31.89046468,8.51;0.02,265.88,-0.80;-0.44,-6.28,0.03;-0.33,0.22,-4.07;0.64,-0.22,9.45;6.73,-29.60
118.80800772,31.89046468,8.51;0.02,265.88,-0.80;-0.44,-6.28,0.03;-0.33,0.22,-4.07;0.64,-0.22,9.45;6.74,-29.20
118.80800772,31.89046468,8.51;0.02,265.88,-0.80;-0.44,-6.28,0.03;-0.33,0.22,-4.07;0.64,-0.22,9.45;6.75,-28.90
118.80800772,31.89046468,8.51;0.02,265.88,-0.80;-0.44,-6.28,0.03;-0.33,0.22,-4.07;0.64,-0.22,9.45;6.77,-28.20
118.80800772,31.89046468,8.51;0.02,265.88,-0.80;-0.44,-6.28,0.03;-0.33,0.22,-4.07;0.64,-0.22,9.45;6.78,-27.20
118.80800772,31.89046468,8.51;0.02,265.88,-0.80;-0.44,-6.28,0.03;-0.33,0.22,-4.07;0.64,-0.22,9.45;6.79,-26.10
118.80800772,31.89046468,8.51;0.02,265.88,-0.80;-0.44,-6.28,0.03;-0.33,0.22,-4.07;0.64,-0.22,9.45;6.79,-24.70
118.80795972,31.89046281,8.51;0.09,268.44,-1.00;-0.13,-6.67,0.03;-0.33,0.22,-4.07;0.64,-0.22,9.45;6.94,5.60
118.80795972,31.89046281,8.51;0.09,268.44,-1.00;-0.13,-6.67,0.03;-0.33,0.22,-4.07;0.64,-0.22,9.45;6.95,8.10
118.80795972,31.89046281,8.51;0.09,268.44,-1.00;-0.13,-6.67,0.03;-0.33,0.22,-4.07;0.64,-0.22,9.45;6.96,10.30
118.80795972,31.89046281,8.51;0.09,268.44,-1.00;-0.13,-6.67,0.03;-0.33,0.22,-4.07;0.64,-0.22,9.45;6.98,12.20
118.80795972,31.89046281,8.51;0.09,268.44,-1.00;-0.13,-6.67,0.03;0.40,1.44,3.30;-0.52,0.21,10.14;6.98,13.00
118.80795972,31.89046281,8.51;0.09,268.44,-1.00;-0.13,-6.67,0.03;0.40,1.44,3.30;-0.52,0.21,10.14;6.99,14.60
118.80795972,31.89046281,8.51;0.09,268.44,-1.00;-0.13,-6.67,0.03;0.40,1.44,3.30;-0.52,0.21,10.14;7.10,16.00
118.80795972,31.89046281,8.51;0.09,268.44,-1.00;-0.13,-6.67,0.03;0.40,1.44,3.30;-0.52,0.21,10.14;7.10,25.30
118.80795972,31.89046281,8.51;0.09,268.44,-1.00;-0.13,-6.67,0.03;0.40,1.44,3.30;-0.52,0.21,10.14;7.11,25.20
118.80795972,31.89046281,8.51;0.09,268.44,-1.00;-0.13,-6.67,0.03;0.40,1.44,3.30;-0.52,0.21,10.14;7.12,24.80
118.80795972,31.89046281,8.51;0.09,268.44,-1.00;-0.13,-6.67,0.03;0.40,1.44,3.30;-0.52,0.21,10.14;7.14,24.20
118.80795972,31.89046281,8.51;0.09,268.44,-1.00;-0.13,-6.67,0.03;0.40,1.44,3.30;-0.52,0.21,10.14;7.15,23.30
118.80795972,31.89046281,8.51;0.09,268.44,-1.00;-0.13,-6.67,0.03;0.40,1.44,3.30;-0.52,0.21,10.14;7.17,22.10
118.80795972,31.89046281,8.51;0.09,268.44,-1.00;-0.13,-6.67,0.03;0.40,1.44,3.30;-0.52,0.21,10.14;7.18,21.40
118.80790540,31.89046104,8.51;0.12,266.54,-0.95;-0.43,-7.03,0.02;0.40,1.44,3.30;-0.52,0.21,10.14;7.30,21.40
118.80790540,31.89046104,8.51;0.12,266.54,-0.95;-0.43,-7.03,0.02;0.40,1.44,3.30;-0.52,0.21,10.14;7.32,-6.80
118.80790540,31.89046104,8.51;0.12,266.54,-0.95;-0.43,-7.03,0.02;0.40,1.44,3.30;-0.52,0.21,10.14;7.33,-8.00
118.80790540,31.89046104,8.51;0.12,266.54,-0.95;-0.43,-7.03,0.02;0.40,1.44,3.30;-0.52,0.21,10.14;7.33,-8.80
118.80790540,31.89046104,8.51;0.12,266.54,-0.95;-0.43,-7.03,0.02;-0.37,-1.22,-1.43;-0.00,0.08,9.54;7.33,-9.40
118.80790540,31.89046104,8.51;0.12,266.54,-0.95;-0.43,-7.03,0.02;-0.37,-1.22,-1.43;-0.00,0.08,9.54;7.34,-9.70
118.80790540,31.89046104,8.51;0.12,266.54,-0.95;-0.43,-7.03,0.02;-0.37,-1.22,-1.43;-0.00,0.08,9.54;7.34,6.10
118.80790540,31.89046104,8.51;0.12,266.54,-0.95;-0.43,-7.03,0.02;-0.37,-1.22,-1.43;-0.00,0.08,9.54;7.34,6.10
118.80790540,31.89046104,8.51;0.12,266.54,-0.95;-0.43,-7.03,0.02;-0.37,-1.22,-1.43;-0.00,0.08,9.54;7.47,7.10
118.80790540,31.89046104,8.51;0.12,266.54,-0.95;-0.43,-7.03,0.02;-0.37,-1.22,-1.43;-0.00,0.08,9.54;7.48,9.00
118.80790540,31.89046104,8.51;0.12,266.54,-0.95;-0.43,-7.03,0.02;-0.37,-1.22,-1.43;-0.00,0.08,9.54;7.49,10.60
118.80790540,31.89046104,8.51;0.12,266.54,-0.95;-0.43,-7.03,0.02;-0.37,-1.22,-1.43;-0.00,0.08,9.54;7.49,12.00
118.80790540,31.89046104,8.51;0.12,266.54,-0.95;-0.43,-7.03,0.02;-0.37,-1.22,-1.43;-0.00,0.08,9.54;7.50,13.20
118.80790540,31.89046104,8.51;0.12,266.54,-0.95;-0.43,-7.03,0.02;-0.37,-1.22,-1.43;-0.00,0.08,9.54;7.60,13.70
118.80790540,31.89046104,8.51;0.12,266.54,-0.95;-0.43,-7.03,0.02;-0.37,-1.22,-1.43;-0.00,0.08,9.54;7.60,4.50
118.80785229,31.89045855,8.52;0.23,266.15,-1.02;-0.46,-7.33,0.01;-0.37,-1.22,-1.43;-0.00,0.08,9.54;7.62,2.60
118.80785229,31.89045855,8.52;0.23,266.15,-1.02;-0.46,-7.33,0.01;-0.37,-1.22,-1.43;-0.00,0.08,9.54;7.63,-1.30
118.80785229,31.89045855,8.52;0.23,266.15,-1.02;-0.46,-7.33,0.01;-0.37,-1.22,-1.43;-0.00,0.08,9.54;7.65,-5.50
118.80785229,31.89045855,8.52;0.23,266.15,-1.02;-0.46,-7.33,0.01;-2.09,0.15,2.92;0.02,-0.43,9.12;7.65,-9.80
118.80785229,31.89045855,8.52;0.23,266.15,-1.02;-0.46,-7.33,0.01;0.10,-3.45,-6.41;0.74,0.21,10.39;7.65,-14.10
118.80785229,31.89045855,8.52;0.23,266.15,-1.02;-0.46,-7.33,0.01;0.10,-3.45,-6.41;0.74,0.21,10.39;7.66,-50.50
118.80785229,31.89045855,8.52;0.23,266.15,-1.02;-0.46,-7.33,0.01;0.10,-3.45,-6.41;0.74,0.21,10.39;7.66,-50.50
118.80785229,31.89045855,8.52;0.23,266.15,-1.02;-0.46,-7.33,0.01;0.10,-3.45,-6.41;0.74,0.21,10.39;7.77,-49.80
118.80785229,31.89045855,8.52;0.23,266.15,-1.02;-0.46,-7.33,0.01;0.10,-3.45,-6.41;0.74,0.21,10.39;7.77,-47.80
118.80785229,31.89045855,8.52;0.23,266.15,-1.02;-0.46,-7.33,0.01;0.10,-3.45,-6.41;0.74,0.21,10.39;7.78,-45.00
118.80785229,31.89045855,8.52;0.23,266.15,-1.02;-0.46,-7.33,0.01;0.10,-3.45,-6.41;0.74,0.21,10.39;7.80,-41.40
118.80785229,31.89045855,8.52;0.23,266.15,-1.02;-0.46,-7.33,0.01;0.10,-3.45,-6.41;0.74,0.21,10.39;7.80,-37.10
118.80785229,31.89045855,8.52;0.23,266.15,-1.02;-0.46,-7.33,0.01;0.10,-3.45,-6.41;0.74,0.21,10.39;7.80,-34.60
118.80785229,31.89045855,8.52;0.23,266.15,-1.02;-0.46,-7.33,0.01;0.10,-3.45,-6.41;0.74,0.21,10.39;7.87,30.60
118.80779310,31.89045642,8.53;0.53,268.73,-1.08;-0.07,-7.60,0.02;0.10,-3.45,-6.41;0.74,0.21,10.39;7.87,33.90
118.80779310,31.89045642,8.53;0.53,268.73,-1.08;-0.07,-7.60,0.02;0.10,-3.45,-6.41;0.74,0.21,10.39;7.87,36.90
118.80779310,31.89045642,8.53;0.53,268.73,-1.08;-0.07,-7.60,0.02;0.10,-3.45,-6.41;0.74,0.21,10.39;7.88,38.40
118.80779310,31.89045642,8.53;0.53,268.73,-1.08;-0.07,-7.60,0.02;0.10,-3.45,-6.41;0.74,0.21,10.39;7.89,41.00
118.80779310,31.89045642,8.53;0.53,268.73,-1.08;-0.07,-7.60,0.02;-0.22,3.19,4.63;-0.40,0.31,9.49;7.90,43.40
118.80779310,31.89045642,8.53;0.53,268.73,-1.08;-0.07,-7.60,0.02;0.74,-0.33,10.05;-1.15,-0.02,9.51;7.91,45.70
118.80779310,31.89045642,8.53;0.53,268.73,-1.08;-0.07,-7.60,0.02;0.74,-0.33,10.05;-1.15,-0.02,9.51;7.91,47.80
118.80779310,31.89045642,8.53;0.53,268.73,-1.08;-0.07,-7.60,0.02;0.74,-0.33,10.05;-1.15,-0.02,9.51;8.03,37.60
118.80779310,31.89045642,8.53;0.53,268.73,-1.08;-0.07,-7.60,0.02;0.74,-0.33,10.05;-1.15,-0.02,9.51;8.03,34.00
118.80779310,31.89045642,8.53;0.53,268.73,-1.08;-0.07,-7.60,0.02;0.74,-0.33,10.05;-1.15,-0.02,9.51;8.04,30.10
118.80779310,31.89045642,8.53;0.53,268.73,-1.08;-0.07,-7.60,0.02;0.74,-0.33,10.05;-1.15,-0.02,9.51;8.04,26.10
118.80779310,31.89045642,8.53;0.53,268.73,-1.08;-0.07,-7.60,0.02;0.74,-0.33,10.05;-1.15,-0.02,9.51;8.05,23.90
118.80779310,31.89045642,8.53;0.53,268.73,-1.08;-0.07,-7.60,0.02;0.74,-0.33,10.05;-1.15,-0.02,9.51;8.06,19.80
118.80779310,31.89045642,8.53;0.53,268.73,-1.08;-0.07,-7.60,0.02;0.74,-0.33,10.05;-1.15,-0.02,9.51;8.06,15.60
118.80779310,31.89045642,8.53;0.53,268.73,-1.08;-0.07,-7.60,0.02;0.74,-0.33,10.05;-1.15,-0.02,9.51;8.06,-31.10
118.80773606,31.89045351,8.54;-0.03,265.30,-1.03;-0.69,-7.80,0.02;0.74,-0.33,10.05;-1.15,-0.02,9.51;8.15,-32.20
118.80773606,31.89045351,8.54;-0.03,265.30,-1.03;-0.69,-7.80,0.02;0.74,-0.33,10.05;-1.15,-0.02,9.51;8.15,-34.20
118.80773606,31.89045351,8.54;-0.03,265.30,-1.03;-0.69,-7.80,0.02;0.74,-0.33,10.05;-1.15,-0.02,9.51;8.18,-36.00
118.80773606,31.89045351,8.54;-0.03,265.30,-1.03;-0.69,-7.80,0.02;0.44,0.27,-7.80;1.43,0.47,10.26;8.18,-37.50
118.80773606,31.89045351,8.54;-0.03,265.30,-1.03;-0.69,-7.80,0.02;0.44,0.27,-7.80;1.43,0.47,10.26;8.19,-38.70
118.80773606,31.89045351,8.54;-0.03,265.30,-1.03;-0.69,-7.80,0.02;0.44,0.27,-7.80;1.43,0.47,10.26;8.27,-39.30
118.80773606,31.89045351,8.54;-0.03,265.30,-1.03;-0.69,-7.80,0.02;0.44,0.27,-7.80;1.43,0.47,10.26;8.27,-24.50
118.80773606,31.89045351,8.54;-0.03,265.30,-1.03;-0.69,-7.80,0.02;0.44,0.27,-7.80;1.43,0.47,10.26;8.28,-20.40
118.80773606,31.89045351,8.54;-0.03,265.30,-1.03;-0.69,-7.80,0.02;0.44,0.27,-7.80;1.43,0.47,10.26;8.28,-16.10
118.80773606,31.89045351,8.54;-0.03,265.30,-1.03;-0.69,-7.80,0.02;0.44,0.27,-7.80;1.43,0.47,10.26;8.29,-14.00
118.80773606,31.89045351,8.54;-0.03,265.30,-1.03;-0.69,-7.80,0.02;0.44,0.27,-7.80;1.43,0.47,10.26;8.29,-9.20
118.80773606,31.89045351,8.54;-0.03,265.30,-1.03;-0.69,-7.80,0.02;0.44,0.27,-7.80;1.43,0.47,10.26;8.30,-4.60
118.80773606,31.89045351,8.54;-0.03,265.30,-1.03;-0.69,-7.80,0.02;0.44,0.27,-7.80;1.43,0.47,10.26;8.30,0.10
118.80773606,31.89045351,8.54;-0.03,265.30,-1.03;-0.69,-7.80,0.02;0.44,0.27,-7.80;1.43,0.47,10.26;8.30,0.10
118.80767310,31.89045108,8.56;0.71,267.03,-0.78;-0.31,-8.06,0.04;0.44,0.27,-7.80;1.43,0.47,10.26;8.35,40.80
118.80767310,31.89045108,8.56;0.71,267.03,-0.78;-0.31,-8.06,0.04;0.44,0.27,-7.80;1.43,0.47,10.26;8.37,41.80
118.80767310,31.89045108,8.56;0.71,267.03,-0.78;-0.31,-8.06,0.04;0.44,0.27,-7.80;1.43,0.47,10.26;8.38,42.40
118.80767310,31.89045108,8.56;0.71,267.03,-0.78;-0.31,-8.06,0.04;-2.25,-0.09,8.41;-1.39,0.15,9.73;8.39,42.60
118.80767310,31.89045108,8.56;0.71,267.03,-0.78;-0.31,-8.06,0.04;0.12,-1.61,6.89;-1.55,0.69,9.49;8.39,42.20
118.80767310,31.89045108,8.56;0.71,267.03,-0.78;-0.31,-8.06,0.04;0.12,-1.61,6.89;-1.55,0.69,9.49;8.45,41.80
118.80767310,31.89045108,8.56;0.71,267.03,-0.78;-0.31,-8.06,0.04;0.12,-1.61,6.89;-1.55,0.69,9.49;8.45,10.10
118.80767310,31.89045108,8.56;0.71,267.03,-0.78;-0.31,-8.06,0.04;0.12,-1.61,6.89;-1.55,0.69,9.49;8.45,7.70
118.80767310,31.89045108,8.56;0.71,267.03,-0.78;-0.31,-8.06,0.04;0.12,-1.61,6.89;-1.55,0.69,9.49;8.47,5.60
118.80767310,31.89045108,8.56;0.71,267.03,-0.78;-0.31,-8.06,0.04;0.12,-1.61,6.89;-1.55,0.69,9.49;8.47,4.50
118.80767310,31.89045108,8.56;0.71,267.03,-0.78;-0.31,-8.06,0.04;0.12,-1.61,6.89;-1.55,0.69,9.49;8.47,2.70
118.80767310,31.89045108,8.56;0.71,267.03,-0.78;-0.31,-8.06,0.04;0.12,-1.61,6.89;-1.55,0.69,9.49;8.46,1.20
118.80767310,31.89045108,8.56;0.71,267.03,-0.78;-0.31,-8.06,0.04;0.12,-1.61,6.89;-1.55,0.69,9.49;8.47,0.00
118.80767310,31.89045108,8.56;0.71,267.03,-0.78;-0.31,-8.06,0.04;0.12,-1.61,6.89;-1.55,0.69,9.49;8.47,0.00
118.80767310,31.89045108,8.56;0.71,267.03,-0.78;-0.31,-8.06,0.04;0.12,-1.61,6.89;-1.55,0.69,9.49;8.50,3.30
118.80761309,31.89044704,8.58;0.10,264.91,-1.16;-0.69,-8.12,-0.00;0.12,-1.61,6.89;-1.55,0.69,9.49;8.50,3.50
118.80761309,31.89044704,8.58;0.10,264.91,-1.16;-0.69,-8.12,-0.00;0.12,-1.61,6.89;-1.55,0.69,9.49;8.51,3.60
118.80761309,31.89044704,8.58;0.10,264.91,-1.16;-0.69,-8.12,-0.00;-0.07,1.09,0.99;0.38,-0.90,10.21;8.50,3.60
118.80761309,31.89044704,8.58;0.10,264.91,-1.16;-0.69,-8.12,-0.00;-2.46,-0.73,0.07;0.05,-0.83,10.15;8.50,3.50
118.80761309,31.89044704,8.58;0.10,264.91,-1.16;-0.69,-8.12,-0.00;-2.46,-0.73,0.07;0.05,-0.83,10.15;8.45,3.40
118.80761309,31.89044704,8.58;0.10,264.91,-1.16;-0.69,-8.12,-0.00;-2.46,-0.73,0.07;0.05,-0.83,10.15;8.45,-2.60
118.80761309,31.89044704,8.58;0.10,264.91,-1.16;-0.69,-8.12,-0.00;-2.46,-0.73,0.07;0.05,-0.83,10.15;8.44,-2.80
118.80761309,31.89044704,8.58;0.10,264.91,-1.16;-0.69,-8.12,-0.00;-2.46,-0.73,0.07;0.05,-0.83,10.15;8.43,-3.00
118.80761309,31.89044704,8.58;0.10,264.91,-1.16;-0.69,-8.12,-0.00;-2.46,-0.73,0.07;0.05,-0.83,10.15;8.42,-3.10
118.80761309,31.89044704,8.58;0.10,264.91,-1.16;-0.69,-8.12,-0.00;-2.46,-0.73,0.07;0.05,-0.83,10.15;8.42,-3.20
118.80761309,31.89044704,8.58;0.10,264.91,-1.16;-0.69,-8.12,-0.00;-2.46,-0.73,0.07;0.05,-0.83,10.15;8.41,-3.30
118.80761309,31.89044704,8.58;0.10,264.91,-1.16;-0.69,-8.12,-0.00;-2.46,-0.73,0.07;0.05,-0.83,10.15;8.41,-3.30
118.80761309,31.89044704,8.58;0.10,264.91,-1.16;-0.69,-8.12,-0.00;-2.46,-0.73,0.07;0.05,-0.83,10.15;8.41,-3.30
118.80761309,31.89044704,8.58;0.10,264.91,-1.16;-0.69,-8.12,-0.00;-2.46,-0.73,0.07;0.05,-0.83,10.15;8.30,-3.90
118.80754947,31.89044232,8.59;0.13,265.09,-1.38;-0.67,-7.87,-0.00;-2.46,-0.73,0.07;0.05,-0.83,10.15;8.28,-4.20
118.80754947,31.89044232,8.59;0.13,265.09,-1.38;-0.67,-7.87,-0.00;-2.46,-0.73,0.07;0.05,-0.83,10.15;8.27,-4.40
118.80754947,31.89044232,8.59;0.13,265.09,-1.38;-0.67,-7.87,-0.00;-2.46,-0.73,0.07;0.05,-0.83,10.15;8.26,-4.70
118.80754947,31.89044232,8.59;0.13,265.09,-1.38;-0.67,-7.87,-0.00;-1.69,-1.38,-0.74;0.64,-0.86,9.58;8.25,-4.80
118.80754947,31.89044232,8.59;0.13,265.09,-1.38;-0.67,-7.87,-0.00;-0.66,1.15,-1.02;-0.12,-1.80,9.79;8.24,-5.10
118.80754947,31.89044232,8.59;0.13,265.09,-1.38;-0.67,-7.87,-0.00;-0.66,1.15,-1.02;-0.12,-1.80,9.79;7.89,-5.30
118.80754947,31.89044232,8.59;0.13,265.09,-1.38;-0.67,-7.87,-0.00;-0.66,1.15,-1.02;-0.12,-1.80,9.79;7.89,-5.60
118.80754947,31.89044232,8.59;0.13,265.09,-1.38;-0.67,-7.87,-0.00;-0.66,1.15,-1.02;-0.12,-1.80,9.79;7.86,-5.60
118.80754947,31.89044232,8.59;0.13,265.09,-1.38;-0.67,-7.87,-0.00;-0.66,1.15,-1.02;-0.12,-1.80,9.79;7.83,-5.50
118.80754947,31.89044232,8.59;0.13,265.09,-1.38;-0.67,-7.87,-0.00;-0.66,1.15,-1.02;-0.12,-1.80,9.79;7.79,-5.40
118.80754947,31.89044232,8.59;0.13,265.09,-1.38;-0.67,-7.87,-0.00;-0.66,1.15,-1.02;-0.12,-1.80,9.79;7.75,-5.20
118.80754947,31.89044232,8.59;0.13,265.09,-1.38;-0.67,-7.87,-0.00;-0.66,1.15,-1.02;-0.12,-1.80,9.79;7.71,-5.10
118.80754947,31.89044232,8.59;0.13,265.09,-1.38;-0.67,-7.87,-0.00;-0.66,1.15,-1.02;-0.12,-1.80,9.79;7.10,-5.10
118.80754947,31.89044232,8.59;0.13,265.09,-1.38;-0.67,-7.87,-0.00;-0.66,1.15,-1.02;-0.12,-1.80,9.79;7.10,-4.40
118.80754947,31.89044232,8.59;0.13,265.09,-1.38;-0.67,-7.87,-0.00;-0.66,1.15,-1.02;-0.12,-1.80,9.79;7.06,-4.30
118.80749205,31.89043845,8.59;0.06,265.71,-2.10;-0.47,-6.39,-0.02;-0.66,1.15,-1.02;-0.12,-1.80,9.79;7.01,-4.30
118.80749205,31.89043845,8.59;0.06,265.71,-2.10;-0.47,-6.39,-0.02;-0.66,1.15,-1.02;-0.12,-1.80,9.79;6.95,-4.20
118.80749205,31.89043845,8.59;0.06,265.71,-2.10;-0.47,-6.39,-0.02;-2.35,-0.30,-0.56;0.06,-3.26,9.26;6.89,-4.20
118.80749205,31.89043845,8.59;0.06,265.71,-2.10;-0.47,-6.39,-0.02;-0.67,1.46,-0.53;-0.02,-2.77,10.40;6.84,-4.20
118.80749205,31.89043845,8.59;0.06,265.71,-2.10;-0.47,-6.39,-0.02;-0.67,1.46,-0.53;-0.02,-2.77,10.40;6.84,-4.10
118.80749205,31.89043845,8.59;0.06,265.71,-2.10;-0.47,-6.39,-0.02;-0.67,1.46,-0.53;-0.02,-2.77,10.40;6.84,-4.10
118.80749205,31.89043845,8.59;0.06,265.71,-2.10;-0.47,-6.39,-0.02;-0.67,1.46,-0.53;-0.02,-2.77,10.40;6.17,-2.90
118.80749205,31.89043845,8.59;0.06,265.71,-2.10;-0.47,-6.39,-0.02;-0.67,1.46,-0.53;-0.02,-2.77,10.40;6.11,-2.90
118.80749205,31.89043845,8.59;0.06,265.71,-2.10;-0.47,-6.39,-0.02;-0.67,1.46,-0.53;-0.02,-2.77,10.40;6.06,-2.90
118.80749205,31.89043845,8.59;0.06,265.71,-2.10;-0.47,-6.39,-0.02;-0.67,1.46,-0.53;-0.02,-2.77,10.40;5.99,-2.90
118.80749205,31.89043845,8.59;0.06,265.71,-2.10;-0.47,-6.39,-0.02;-0.67,1.46,-0.53;-0.02,-2.77,10.40;5.93,-2.90
118.80749205,31.89043845,8.59;0.06,265.71,-2.10;-0.47,-6.39,-0.02;-0.67,1.46,-0.53;-0.02,-2.77,10.40;5.13,-2.80
118.80749205,31.89043845,8.59;0.06,265.71,-2.10;-0.47,-6.39,-0.02;-0.67,1.46,-0.53;-0.02,-2.77,10.40;5.13,-2.70
118.80749205,31.89043845,8.59;0.06,265.71,-2.10;-0.47,-6.39,-0.02;-0.67,1.46,-0.53;-0.02,-2.77,10.40;5.06,-2.60
118.80749205,31.89043845,8.59;0.06,265.71,-2.10;-0.47,-6.39,-0.02;-0.67,1.46,-0.53;-0.02,-2.77,10.40;5.00,-2.60
118.80745181,31.89043608,8.59;0.23,265.99,-2.33;-0.29,-4.36,0.01;-0.67,1.46,-0.53;-0.02,-2.77,10.40;4.92,-2.50
118.80745181,31.89043608,8.59;0.23,265.99,-2.33;-0.29,-4.36,0.01;-1.18,-0.10,-0.44;0.53,-3.23,9.24;4.92,-2.40
118.80745181,31.89043608,8.59;0.23,265.99,-2.33;-0.29,-4.36,0.01;0.08,0.08,-0.09;0.10,-3.44,9.88;4.85,-2.30
118.80745181,31.89043608,8.59;0.23,265.99,-2.33;-0.29,-4.36,0.01;0.08,0.08,-0.09;0.10,-3.44,9.88;4.77,-2.00
118.80745181,31.89043608,8.59;0.23,265.99,-2.33;-0.29,-4.36,0.01;0.08,0.08,-0.09;0.10,-3.44,9.88;4.71,-1.90
118.80745181,31.89043608,8.59;0.23,265.99,-2.33;-0.29,-4.36,0.01;0.08,0.08,-0.09;0.10,-3.44,9.88;3.84,-1.50
118.80745181,31.89043608,8.59;0.23,265.99,-2.33;-0.29,-4.36,0.01;0.08,0.08,-0.09;0.10,-3.44,9.88;3.78,-1.50
118.80745181,31.89043608,8.59;0.23,265.99,-2.33;-0.29,-4.36,0.01;0.08,0.08,-0.09;0.10,-3.44,9.88;3.72,-1.40
118.80745181,31.89043608,8.59;0.23,265.99,-2.33;-0.29,-4.36,0.01;0.08,0.08,-0.09;0.10,-3.44,9.88;3.65,-1.40
118.80745181,31.89043608,8.59;0.23,265.99,-2.33;-0.29,-4.36,0.01;0.08,0.08,-0.09;0.10,-3.44,9.88;3.58,-1.30
118.80745181,31.89043608,8.59;0.23,265.99,-2.33;-0.29,-4.36,0.01;0.08,0.08,-0.09;0.10,-3.44,9.88;3.51,-1.20
118.80745181,31.89043608,8.59;0.23,265.99,-2.33;-0.29,-4.36,0.01;0.08,0.08,-0.09;0.10,-3.44,9.88;2.72,-1.10
118.80745181,31.89043608,8.59;0.23,265.99,-2.33;-0.29,-4.36,0.01;0.08,0.08,-0.09;0.10,-3.44,9.88;2.72,-0.60
118.80745181,31.89043608,8.59;0.23,265.99,-2.33;-0.29,-4.36,0.01;0.08,0.08,-0.09;0.10,-3.44,9.88;2.66,-0.60
118.80742655,31.89043463,8.58;0.16,266.13,-2.40;-0.14,-2.12,-0.01;0.08,0.08,-0.09;0.10,-3.44,9.88;2.61,-0.50
118.80742655,31.89043463,8.58;0.16,266.13,-2.40;-0.14,-2.12,-0.01;0.32,0.43,0.02;-0.01,-2.54,9.85;2.56,-0.40
118.80742655,31.89043463,8.58;0.16,266.13,-2.40;-0.14,-2.12,-0.01;0.32,0.43,0.02;-0.01,-2.54,9.85;2.50,-0.40
118.80742655,31.89043463,8.58;0.16,266.13,-2.40;-0.14,-2.12,-0.01;0.32,0.43,0.02;-0.01,-2.54,9.85;2.46,-0.40
118.80742655,31.89043463,8.58;0.16,266.13,-2.40;-0.14,-2.12,-0.01;0.32,0.43,0.02;-0.01,-2.54,9.85;1.81,-0.40
118.80742655,31.89043463,8.58;0.16,266.13,-2.40;-0.14,-2.12,-0.01;0.32,0.43,0.02;-0.01,-2.54,9.85;1.81,-0.40
118.80742655,31.89043463,8.58;0.16,266.13,-2.40;-0.14,-2.12,-0.01;0.32,0.43,0.02;-0.01,-2.54,9.85;1.77,-0.40
118.80742655,31.89043463,8.58;0.16,266.13,-2.40;-0.14,-2.12,-0.01;0.32,0.43,0.02;-0.01,-2.54,9.85;1.72,-0.40
118.80742655,31.89043463,8.58;0.16,266.13,-2.40;-0.14,-2.12,-0.01;0.32,0.43,0.02;-0.01,-2.54,9.85;1.67,-0.40
118.80742655,31.89043463,8.58;0.16,266.13,-2.40;-0.14,-2.12,-0.01;0.32,0.43,0.02;-0.01,-2.54,9.85;1.62,-0.40
118.80742655,31.89043463,8.58;0.16,266.13,-2.40;-0.14,-2.12,-0.01;0.32,0.43,0.02;-0.01,-2.54,9.85;1.58,-0.40
118.80742655,31.89043463,8.58;0.16,266.13,-2.40;-0.14,-2.12,-0.01;0.32,0.43,0.02;-0.01,-2.54,9.85;1.55,-0.40
118.80742655,31.89043463,8.58;0.16,266.13,-2.40;-0.14,-2.12,-0.01;0.32,0.43,0.02;-0.01,-2.54,9.85;1.55,-0.30
118.80742655,31.89043463,8.58;0.16,266.13,-2.40;-0.14,-2.12,-0.01;0.32,0.43,0.02;-0.01,-2.54,9.85;0.96,-0.30
118.80742655,31.89043463,8.58;0.16,266.13,-2.40;-0.14,-2.12,-0.01;0.32,0.43,0.02;-0.01,-2.54,9.85;0.92,-0.30
118.80741695,31.89043388,8.58;0.19,266.13,-2.37;-0.06,-0.50,0.01;0.32,0.43,0.02;-0.01,-2.54,9.85;0.87,-0.20
118.80741695,31.89043388,8.58;0.19,266.13,-2.37;-0.06,-0.50,0.01;-0.08,-0.15,0.14;0.06,-2.62,9.65;0.83,-0.20
