  longitude ,  latitude ,high;roll,yaw,pitch;n_vel,e_vel,u_vel;angleSpeedx_y_z;lineAccx_y_z;speed,steeringAngle
118.80660083,31.89039211,8.36;-0.48,86.44,-0.56;0.07,1.50,0.02;-0.21,0.42,0.11;0.23,1.15,10.01;1.35,4.20
118.80660083,31.89039211,8.36;-0.48,86.44,-0.56;0.07,1.50,0.02;-0.21,0.42,0.11;0.23,1.15,10.01;1.38,4.50
118.80660083,31.89039211,8.36;-0.48,86.44,-0.56;0.07,1.50,0.02;-0.21,0.42,0.11;0.23,1.15,10.01;1.41,4.90
118.80660083,31.89039211,8.36;-0.48,86.44,-0.56;0.07,1.50,0.02;-0.21,0.42,0.11;0.23,1.15,10.01;1.43,5.30
118.80660083,31.89039211,8.36;-0.48,86.44,-0.56;0.07,1.50,0.02;-0.21,0.42,0.11;0.23,1.15,10.01;1.45,5.40
118.80660083,31.89039211,8.36;-0.48,86.44,-0.56;0.07,1.50,0.02;-0.21,0.42,0.11;0.23,1.15,10.01;1.76,5.40
118.80660083,31.89039211,8.36;-0.48,86.44,-0.56;0.07,1.50,0.02;-0.21,0.42,0.11;0.23,1.15,10.01;1.79,10.10
118.80660083,31.89039211,8.36;-0.48,86.44,-0.56;0.07,1.50,0.02;-0.21,0.42,0.11;0.23,1.15,10.01;1.81,10.20
118.80660083,31.89039211,8.36;-0.48,86.44,-0.56;0.07,1.50,0.02;-0.21,0.42,0.11;0.23,1.15,10.01;1.83,10.10
118.80660083,31.89039211,8.36;-0.48,86.44,-0.56;0.07,1.50,0.02;-0.21,0.42,0.11;0.23,1.15,10.01;1.83,10.10
118.80660083,31.89039211,8.36;-0.48,86.44,-0.56;0.07,1.50,0.02;-0.21,0.42,0.11;0.23,1.15,10.01;1.86,10.10
118.80660083,31.89039211,8.36;-0.48,86.44,-0.56;0.07,1.50,0.02;-0.63,-0.03,0.24;0.06,0.96,9.71;1.88,10.00
118.80660083,31.89039211,8.36;-0.48,86.44,-0.56;0.07,1.50,0.02;-0.79,-0.72,0.40;-0.14,0.90,10.40;1.90,10.00
118.80660083,31.89039211,8.36;-0.48,86.44,-0.56;0.07,1.50,0.02;-0.79,-0.72,0.40;-0.14,0.90,10.40;2.17,13.10
118.80661603,31.89039291,8.37;-0.41,86.10,-0.79;0.15,2.29,-0.00;-0.79,-0.72,0.40;-0.14,0.90,10.40;2.19,14.10
118.80661603,31.89039291,8.37;-0.41,86.10,-0.79;0.15,2.29,-0.00;-0.79,-0.72,0.40;-0.14,0.90,10.40;2.20,15.10
118.80661603,31.89039291,8.37;-0.41,86.10,-0.79;0.15,2.29,-0.00;-0.79,-0.72,0.40;-0.14,0.90,10.40;2.22,16.40
118.80661603,31.89039291,8.37;-0.41,86.10,-0.79;0.15,2.29,-0.00;-0.79,-0.72,0.40;-0.14,0.90,10.40;2.24,17.80
118.80661603,31.89039291,8.37;-0.41,86.10,-0.79;0.15,2.29,-0.00;-0.79,-0.72,0.40;-0.14,0.90,10.40;2.26,18.70
118.80661603,31.89039291,8.37;-0.41,86.10,-0.79;0.15,2.29,-0.00;-0.79,-0.72,0.40;-0.14,0.90,10.40;2.26,18.70
118.80661603,31.89039291,8.37;-0.41,86.10,-0.79;0.15,2.29,-0.00;-0.79,-0.72,0.40;-0.14,0.90,10.40;2.55,42.70
118.80661603,31.89039291,8.37;-0.41,86.10,-0.79;0.15,2.29,-0.00;-0.79,-0.72,0.40;-0.14,0.90,10.40;2.58,44.60
118.80661603,31.89039291,8.37;-0.41,86.10,-0.79;0.15,2.29,-0.00;-0.79,-0.72,0.40;-0.14,0.90,10.40;2.60,46.60
118.80661603,31.89039291,8.37;-0.41,86.10,-0.79;0.15,2.29,-0.00;-0.79,-0.72,0.40;-0.14,0.90,10.40;2.60,48.50
118.80661603,31.89039291,8.37;-0.41,86.10,-0.79;0.15,2.29,-0.00;-0.79,-0.72,0.40;-0.14,0.90,10.40;2.61,50.40
118.80661603,31.89039291,8.37;-0.41,86.10,-0.79;0.15,2.29,-0.00;-0.79,-0.72,0.40;-0.14,0.90,10.40;2.63,52.20
118.80661603,31.89039291,8.37;-0.41,86.10,-0.79;0.15,2.29,-0.00;0.23,-0.46,4.48;-0.30,0.95,9.80;2.63,52.20
118.80661603,31.89039291,8.37;-0.41,86.10,-0.79;0.15,2.29,-0.00;0.23,-0.46,4.48;-0.30,0.95,9.80;2.87,62.70
118.80661603,31.89039291,8.37;-0.41,86.10,-0.79;0.15,2.29,-0.00;0.23,-0.46,4.48;-0.30,0.95,9.80;2.89,63.00
118.80663536,31.89039422,8.37;-0.34,83.82,-0.75;0.30,2.92,0.01;0.23,-0.46,4.48;-0.30,0.95,9.80;2.91,63.20
118.80663536,31.89039422,8.37;-0.34,83.82,-0.75;0.30,2.92,0.01;0.23,-0.46,4.48;-0.30,0.95,9.80;2.93,63.20
118.80663536,31.89039422,8.37;-0.34,83.82,-0.75;0.30,2.92,0.01;0.23,-0.46,4.48;-0.30,0.95,9.80;2.95,63.10
118.80663536,31.89039422,8.37;-0.34,83.82,-0.75;0.30,2.92,0.01;0.23,-0.46,4.48;-0.30,0.95,9.80;2.98,63.00
118.80663536,31.89039422,8.37;-0.34,83.82,-0.75;0.30,2.92,0.01;0.23,-0.46,4.48;-0.30,0.95,9.80;3.19,63.00
118.80663536,31.89039422,8.37;-0.34,83.82,-0.75;0.30,2.92,0.01;0.23,-0.46,4.48;-0.30,0.95,9.80;3.21,48.30
118.80663536,31.89039422,8.37;-0.34,83.82,-0.75;0.30,2.92,0.01;0.23,-0.46,4.48;-0.30,0.95,9.80;3.23,46.60
118.80663536,31.89039422,8.37;-0.34,83.82,-0.75;0.30,2.92,0.01;0.23,-0.46,4.48;-0.30,0.95,9.80;3.25,44.90
118.80663536,31.89039422,8.37;-0.34,83.82,-0.75;0.30,2.92,0.01;0.23,-0.46,4.48;-0.30,0.95,9.80;3.25,43.20
118.80663536,31.89039422,8.37;-0.34,83.82,-0.75;0.30,2.92,0.01;0.23,-0.46,4.48;-0.30,0.95,9.80;3.26,41.40
118.80663536,31.89039422,8.37;-0.34,83.82,-0.75;0.30,2.92,0.01;0.23,-0.46,4.48;-0.30,0.95,9.80;3.28,39.50
118.80663536,31.89039422,8.37;-0.34,83.82,-0.75;0.30,2.92,0.01;1.00,-0.14,1.44;-0.09,0.88,10.24;3.29,37.50
118.80663536,31.89039422,8.37;-0.34,83.82,-0.75;0.30,2.92,0.01;1.00,-0.14,1.44;-0.09,0.88,10.24;3.53,8.40
118.80663536,31.89039422,8.37;-0.34,83.82,-0.75;0.30,2.92,0.01;1.00,-0.14,1.44;-0.09,0.88,10.24;3.55,6.40
118.80666095,31.89039715,8.38;-0.38,81.62,-0.68;0.51,3.54,0.02;1.00,-0.14,1.44;-0.09,0.88,10.24;3.58,4.60
118.80666095,31.89039715,8.38;-0.38,81.62,-0.68;0.51,3.54,0.02;1.00,-0.14,1.44;-0.09,0.88,10.24;3.59,2.90
118.80666095,31.89039715,8.38;-0.38,81.62,-0.68;0.51,3.54,0.02;1.00,-0.14,1.44;-0.09,0.88,10.24;3.60,2.20
118.80666095,31.89039715,8.38;-0.38,81.62,-0.68;0.51,3.54,0.02;1.00,-0.14,1.44;-0.09,0.88,10.24;3.62,0.70
118.80666095,31.89039715,8.38;-0.38,81.62,-0.68;0.51,3.54,0.02;1.00,-0.14,1.44;-0.09,0.88,10.24;3.64,-0.50
118.80666095,31.89039715,8.38;-0.38,81.62,-0.68;0.51,3.54,0.02;1.00,-0.14,1.44;-0.09,0.88,10.24;3.64,-5.40
118.80666095,31.89039715,8.38;-0.38,81.62,-0.68;0.51,3.54,0.02;1.00,-0.14,1.44;-0.09,0.88,10.24;3.86,-5.70
118.80666095,31.89039715,8.38;-0.38,81.62,-0.68;0.51,3.54,0.02;1.00,-0.14,1.44;-0.09,0.88,10.24;3.87,-6.40
118.80666095,31.89039715,8.38;-0.38,81.62,-0.68;0.51,3.54,0.02;1.00,-0.14,1.44;-0.09,0.88,10.24;3.90,-7.30
118.80666095,31.89039715,8.38;-0.38,81.62,-0.68;0.51,3.54,0.02;1.00,-0.14,1.44;-0.09,0.88,10.24;3.91,-8.40
118.80666095,31.89039715,8.38;-0.38,81.62,-0.68;0.51,3.54,0.02;1.00,-0.14,1.44;-0.09,0.88,10.24;3.93,-9.70
118.80666095,31.89039715,8.38;-0.38,81.62,-0.68;0.51,3.54,0.02;-0.20,-0.20,-1.75;0.49,0.79,9.94;3.95,-10.30
118.80666095,31.89039715,8.38;-0.38,81.62,-0.68;0.51,3.54,0.02;-0.20,-0.20,-1.75;0.49,0.79,9.94;4.17,-10.30
118.80666095,31.89039715,8.38;-0.38,81.62,-0.68;0.51,3.54,0.02;-0.20,-0.20,-1.75;0.49,0.79,9.94;4.18,-20.30
118.80666095,31.89039715,8.38;-0.38,81.62,-0.68;0.51,3.54,0.02;-0.20,-0.20,-1.75;0.49,0.79,9.94;4.20,-20.20
118.80668938,31.89040060,8.39;-0.41,82.32,-0.92;0.54,4.12,-0.01;-0.20,-0.20,-1.75;0.49,0.79,9.94;4.22,-20.00
118.80668938,31.89040060,8.39;-0.41,82.32,-0.92;0.54,4.12,-0.01;-0.20,-0.20,-1.75;0.49,0.79,9.94;4.22,-19.70
118.80668938,31.89040060,8.39;-0.41,82.32,-0.92;0.54,4.12,-0.01;-0.20,-0.20,-1.75;0.49,0.79,9.94;4.23,-19.40
118.80668938,31.89040060,8.39;-0.41,82.32,-0.92;0.54,4.12,-0.01;-0.20,-0.20,-1.75;0.49,0.79,9.94;4.24,-19.20
118.80668938,31.89040060,8.39;-0.41,82.32,-0.92;0.54,4.12,-0.01;-0.20,-0.20,-1.75;0.49,0.79,9.94;4.26,-19.00
118.80668938,31.89040060,8.39;-0.41,82.32,-0.92;0.54,4.12,-0.01;-0.20,-0.20,-1.75;0.49,0.79,9.94;4.50,-19.40
118.80668938,31.89040060,8.39;-0.41,82.32,-0.92;0.54,4.12,-0.01;-0.20,-0.20,-1.75;0.49,0.79,9.94;4.51,-19.40
118.80668938,31.89040060,8.39;-0.41,82.32,-0.92;0.54,4.12,-0.01;-0.20,-0.20,-1.75;0.49,0.79,9.94;4.54,-19.40
118.80668938,31.89040060,8.39;-0.41,82.32,-0.92;0.54,4.12,-0.01;-0.20,-0.20,-1.75;0.49,0.79,9.94;4.55,-19.40
118.80668938,31.89040060,8.39;-0.41,82.32,-0.92;0.54,4.12,-0.01;-0.20,-0.20,-1.75;0.49,0.79,9.94;4.57,-19.50
118.80668938,31.89040060,8.39;-0.41,82.32,-0.92;0.54,4.12,-0.01;1.81,0.44,-2.09;0.44,0.81,10.02;4.59,-19.50
118.80668938,31.89040060,8.39;-0.41,82.32,-0.92;0.54,4.12,-0.01;1.81,0.44,-2.09;0.44,0.81,10.02;4.60,-19.50
118.80668938,31.89040060,8.39;-0.41,82.32,-0.92;0.54,4.12,-0.01;1.81,0.44,-2.09;0.44,0.81,10.02;4.60,-23.10
118.80668938,31.89040060,8.39;-0.41,82.32,-0.92;0.54,4.12,-0.01;1.81,0.44,-2.09;0.44,0.81,10.02;4.81,-23.50
118.80672476,31.89040423,8.39;-0.56,83.91,-0.16;0.50,4.75,0.06;1.81,0.44,-2.09;0.44,0.81,10.02;4.83,-24.60
118.80672476,31.89040423,8.39;-0.56,83.91,-0.16;0.50,4.75,0.06;1.81,0.44,-2.09;0.44,0.81,10.02;4.85,-25.20
118.80672476,31.89040423,8.39;-0.56,83.91,-0.16;0.50,4.75,0.06;1.81,0.44,-2.09;0.44,0.81,10.02;4.87,-27.00
118.80672476,31.89040423,8.39;-0.56,83.91,-0.16;0.50,4.75,0.06;1.81,0.44,-2.09;0.44,0.81,10.02;4.88,-28.20
118.80672476,31.89040423,8.39;-0.56,83.91,-0.16;0.50,4.75,0.06;1.81,0.44,-2.09;0.44,0.81,10.02;4.90,-28.80
118.80672476,31.89040423,8.39;-0.56,83.91,-0.16;0.50,4.75,0.06;1.81,0.44,-2.09;0.44,0.81,10.02;5.05,-28.80
118.80672476,31.89040423,8.39;-0.56,83.91,-0.16;0.50,4.75,0.06;1.81,0.44,-2.09;0.44,0.81,10.02;5.07,-42.40
118.80672476,31.89040423,8.39;-0.56,83.91,-0.16;0.50,4.75,0.06;1.81,0.44,-2.09;0.44,0.81,10.02;5.08,-43.10
118.80672476,31.89040423,8.39;-0.56,83.91,-0.16;0.50,4.75,0.06;1.81,0.44,-2.09;0.44,0.81,10.02;5.10,-43.70
118.80672476,31.89040423,8.39;-0.56,83.91,-0.16;0.50,4.75,0.06;1.81,0.44,-2.09;0.44,0.81,10.02;5.10,-44.20
118.80672476,31.89040423,8.39;-0.56,83.91,-0.16;0.50,4.75,0.06;1.81,0.44,-2.09;0.44,0.81,10.02;5.11,-44.70
118.80672476,31.89040423,8.39;-0.56,83.91,-0.16;0.50,4.75,0.06;-2.41,4.08,-5.76;1.42,1.13,10.11;5.13,-45.10
118.80672476,31.89040423,8.39;-0.56,83.91,-0.16;0.50,4.75,0.06;-2.41,4.08,-5.76;1.42,1.13,10.11;5.14,-45.50
118.80672476,31.89040423,8.39;-0.56,83.91,-0.16;0.50,4.75,0.06;-2.41,4.08,-5.76;1.42,1.13,10.11;5.33,-45.90
118.80672476,31.89040423,8.39;-0.56,83.91,-0.16;0.50,4.75,0.06;-2.41,4.08,-5.76;1.42,1.13,10.11;5.35,-46.20
118.80676182,31.89040668,8.42;-0.37,87.48,-1.00;0.23,5.30,0.00;-2.41,4.08,-5.76;1.42,1.13,10.11;5.35,-46.70
118.80676182,31.89040668,8.42;-0.37,87.48,-1.00;0.23,5.30,0.00;-2.41,4.08,-5.76;1.42,1.13,10.11;5.40,-47.50
118.80676182,31.89040668,8.42;-0.37,87.48,-1.00;0.23,5.30,0.00;-2.41,4.08,-5.76;1.42,1.13,10.11;5.43,-48.00
118.80676182,31.89040668,8.42;-0.37,87.48,-1.00;0.23,5.30,0.00;-2.41,4.08,-5.76;1.42,1.13,10.11;5.43,-48.90
118.80676182,31.89040668,8.42;-0.37,87.48,-1.00;0.23,5.30,0.00;-2.41,4.08,-5.76;1.42,1.13,10.11;5.45,-50.10
118.80676182,31.89040668,8.42;-0.37,87.48,-1.00;0.23,5.30,0.00;-2.41,4.08,-5.76;1.42,1.13,10.11;5.70,-54.60
118.80676182,31.89040668,8.42;-0.37,87.48,-1.00;0.23,5.30,0.00;-2.41,4.08,-5.76;1.42,1.13,10.11;5.71,-54.50
118.80676182,31.89040668,8.42;-0.37,87.48,-1.00;0.23,5.30,0.00;-2.41,4.08,-5.76;1.42,1.13,10.11;5.73,-54.30
118.80676182,31.89040668,8.42;-0.37,87.48,-1.00;0.23,5.30,0.00;-2.41,4.08,-5.76;1.42,1.13,10.11;5.75,-54.00
118.80676182,31.89040668,8.42;-0.37,87.48,-1.00;0.23,5.30,0.00;-2.41,4.08,-5.76;1.42,1.13,10.11;5.74,-53.60
118.80676182,31.89040668,8.42;-0.37,87.48,-1.00;0.23,5.30,0.00;-0.02,0.37,-6.61;2.10,1.33,10.16;5.74,-53.10
118.80676182,31.89040668,8.42;-0.37,87.48,-1.00;0.23,5.30,0.00;-0.02,0.37,-6.61;2.10,1.33,10.16;5.78,-52.80
118.80676182,31.89040668,8.42;-0.37,87.48,-1.00;0.23,5.30,0.00;-0.02,0.37,-6.61;2.10,1.33,10.16;5.78,-52.80
118.80676182,31.89040668,8.42;-0.37,87.48,-1.00;0.23,5.30,0.00;-0.02,0.37,-6.61;2.10,1.33,10.16;5.96,-44.50
118.80680600,31.89040669,8.42;-0.58,92.71,-0.92;-0.28,5.85,-0.00;-0.02,0.37,-6.61;2.10,1.33,10.16;5.98,-44.30
118.80680600,31.89040669,8.42;-0.58,92.71,-0.92;-0.28,5.85,-0.00;-0.02,0.37,-6.61;2.10,1.33,10.16;6.00,-44.10
118.80680600,31.89040669,8.42;-0.58,92.71,-0.92;-0.28,5.85,-0.00;-0.02,0.37,-6.61;2.10,1.33,10.16;6.00,-44.00
118.80680600,31.89040669,8.42;-0.58,92.71,-0.92;-0.28,5.85,-0.00;-0.02,0.37,-6.61;2.10,1.33,10.16;6.02,-43.90
118.80680600,31.89040669,8.42;-0.58,92.71,-0.92;-0.28,5.85,-0.00;-0.02,0.37,-6.61;2.10,1.33,10.16;6.02,-43.70
118.80680600,31.89040669,8.42;-0.58,92.71,-0.92;-0.28,5.85,-0.00;-0.02,0.37,-6.61;2.10,1.33,10.16;6.05,-43.50
118.80680600,31.89040669,8.42;-0.58,92.71,-0.92;-0.28,5.85,-0.00;-0.02,0.37,-6.61;2.10,1.33,10.16;6.25,-31.10
118.80680600,31.89040669,8.42;-0.58,92.71,-0.92;-0.28,5.85,-0.00;-0.02,0.37,-6.61;2.10,1.33,10.16;6.26,-29.30
118.80680600,31.89040669,8.42;-0.58,92.71,-0.92;-0.28,5.85,-0.00;-0.02,0.37,-6.61;2.10,1.33,10.16;6.27,-27.60
118.80680600,31.89040669,8.42;-0.58,92.71,-0.92;-0.28,5.85,-0.00;-0.02,0.37,-6.61;2.10,1.33,10.16;6.27,-25.80
118.80680600,31.89040669,8.42;-0.58,92.71,-0.92;-0.28,5.85,-0.00;0.88,0.26,-6.17;0.22,0.79,10.63;6.28,-25.10
118.80680600,31.89040669,8.42;-0.58,92.71,-0.92;-0.28,5.85,-0.00;0.21,1.42,-2.02;0.47,0.32,10.53;6.29,-23.60
118.80680600,31.89040669,8.42;-0.58,92.71,-0.92;-0.28,5.85,-0.00;0.21,1.42,-2.02;0.47,0.32,10.53;6.31,-22.10
118.80680600,31.89040669,8.42;-0.58,92.71,-0.92;-0.28,5.85,-0.00;0.21,1.42,-2.02;0.47,0.32,10.53;6.31,7.30
118.80680600,31.89040669,8.42;-0.58,92.71,-0.92;-0.28,5.85,-0.00;0.21,1.42,-2.02;0.47,0.32,10.53;6.44,8.90
118.80685074,31.89040367,8.42;-0.14,95.19,-0.77;-0.61,6.22,0.01;0.21,1.42,-2.02;0.47,0.32,10.53;6.45,12.10
118.80685074,31.89040367,8.42;-0.14,95.19,-0.77;-0.61,6.22,0.01;0.21,1.42,-2.02;0.47,0.32,10.53;6.48,15.10
118.80685074,31.89040367,8.42;-0.14,95.19,-0.77;-0.61,6.22,0.01;0.21,1.42,-2.02;0.47,0.32,10.53;6.48,17.90
118.80685074,31.89040367,8.42;-0.14,95.19,-0.77;-0.61,6.22,0.01;0.21,1.42,-2.02;0.47,0.32,10.53;6.49,20.60
118.80685074,31.89040367,8.42;-0.14,95.19,-0.77;-0.61,6.22,0.01;0.21,1.42,-2.02;0.47,0.32,10.53;6.50,21.90
118.80685074,31.89040367,8.42;-0.14,95.19,-0.77;-0.61,6.22,0.01;0.21,1.42,-2.02;0.47,0.32,10.53;6.60,21.90
118.80685074,31.89040367,8.42;-0.14,95.19,-0.77;-0.61,6.22,0.01;0.21,1.42,-2.02;0.47,0.32,10.53;6.61,46.60
118.80685074,31.89040367,8.42;-0.14,95.19,-0.77;-0.61,6.22,0.01;0.21,1.42,-2.02;0.47,0.32,10.53;6.61,48.40
118.80685074,31.89040367,8.42;-0.14,95.19,-0.77;-0.61,6.22,0.01;0.21,1.42,-2.02;0.47,0.32,10.53;6.62,50.30
118.80685074,31.89040367,8.42;-0.14,95.19,-0.77;-0.61,6.22,0.01;1.43,1.86,10.39;-1.36,0.69,9.74;6.62,52.20
118.80685074,31.89040367,8.42;-0.14,95.19,-0.77;-0.61,6.22,0.01;1.43,1.86,10.39;-1.36,0.69,9.74;6.63,54.10
118.80685074,31.89040367,8.42;-0.14,95.19,-0.77;-0.61,6.22,0.01;1.43,1.86,10.39;-1.36,0.69,9.74;6.64,56.00
118.80685074,31.89040367,8.42;-0.14,95.19,-0.77;-0.61,6.22,0.01;1.43,1.86,10.39;-1.36,0.69,9.74;6.64,57.80
118.80685074,31.89040367,8.42;-0.14,95.19,-0.77;-0.61,6.22,0.01;1.43,1.86,10.39;-1.36,0.69,9.74;6.75,77.90
118.80690118,31.89040088,8.42;0.87,89.06,-0.67;0.01,6.54,0.01;1.43,1.86,10.39;-1.36,0.69,9.74;6.75,79.10
118.80690118,31.89040088,8.42;0.87,89.06,-0.67;0.01,6.54,0.01;1.43,1.86,10.39;-1.36,0.69,9.74;6.77,80.10
118.80690118,31.89040088,8.42;0.87,89.06,-0.67;0.01,6.54,0.01;1.43,1.86,10.39;-1.36,0.69,9.74;6.78,80.90
118.80690118,31.89040088,8.42;0.87,89.06,-0.67;0.01,6.54,0.01;1.43,1.86,10.39;-1.36,0.69,9.74;6.79,81.20
118.80690118,31.89040088,8.42;0.87,89.06,-0.67;0.01,6.54,0.01;1.43,1.86,10.39;-1.36,0.69,9.74;6.79,81.70
118.80690118,31.89040088,8.42;0.87,89.06,-0.67;0.01,6.54,0.01;1.43,1.86,10.39;-1.36,0.69,9.74;6.80,82.10
118.80690118,31.89040088,8.42;0.87,89.06,-0.67;0.01,6.54,0.01;1.43,1.86,10.39;-1.36,0.69,9.74;6.84,78.70
118.80690118,31.89040088,8.42;0.87,89.06,-0.67;0.01,6.54,0.01;1.43,1.86,10.39;-1.36,0.69,9.74;6.85,78.40
118.80690118,31.89040088,8.42;0.87,89.06,-0.67;0.01,6.54,0.01;1.43,1.86,10.39;-1.36,0.69,9.74;6.85,77.90
118.80690118,31.89040088,8.42;0.87,89.06,-0.67;0.01,6.54,0.01;1.43,1.86,10.39;-1.36,0.69,9.74;6.86,77.40
118.80690118,31.89040088,8.42;0.87,89.06,-0.67;0.01,6.54,0.01;-0.81,-0.68,13.59;-1.74,0.13,10.15;6.88,77.00
118.80690118,31.89040088,8.42;0.87,89.06,-0.67;0.01,6.54,0.01;0.64,-2.59,12.56;-1.64,-0.18,10.10;6.88,76.50
118.80690118,31.89040088,8.42;0.87,89.06,-0.67;0.01,6.54,0.01;0.64,-2.59,12.56;-1.64,-0.18,10.10;6.88,76.30
118.80690118,31.89040088,8.42;0.87,89.06,-0.67;0.01,6.54,0.01;0.64,-2.59,12.56;-1.64,-0.18,10.10;6.97,76.30
118.80690118,31.89040088,8.42;0.87,89.06,-0.67;0.01,6.54,0.01;0.64,-2.59,12.56;-1.64,-0.18,10.10;6.99,71.20
118.80695355,31.89040506,8.45;0.56,79.46,-0.90;1.15,6.65,0.00;0.64,-2.59,12.56;-1.64,-0.18,10.10;6.99,70.60
118.80695355,31.89040506,8.45;0.56,79.46,-0.90;1.15,6.65,0.00;0.64,-2.59,12.56;-1.64,-0.18,10.10;7.01,69.90
118.80695355,31.89040506,8.45;0.56,79.46,-0.90;1.15,6.65,0.00;0.64,-2.59,12.56;-1.64,-0.18,10.10;7.01,68.90
118.80695355,31.89040506,8.45;0.56,79.46,-0.90;1.15,6.65,0.00;0.64,-2.59,12.56;-1.64,-0.18,10.10;7.01,67.60
118.80695355,31.89040506,8.45;0.56,79.46,-0.90;1.15,6.65,0.00;0.64,-2.59,12.56;-1.64,-0.18,10.10;7.01,66.00
118.80695355,31.89040506,8.45;0.56,79.46,-0.90;1.15,6.65,0.00;0.64,-2.59,12.56;-1.64,-0.18,10.10;7.01,64.00
118.80695355,31.89040506,8.45;0.56,79.46,-0.90;1.15,6.65,0.00;0.64,-2.59,12.56;-1.64,-0.18,10.10;7.09,20.80
118.80695355,31.89040506,8.45;0.56,79.46,-0.90;1.15,6.65,0.00;0.64,-2.59,12.56;-1.64,-0.18,10.10;7.09,17.50
118.80695355,31.89040506,8.45;0.56,79.46,-0.90;1.15,6.65,0.00;0.64,-2.59,12.56;-1.64,-0.18,10.10;7.09,14.20
118.80695355,31.89040506,8.45;0.56,79.46,-0.90;1.15,6.65,0.00;-0.49,-1.40,11.72;-1.74,0.36,11.00;7.10,11.20
118.80695355,31.89040506,8.45;0.56,79.46,-0.90;1.15,6.65,0.00;0.35,-3.04,-0.40;0.16,-0.11,9.86;7.09,9.50
118.80695355,31.89040506,8.45;0.56,79.46,-0.90;1.15,6.65,0.00;0.35,-3.04,-0.40;0.16,-0.11,9.86;7.10,6.50
118.80695355,31.89040506,8.45;0.56,79.46,-0.90;1.15,6.65,0.00;0.35,-3.04,-0.40;0.16,-0.11,9.86;7.11,3.30
118.80695355,31.89040506,8.45;0.56,79.46,-0.90;1.15,6.65,0.00;0.35,-3.04,-0.40;0.16,-0.11,9.86;7.11,-32.40
118.80695355,31.89040506,8.45;0.56,79.46,-0.90;1.15,6.65,0.00;0.35,-3.04,-0.40;0.16,-0.11,9.86;7.20,-33.30
118.80700299,31.89041456,8.47;-0.71,77.73,-1.10;1.52,6.77,-0.00;0.35,-3.04,-0.40;0.16,-0.11,9.86;7.20,-35.40
118.80700299,31.89041456,8.47;-0.71,77.73,-1.10;1.52,6.77,-0.00;0.35,-3.04,-0.40;0.16,-0.11,9.86;7.22,-37.30
118.80700299,31.89041456,8.47;-0.71,77.73,-1.10;1.52,6.77,-0.00;0.35,-3.04,-0.40;0.16,-0.11,9.86;7.22,-39.10
118.80700299,31.89041456,8.47;-0.71,77.73,-1.10;1.52,6.77,-0.00;0.35,-3.04,-0.40;0.16,-0.11,9.86;7.23,-40.80
118.80700299,31.89041456,8.47;-0.71,77.73,-1.10;1.52,6.77,-0.00;0.35,-3.04,-0.40;0.16,-0.11,9.86;7.24,-41.60
118.80700299,31.89041456,8.47;-0.71,77.73,-1.10;1.52,6.77,-0.00;0.35,-3.04,-0.40;0.16,-0.11,9.86;7.33,-41.60
118.80700299,31.89041456,8.47;-0.71,77.73,-1.10;1.52,6.77,-0.00;0.35,-3.04,-0.40;0.16,-0.11,9.86;7.33,-59.40
118.80700299,31.89041456,8.47;-0.71,77.73,-1.10;1.52,6.77,-0.00;0.35,-3.04,-0.40;0.16,-0.11,9.86;7.33,-60.20
118.80700299,31.89041456,8.47;-0.71,77.73,-1.10;1.52,6.77,-0.00;-0.68,-1.43,-6.49;0.82,0.23,10.86;7.34,-60.90
118.80700299,31.89041456,8.47;-0.71,77.73,-1.10;1.52,6.77,-0.00;0.35,0.23,-10.54;1.76,-0.10,9.82;7.34,-61.60
118.80700299,31.89041456,8.47;-0.71,77.73,-1.10;1.52,6.77,-0.00;0.35,0.23,-10.54;1.76,-0.10,9.82;7.34,-62.20
118.80700299,31.89041456,8.47;-0.71,77.73,-1.10;1.52,6.77,-0.00;0.35,0.23,-10.54;1.76,-0.10,9.82;7.34,-62.70
118.80700299,31.89041456,8.47;-0.71,77.73,-1.10;1.52,6.77,-0.00;0.35,0.23,-10.54;1.76,-0.10,9.82;7.34,-62.70
118.80700299,31.89041456,8.47;-0.71,77.73,-1.10;1.52,6.77,-0.00;0.35,0.23,-10.54;1.76,-0.10,9.82;7.41,-65.80
118.80705801,31.89042242,8.47;-1.01,85.05,-0.89;0.69,7.10,0.04;0.35,0.23,-10.54;1.76,-0.10,9.82;7.41,-65.90
118.80705801,31.89042242,8.47;-1.01,85.05,-0.89;0.69,7.10,0.04;0.35,0.23,-10.54;1.76,-0.10,9.82;7.41,-66.00
118.80705801,31.89042242,8.47;-1.01,85.05,-0.89;0.69,7.10,0.04;0.35,0.23,-10.54;1.76,-0.10,9.82;7.42,-65.90
118.80705801,31.89042242,8.47;-1.01,85.05,-0.89;0.69,7.10,0.04;0.35,0.23,-10.54;1.76,-0.10,9.82;7.43,-65.80
118.80705801,31.89042242,8.47;-1.01,85.05,-0.89;0.69,7.10,0.04;0.35,0.23,-10.54;1.76,-0.10,9.82;7.44,-65.70
118.80705801,31.89042242,8.47;-1.01,85.05,-0.89;0.69,7.10,0.04;0.35,0.23,-10.54;1.76,-0.10,9.82;7.44,-65.70
118.80705801,31.89042242,8.47;-1.01,85.05,-0.89;0.69,7.10,0.04;0.35,0.23,-10.54;1.76,-0.10,9.82;7.49,-61.00
118.80705801,31.89042242,8.47;-1.01,85.05,-0.89;0.69,7.10,0.04;0.35,0.23,-10.54;1.76,-0.10,9.82;7.50,-60.50
118.80705801,31.89042242,8.47;-1.01,85.05,-0.89;0.69,7.10,0.04;-0.13,1.33,-9.81;1.81,-0.19,8.92;7.51,-59.90
118.80705801,31.89042242,8.47;-1.01,85.05,-0.89;0.69,7.10,0.04;-0.13,1.33,-9.81;1.81,-0.19,8.92;7.51,-59.40
118.80705801,31.89042242,8.47;-1.01,85.05,-0.89;0.69,7.10,0.04;-0.13,1.33,-9.81;1.81,-0.19,8.92;7.53,-58.90
118.80705801,31.89042242,8.47;-1.01,85.05,-0.89;0.69,7.10,0.04;-0.13,1.33,-9.81;1.81,-0.19,8.92;7.53,-58.40
118.80705801,31.89042242,8.47;-1.01,85.05,-0.89;0.69,7.10,0.04;-0.13,1.33,-9.81;1.81,-0.19,8.92;7.53,-57.70
118.80705801,31.89042242,8.47;-1.01,85.05,-0.89;0.69,7.10,0.04;-0.13,1.33,-9.81;1.81,-0.19,8.92;7.59,-49.70
118.80705801,31.89042242,8.47;-1.01,85.05,-0.89;0.69,7.10,0.04;-0.13,1.33,-9.81;1.81,-0.19,8.92;7.59,-49.20
118.80711155,31.89042357,8.47;-0.86,92.21,-1.03;-0.23,7.30,0.02;-0.13,1.33,-9.81;1.81,-0.19,8.92;7.59,-48.80
118.80711155,31.89042357,8.47;-0.86,92.21,-1.03;-0.23,7.30,0.02;-0.13,1.33,-9.81;1.81,-0.19,8.92;7.60,-48.30
118.80711155,31.89042357,8.47;-0.86,92.21,-1.03;-0.23,7.30,0.02;-0.13,1.33,-9.81;1.81,-0.19,8.92;7.60,-48.00
118.80711155,31.89042357,8.47;-0.86,92.21,-1.03;-0.23,7.30,0.02;-0.13,1.33,-9.81;1.81,-0.19,8.92;7.60,-47.50
118.80711155,31.89042357,8.47;-0.86,92.21,-1.03;-0.23,7.30,0.02;-0.13,1.33,-9.81;1.81,-0.19,8.92;7.61,-46.80
118.80711155,31.89042357,8.47;-0.86,92.21,-1.03;-0.23,7.30,0.02;-0.13,1.33,-9.81;1.81,-0.19,8.92;7.66,-13.70
118.80711155,31.89042357,8.47;-0.86,92.21,-1.03;-0.23,7.30,0.02;-0.13,1.33,-9.81;1.81,-0.19,8.92;7.67,-11.70
118.80711155,31.89042357,8.47;-0.86,92.21,-1.03;-0.23,7.30,0.02;-0.13,1.33,-9.81;1.81,-0.19,8.92;7.68,-7.80
118.80711155,31.89042357,8.47;-0.86,92.21,-1.03;-0.23,7.30,0.02;0.72,0.86,-7.09;1.35,0.48,9.39;7.69,-3.90
118.80711155,31.89042357,8.47;-0.86,92.21,-1.03;-0.23,7.30,0.02;-0.33,2.02,1.65;0.20,0.05,10.28;7.70,0.00
118.80711155,31.89042357,8.47;-0.86,92.21,-1.03;-0.23,7.30,0.02;-0.33,2.02,1.65;0.20,0.05,10.28;7.70,3.90
118.80711155,31.89042357,8.47;-0.86,92.21,-1.03;-0.23,7.30,0.02;-0.33,2.02,1.65;0.20,0.05,10.28;7.70,5.60
118.80711155,31.89042357,8.47;-0.86,92.21,-1.03;-0.23,7.30,0.02;-0.33,2.02,1.65;0.20,0.05,10.28;7.75,5.60
118.80711155,31.89042357,8.47;-0.86,92.21,-1.03;-0.23,7.30,0.02;-0.33,2.02,1.65;0.20,0.05,10.28;7.76,30.00
118.80717007,31.89042002,8.47;0.04,92.88,-0.97;-0.44,7.47,0.02;-0.33,2.02,1.65;0.20,0.05,10.28;7.76,30.90
118.80717007,31.89042002,8.47;0.04,92.88,-0.97;-0.44,7.47,0.02;-0.33,2.02,1.65;0.20,0.05,10.28;7.76,31.70
118.80717007,31.89042002,8.47;0.04,92.88,-0.97;-0.44,7.47,0.02;-0.33,2.02,1.65;0.20,0.05,10.28;7.76,32.60
118.80717007,31.89042002,8.47;0.04,92.88,-0.97;-0.44,7.47,0.02;-0.33,2.02,1.65;0.20,0.05,10.28;7.76,33.60
118.80717007,31.89042002,8.47;0.04,92.88,-0.97;-0.44,7.47,0.02;-0.33,2.02,1.65;0.20,0.05,10.28;7.76,34.50
118.80717007,31.89042002,8.47;0.04,92.88,-0.97;-0.44,7.47,0.02;-0.33,2.02,1.65;0.20,0.05,10.28;7.76,35.60
118.80717007,31.89042002,8.47;0.04,92.88,-0.97;-0.44,7.47,0.02;-0.33,2.02,1.65;0.20,0.05,10.28;7.82,52.30
118.80717007,31.89042002,8.47;0.04,92.88,-0.97;-0.44,7.47,0.02;-0.33,2.02,1.65;0.20,0.05,10.28;7.84,53.60
118.80717007,31.89042002,8.47;0.04,92.88,-0.97;-0.44,7.47,0.02;-0.35,1.07,10.90;-1.30,-0.15,9.89;7.85,54.80
118.80717007,31.89042002,8.47;0.04,92.88,-0.97;-0.44,7.47,0.02;-0.35,1.07,10.90;-1.30,-0.15,9.89;7.85,56.00
118.80717007,31.89042002,8.47;0.04,92.88,-0.97;-0.44,7.47,0.02;-0.35,1.07,10.90;-1.30,-0.15,9.89;7.86,56.60
118.80717007,31.89042002,8.47;0.04,92.88,-0.97;-0.44,7.47,0.02;-0.35,1.07,10.90;-1.30,-0.15,9.89;7.86,57.80
118.80717007,31.89042002,8.47;0.04,92.88,-0.97;-0.44,7.47,0.02;-0.35,1.07,10.90;-1.30,-0.15,9.89;7.86,58.90
118.80717007,31.89042002,8.47;0.04,92.88,-0.97;-0.44,7.47,0.02;-0.35,1.07,10.90;-1.30,-0.15,9.89;7.86,64.00
118.80717007,31.89042002,8.47;0.04,92.88,-0.97;-0.44,7.47,0.02;-0.35,1.07,10.90;-1.30,-0.15,9.89;7.89,63.90
118.80722581,31.89041953,8.48;0.43,86.00,-0.87;0.42,7.59,0.03;-0.35,1.07,10.90;-1.30,-0.15,9.89;7.89,63.70
118.80722581,31.89041953,8.48;0.43,86.00,-0.87;0.42,7.59,0.03;-0.35,1.07,10.90;-1.30,-0.15,9.89;7.88,63.60
118.80722581,31.89041953,8.48;0.43,86.00,-0.87;0.42,7.59,0.03;-0.35,1.07,10.90;-1.30,-0.15,9.89;7.89,63.40
118.80722581,31.89041953,8.48;0.43,86.00,-0.87;0.42,7.59,0.03;-0.35,1.07,10.90;-1.30,-0.15,9.89;7.90,63.20
118.80722581,31.89041953,8.48;0.43,86.00,-0.87;0.42,7.59,0.03;-0.35,1.07,10.90;-1.30,-0.15,9.89;7.90,63.10
118.80722581,31.89041953,8.48;0.43,86.00,-0.87;0.42,7.59,0.03;-0.35,1.07,10.90;-1.30,-0.15,9.89;7.93,63.10
118.80722581,31.89041953,8.48;0.43,86.00,-0.87;0.42,7.59,0.03;-0.35,1.07,10.90;-1.30,-0.15,9.89;7.95,61.60
118.80722581,31.89041953,8.48;0.43,86.00,-0.87;0.42,7.59,0.03;-0.68,-0.02,11.50;-1.79,-0.54,9.66;7.96,61.30
118.80722581,31.89041953,8.48;0.43,86.00,-0.87;0.42,7.59,0.03;-0.68,-0.02,11.50;-1.79,-0.54,9.66;7.96,61.00
118.80722581,31.89041953,8.48;0.43,86.00,-0.87;0.42,7.59,0.03;-0.68,-0.02,11.50;-1.79,-0.54,9.66;7.96,60.60
118.80722581,31.89041953,8.48;0.43,86.00,-0.87;0.42,7.59,0.03;-0.68,-0.02,11.50;-1.79,-0.54,9.66;7.96,60.20
118.80722581,31.89041953,8.48;0.43,86.00,-0.87;0.42,7.59,0.03;-0.68,-0.02,11.50;-1.79,-0.54,9.66;7.96,59.80
118.80722581,31.89041953,8.48;0.43,86.00,-0.87;0.42,7.59,0.03;-0.68,-0.02,11.50;-1.79,-0.54,9.66;7.95,59.30
118.80722581,31.89041953,8.48;0.43,86.00,-0.87;0.42,7.59,0.03;-0.68,-0.02,11.50;-1.79,-0.54,9.66;7.99,29.70
118.80728575,31.89042658,8.50;-0.01,78.19,-0.85;1.57,7.52,0.01;-0.68,-0.02,11.50;-1.79,-0.54,9.66;7.99,26.20
118.80728575,31.89042658,8.50;-0.01,78.19,-0.85;1.57,7.52,0.01;-0.68,-0.02,11.50;-1.79,-0.54,9.66;7.98,22.70
118.80728575,31.89042658,8.50;-0.01,78.19,-0.85;1.57,7.52,0.01;-0.68,-0.02,11.50;-1.79,-0.54,9.66;7.98,19.30
118.80728575,31.89042658,8.50;-0.01,78.19,-0.85;1.57,7.52,0.01;-0.68,-0.02,11.50;-1.79,-0.54,9.66;7.99,17.60
118.80728575,31.89042658,8.50;-0.01,78.19,-0.85;1.57,7.52,0.01;-0.68,-0.02,11.50;-1.79,-0.54,9.66;8.00,14.20
118.80728575,31.89042658,8.50;-0.01,78.19,-0.85;1.57,7.52,0.01;-0.68,-0.02,11.50;-1.79,-0.54,9.66;8.01,10.80
118.80728575,31.89042658,8.50;-0.01,78.19,-0.85;1.57,7.52,0.01;-0.68,-0.02,11.50;-1.79,-0.54,9.66;8.01,-24.10
118.80728575,31.89042658,8.50;-0.01,78.19,-0.85;1.57,7.52,0.01;-0.44,-0.65,8.43;-1.05,0.24,9.73;8.06,-25.00
118.80728575,31.89042658,8.50;-0.01,78.19,-0.85;1.57,7.52,0.01;-0.85,0.13,-4.97;0.64,0.33,9.75;8.06,-26.60
118.80728575,31.89042658,8.50;-0.01,78.19,-0.85;1.57,7.52,0.01;-0.85,0.13,-4.97;0.64,0.33,9.75;8.06,-28.00
118.80728575,31.89042658,8.50;-0.01,78.19,-0.85;1.57,7.52,0.01;-0.85,0.13,-4.97;0.64,0.33,9.75;8.08,-29.30
118.80728575,31.89042658,8.50;-0.01,78.19,-0.85;1.57,7.52,0.01;-0.85,0.13,-4.97;0.64,0.33,9.75;8.07,-30.60
118.80728575,31.89042658,8.50;-0.01,78.19,-0.85;1.57,7.52,0.01;-0.85,0.13,-4.97;0.64,0.33,9.75;8.06,-31.20
118.80728575,31.89042658,8.50;-0.01,78.19,-0.85;1.57,7.52,0.01;-0.85,0.13,-4.97;0.64,0.33,9.75;8.12,-45.60
118.80728575,31.89042658,8.50;-0.01,78.19,-0.85;1.57,7.52,0.01;-0.85,0.13,-4.97;0.64,0.33,9.75;8.12,-46.00
118.80734183,31.89043640,8.52;-1.14,81.01,-1.06;1.27,7.68,-0.02;-0.85,0.13,-4.97;0.64,0.33,9.75;8.12,-46.60
118.80734183,31.89043640,8.52;-1.14,81.01,-1.06;1.27,7.68,-0.02;-0.85,0.13,-4.97;0.64,0.33,9.75;8.13,-47.20
118.80734183,31.89043640,8.52;-1.14,81.01,-1.06;1.27,7.68,-0.02;-0.85,0.13,-4.97;0.64,0.33,9.75;8.13,-47.80
118.80734183,31.89043640,8.52;-1.14,81.01,-1.06;1.27,7.68,-0.02;-0.85,0.13,-4.97;0.64,0.33,9.75;8.13,-48.20
118.80734183,31.89043640,8.52;-1.14,81.01,-1.06;1.27,7.68,-0.02;-0.85,0.13,-4.97;0.64,0.33,9.75;8.15,-48.60
118.80734183,31.89043640,8.52;-1.14,81.01,-1.06;1.27,7.68,-0.02;-0.85,0.13,-4.97;0.64,0.33,9.75;8.15,-48.60
118.80734183,31.89043640,8.52;-1.14,81.01,-1.06;1.27,7.68,-0.02;-0.85,0.13,-4.97;0.64,0.33,9.75;8.19,-48.10
118.80734183,31.89043640,8.52;-1.14,81.01,-1.06;1.27,7.68,-0.02;0.54,-0.60,-8.41;1.49,-0.18,8.84;8.19,-48.30
118.80734183,31.89043640,8.52;-1.14,81.01,-1.06;1.27,7.68,-0.02;-2.01,-0.85,-8.89;1.67,0.10,9.73;8.19,-48.40
118.80734183,31.89043640,8.52;-1.14,81.01,-1.06;1.27,7.68,-0.02;-2.01,-0.85,-8.89;1.67,0.10,9.73;8.19,-48.50
118.80734183,31.89043640,8.52;-1.14,81.01,-1.06;1.27,7.68,-0.02;-2.01,-0.85,-8.89;1.67,0.10,9.73;8.19,-48.60
118.80734183,31.89043640,8.52;-1.14,81.01,-1.06;1.27,7.68,-0.02;-2.01,-0.85,-8.89;1.67,0.10,9.73;8.19,-48.70
118.80734183,31.89043640,8.52;-1.14,81.01,-1.06;1.27,7.68,-0.02;-2.01,-0.85,-8.89;1.67,0.10,9.73;8.23,-48.70
118.80734183,31.89043640,8.52;-1.14,81.01,-1.06;1.27,7.68,-0.02;-2.01,-0.85,-8.89;1.67,0.10,9.73;8.24,-47.30
118.80740380,31.89044199,8.52;-1.16,87.78,-0.97;0.37,7.90,0.03;-2.01,-0.85,-8.89;1.67,0.10,9.73;8.24,-47.10
118.80740380,31.89044199,8.52;-1.16,87.78,-0.97;0.37,7.90,0.03;-2.01,-0.85,-8.89;1.67,0.10,9.73;8.25,-46.90
118.80740380,31.89044199,8.52;-1.16,87.78,-0.97;0.37,7.90,0.03;-2.01,-0.85,-8.89;1.67,0.10,9.73;8.25,-46.70
118.80740380,31.89044199,8.52;-1.16,87.78,-0.97;0.37,7.90,0.03;-2.01,-0.85,-8.89;1.67,0.10,9.73;8.26,-46.30
118.80740380,31.89044199,8.52;-1.16,87.78,-0.97;0.37,7.90,0.03;-2.01,-0.85,-8.89;1.67,0.10,9.73;8.26,-45.90
118.80740380,31.89044199,8.52;-1.16,87.78,-0.97;0.37,7.90,0.03;-2.01,-0.85,-8.89;1.67,0.10,9.73;8.26,-45.90
118.80740380,31.89044199,8.52;-1.16,87.78,-0.97;0.37,7.90,0.03;-2.01,-0.85,-8.89;1.67,0.10,9.73;8.30,-38.40
118.80740380,31.89044199,8.52;-1.16,87.78,-0.97;0.37,7.90,0.03;0.57,0.30,-8.87;1.25,-0.24,10.17;8.30,-37.60
118.80740380,31.89044199,8.52;-1.16,87.78,-0.97;0.37,7.90,0.03;-1.15,0.10,-6.87;1.54,0.13,9.48;8.30,-36.60
118.80740380,31.89044199,8.52;-1.16,87.78,-0.97;0.37,7.90,0.03;-1.15,0.10,-6.87;1.54,0.13,9.48;8.30,-35.40
118.80740380,31.89044199,8.52;-1.16,87.78,-0.97;0.37,7.90,0.03;-1.15,0.10,-6.87;1.54,0.13,9.48;8.30,-34.10
118.80740380,31.89044199,8.52;-1.16,87.78,-0.97;0.37,7.90,0.03;-1.15,0.10,-6.87;1.54,0.13,9.48;8.29,-33.50
118.80740380,31.89044199,8.52;-1.16,87.78,-0.97;0.37,7.90,0.03;-1.15,0.10,-6.87;1.54,0.13,9.48;8.35,-7.80
118.80740380,31.89044199,8.52;-1.16,87.78,-0.97;0.37,7.90,0.03;-1.15,0.10,-6.87;1.54,0.13,9.48;8.35,-6.30
118.80740380,31.89044199,8.52;-1.16,87.78,-0.97;0.37,7.90,0.03;-1.15,0.10,-6.87;1.54,0.13,9.48;8.35,-3.50
118.80746288,31.89044186,8.53;-0.57,91.79,-0.95;-0.28,8.03,0.01;-1.15,0.10,-6.87;1.54,0.13,9.48;8.36,-0.80
118.80746288,31.89044186,8.53;-0.57,91.79,-0.95;-0.28,8.03,0.01;-1.15,0.10,-6.87;1.54,0.13,9.48;8.36,1.90
118.80746288,31.89044186,8.53;-0.57,91.79,-0.95;-0.28,8.03,0.01;-1.15,0.10,-6.87;1.54,0.13,9.48;8.37,4.50
118.80746288,31.89044186,8.53;-0.57,91.79,-0.95;-0.28,8.03,0.01;-1.15,0.10,-6.87;1.54,0.13,9.48;8.38,6.90
118.80746288,31.89044186,8.53;-0.57,91.79,-0.95;-0.28,8.03,0.01;-1.15,0.10,-6.87;1.54,0.13,9.48;8.39,8.80
118.80746288,31.89044186,8.53;-0.57,91.79,-0.95;-0.28,8.03,0.01;-1.15,0.10,-6.87;1.54,0.13,9.48;8.40,11.70
118.80746288,31.89044186,8.53;-0.57,91.79,-0.95;-0.28,8.03,0.01;0.75,1.30,-2.64;0.74,-0.55,9.31;8.39,12.00
118.80746288,31.89044186,8.53;-0.57,91.79,-0.95;-0.28,8.03,0.01;0.39,-0.35,2.35;-0.40,0.18,9.85;8.40,12.50
118.80746288,31.89044186,8.53;-0.57,91.79,-0.95;-0.28,8.03,0.01;0.39,-0.35,2.35;-0.40,0.18,9.85;8.40,13.00
118.80746288,31.89044186,8.53;-0.57,91.79,-0.95;-0.28,8.03,0.01;0.39,-0.35,2.35;-0.40,0.18,9.85;8.39,13.30
118.80746288,31.89044186,8.53;-0.57,91.79,-0.95;-0.28,8.03,0.01;0.39,-0.35,2.35;-0.40,0.18,9.85;8.41,14.10
118.80746288,31.89044186,8.53;-0.57,91.79,-0.95;-0.28,8.03,0.01;0.39,-0.35,2.35;-0.40,0.18,9.85;8.42,15.10
118.80746288,31.89044186,8.53;-0.57,91.79,-0.95;-0.28,8.03,0.01;0.39,-0.35,2.35;-0.40,0.18,9.85;8.42,46.10
118.80746288,31.89044186,8.53;-0.57,91.79,-0.95;-0.28,8.03,0.01;0.39,-0.35,2.35;-0.40,0.18,9.85;8.46,47.50
118.80752710,31.89044083,8.55;0.21,88.60,-1.21;0.07,8.17,-0.03;0.39,-0.35,2.35;-0.40,0.18,9.85;8.47,50.50
118.80752710,31.89044083,8.55;0.21,88.60,-1.21;0.07,8.17,-0.03;0.39,-0.35,2.35;-0.40,0.18,9.85;8.47,53.20
118.80752710,31.89044083,8.55;0.21,88.60,-1.21;0.07,8.17,-0.03;0.39,-0.35,2.35;-0.40,0.18,9.85;8.47,55.60
118.80752710,31.89044083,8.55;0.21,88.60,-1.21;0.07,8.17,-0.03;0.39,-0.35,2.35;-0.40,0.18,9.85;8.48,58.00
118.80752710,31.89044083,8.55;0.21,88.60,-1.21;0.07,8.17,-0.03;0.39,-0.35,2.35;-0.40,0.18,9.85;8.48,59.20
118.80752710,31.89044083,8.55;0.21,88.60,-1.21;0.07,8.17,-0.03;0.39,-0.35,2.35;-0.40,0.18,9.85;8.52,59.20
118.80752710,31.89044083,8.55;0.21,88.60,-1.21;0.07,8.17,-0.03;0.38,2.06,13.01;-1.60,0.02,9.68;8.52,65.80
118.80752710,31.89044083,8.55;0.21,88.60,-1.21;0.07,8.17,-0.03;0.12,-0.21,13.09;-2.00,-0.05,9.29;8.52,65.10
118.80752710,31.89044083,8.55;0.21,88.60,-1.21;0.07,8.17,-0.03;0.12,-0.21,13.09;-2.00,-0.05,9.29;8.52,64.60
118.80752710,31.89044083,8.55;0.21,88.60,-1.21;0.07,8.17,-0.03;0.12,-0.21,13.09;-2.00,-0.05,9.29;8.52,63.90
118.80752710,31.89044083,8.55;0.21,88.60,-1.21;0.07,8.17,-0.03;0.12,-0.21,13.09;-2.00,-0.05,9.29;8.53,63.20
118.80752710,31.89044083,8.55;0.21,88.60,-1.21;0.07,8.17,-0.03;0.12,-0.21,13.09;-2.00,-0.05,9.29;8.53,62.50
118.80752710,31.89044083,8.55;0.21,88.60,-1.21;0.07,8.17,-0.03;0.12,-0.21,13.09;-2.00,-0.05,9.29;8.53,62.50
118.80752710,31.89044083,8.55;0.21,88.60,-1.21;0.07,8.17,-0.03;0.12,-0.21,13.09;-2.00,-0.05,9.29;8.59,44.90
118.80752710,31.89044083,8.55;0.21,88.60,-1.21;0.07,8.17,-0.03;0.12,-0.21,13.09;-2.00,-0.05,9.29;8.59,43.00
118.80759178,31.89044608,8.55;0.06,79.87,-1.27;1.41,8.15,-0.01;0.12,-0.21,13.09;-2.00,-0.05,9.29;8.59,41.20
118.80759178,31.89044608,8.55;0.06,79.87,-1.27;1.41,8.15,-0.01;0.12,-0.21,13.09;-2.00,-0.05,9.29;8.58,39.40
118.80759178,31.89044608,8.55;0.06,79.87,-1.27;1.41,8.15,-0.01;0.12,-0.21,13.09;-2.00,-0.05,9.29;8.57,37.80
118.80759178,31.89044608,8.55;0.06,79.87,-1.27;1.41,8.15,-0.01;0.12,-0.21,13.09;-2.00,-0.05,9.29;8.56,36.90
118.80759178,31.89044608,8.55;0.06,79.87,-1.27;1.41,8.15,-0.01;0.12,-0.21,13.09;-2.00,-0.05,9.29;8.56,16.60
118.80759178,31.89044608,8.55;0.06,79.87,-1.27;1.41,8.15,-0.01;0.12,-0.21,13.09;-2.00,-0.05,9.29;8.64,15.70
118.80759178,31.89044608,8.55;0.06,79.87,-1.27;1.41,8.15,-0.01;0.07,-3.13,2.21;-0.37,0.77,10.45;8.65,13.60
118.80759178,31.89044608,8.55;0.06,79.87,-1.27;1.41,8.15,-0.01;0.07,-3.13,2.21;-0.37,0.77,10.45;8.65,11.50
118.80759178,31.89044608,8.55;0.06,79.87,-1.27;1.41,8.15,-0.01;0.07,-3.13,2.21;-0.37,0.77,10.45;8.65,9.40
118.80759178,31.89044608,8.55;0.06,79.87,-1.27;1.41,8.15,-0.01;0.07,-3.13,2.21;-0.37,0.77,10.45;8.66,7.10
118.80759178,31.89044608,8.55;0.06,79.87,-1.27;1.41,8.15,-0.01;0.07,-3.13,2.21;-0.37,0.77,10.45;8.67,4.70
118.80759178,31.89044608,8.55;0.06,79.87,-1.27;1.41,8.15,-0.01;0.07,-3.13,2.21;-0.37,0.77,10.45;8.67,2.00
118.80759178,31.89044608,8.55;0.06,79.87,-1.27;1.41,8.15,-0.01;0.07,-3.13,2.21;-0.37,0.77,10.45;8.72,-28.90
118.80759178,31.89044608,8.55;0.06,79.87,-1.27;1.41,8.15,-0.01;0.07,-3.13,2.21;-0.37,0.77,10.45;8.71,-30.90
118.80759178,31.89044608,8.55;0.06,79.87,-1.27;1.41,8.15,-0.01;0.07,-3.13,2.21;-0.37,0.77,10.45;8.71,-32.60
118.80765225,31.89045640,8.53;-1.34,79.85,-1.64;1.56,8.27,-0.04;0.07,-3.13,2.21;-0.37,0.77,10.45;8.71,-34.20
118.80765225,31.89045640,8.53;-1.34,79.85,-1.64;1.56,8.27,-0.04;0.07,-3.13,2.21;-0.37,0.77,10.45;8.72,-35.00
118.80765225,31.89045640,8.53;-1.34,79.85,-1.64;1.56,8.27,-0.04;0.07,-3.13,2.21;-0.37,0.77,10.45;8.73,-36.60
118.80765225,31.89045640,8.53;-1.34,79.85,-1.64;1.56,8.27,-0.04;0.07,-3.13,2.21;-0.37,0.77,10.45;8.74,-38.10
118.80765225,31.89045640,8.53;-1.34,79.85,-1.64;1.56,8.27,-0.04;0.07,-3.13,2.21;-0.37,0.77,10.45;8.74,-53.50
118.80765225,31.89045640,8.53;-1.34,79.85,-1.64;1.56,8.27,-0.04;1.25,-0.85,-2.62;0.10,-0.06,10.49;8.77,-53.90
118.80765225,31.89045640,8.53;-1.34,79.85,-1.64;1.56,8.27,-0.04;1.88,-0.01,-10.73;1.91,0.35,10.02;8.77,-54.60
118.80765225,31.89045640,8.53;-1.34,79.85,-1.64;1.56,8.27,-0.04;1.88,-0.01,-10.73;1.91,0.35,10.02;8.77,-55.20
118.80765225,31.89045640,8.53;-1.34,79.85,-1.64;1.56,8.27,-0.04;1.88,-0.01,-10.73;1.91,0.35,10.02;8.77,-55.70
118.80765225,31.89045640,8.53;-1.34,79.85,-1.64;1.56,8.27,-0.04;1.88,-0.01,-10.73;1.91,0.35,10.02;8.78,-56.10
118.80765225,31.89045640,8.53;-1.34,79.85,-1.64;1.56,8.27,-0.04;1.88,-0.01,-10.73;1.91,0.35,10.02;8.78,-56.40
118.80765225,31.89045640,8.53;-1.34,79.85,-1.64;1.56,8.27,-0.04;1.88,-0.01,-10.73;1.91,0.35,10.02;8.81,-56.40
118.80765225,31.89045640,8.53;-1.34,79.85,-1.64;1.56,8.27,-0.04;1.88,-0.01,-10.73;1.91,0.35,10.02;8.81,-55.50
118.80765225,31.89045640,8.53;-1.34,79.85,-1.64;1.56,8.27,-0.04;1.88,-0.01,-10.73;1.91,0.35,10.02;8.82,-55.30
118.80771880,31.89046362,8.50;-1.57,87.71,-1.28;0.45,8.52,-0.02;1.88,-0.01,-10.73;1.91,0.35,10.02;8.84,-55.00
118.80771880,31.89046362,8.50;-1.57,87.71,-1.28;0.45,8.52,-0.02;1.88,-0.01,-10.73;1.91,0.35,10.02;8.84,-54.90
118.80771880,31.89046362,8.50;-1.57,87.71,-1.28;0.45,8.52,-0.02;1.88,-0.01,-10.73;1.91,0.35,10.02;8.84,-54.70
118.80771880,31.89046362,8.50;-1.57,87.71,-1.28;0.45,8.52,-0.02;1.88,-0.01,-10.73;1.91,0.35,10.02;8.84,-54.50
118.80771880,31.89046362,8.50;-1.57,87.71,-1.28;0.45,8.52,-0.02;1.88,-0.01,-10.73;1.91,0.35,10.02;8.84,-54.30
118.80771880,31.89046362,8.50;-1.57,87.71,-1.28;0.45,8.52,-0.02;0.93,2.07,-8.46;1.73,-0.07,9.86;8.87,-42.00
118.80771880,31.89046362,8.50;-1.57,87.71,-1.28;0.45,8.52,-0.02;0.93,2.07,-8.46;1.73,-0.07,9.86;8.88,-39.90
118.80771880,31.89046362,8.50;-1.57,87.71,-1.28;0.45,8.52,-0.02;0.93,2.07,-8.46;1.73,-0.07,9.86;8.88,-37.50
118.80771880,31.89046362,8.50;-1.57,87.71,-1.28;0.45,8.52,-0.02;0.93,2.07,-8.46;1.73,-0.07,9.86;8.89,-35.00
118.80771880,31.89046362,8.50;-1.57,87.71,-1.28;0.45,8.52,-0.02;0.93,2.07,-8.46;1.73,-0.07,9.86;8.89,-33.80
118.80771880,31.89046362,8.50;-1.57,87.71,-1.28;0.45,8.52,-0.02;0.93,2.07,-8.46;1.73,-0.07,9.86;8.90,-31.30
118.80771880,31.89046362,8.50;-1.57,87.71,-1.28;0.45,8.52,-0.02;0.93,2.07,-8.46;1.73,-0.07,9.86;8.91,-28.80
118.80771880,31.89046362,8.50;-1.57,87.71,-1.28;0.45,8.52,-0.02;0.93,2.07,-8.46;1.73,-0.07,9.86;8.91,-4.00
118.80771880,31.89046362,8.50;-1.57,87.71,-1.28;0.45,8.52,-0.02;0.93,2.07,-8.46;1.73,-0.07,9.86;8.91,-3.20
118.80771880,31.89046362,8.50;-1.57,87.71,-1.28;0.45,8.52,-0.02;0.93,2.07,-8.46;1.73,-0.07,9.86;8.91,-1.50
118.80778221,31.89046334,8.51;-0.87,91.79,-1.39;-0.27,8.52,-0.01;0.93,2.07,-8.46;1.73,-0.07,9.86;8.89,0.30
118.80778221,31.89046334,8.51;-0.87,91.79,-1.39;-0.27,8.52,-0.01;0.93,2.07,-8.46;1.73,-0.07,9.86;8.88,2.00
118.80778221,31.89046334,8.51;-0.87,91.79,-1.39;-0.27,8.52,-0.01;0.93,2.07,-8.46;1.73,-0.07,9.86;8.88,3.50
118.80778221,31.89046334,8.51;-0.87,91.79,-1.39;-0.27,8.52,-0.01;0.93,2.07,-8.46;1.73,-0.07,9.86;8.88,4.30
118.80778221,31.89046334,8.51;-0.87,91.79,-1.39;-0.27,8.52,-0.01;0.93,2.07,-8.46;1.73,-0.07,9.86;8.83,24.50
118.80778221,31.89046334,8.51;-0.87,91.79,-1.39;-0.27,8.52,-0.01;0.88,1.57,5.08;-0.51,-0.97,9.44;8.83,25.60
118.80778221,31.89046334,8.51;-0.87,91.79,-1.39;-0.27,8.52,-0.01;0.88,1.57,5.08;-0.51,-0.97,9.44;8.83,27.80
118.80778221,31.89046334,8.51;-0.87,91.79,-1.39;-0.27,8.52,-0.01;0.88,1.57,5.08;-0.51,-0.97,9.44;8.82,30.00
118.80778221,31.89046334,8.51;-0.87,91.79,-1.39;-0.27,8.52,-0.01;0.88,1.57,5.08;-0.51,-0.97,9.44;8.82,32.30
118.80778221,31.89046334,8.51;-0.87,91.79,-1.39;-0.27,8.52,-0.01;0.88,1.57,5.08;-0.51,-0.97,9.44;8.81,34.70
118.80778221,31.89046334,8.51;-0.87,91.79,-1.39;-0.27,8.52,-0.01;0.88,1.57,5.08;-0.51,-0.97,9.44;8.78,37.10
118.80778221,31.89046334,8.51;-0.87,91.79,-1.39;-0.27,8.52,-0.01;0.88,1.57,5.08;-0.51,-0.97,9.44;8.78,39.40
118.80778221,31.89046334,8.51;-0.87,91.79,-1.39;-0.27,8.52,-0.01;0.88,1.57,5.08;-0.51,-0.97,9.44;8.65,62.60
118.80778221,31.89046334,8.51;-0.87,91.79,-1.39;-0.27,8.52,-0.01;0.88,1.57,5.08;-0.51,-0.97,9.44;8.65,63.80
118.80784874,31.89046291,8.50;0.08,86.31,-1.46;0.41,8.22,0.02;0.88,1.57,5.08;-0.51,-0.97,9.44;8.65,64.80
118.80784874,31.89046291,8.50;0.08,86.31,-1.46;0.41,8.22,0.02;0.88,1.57,5.08;-0.51,-0.97,9.44;8.64,65.50
118.80784874,31.89046291,8.50;0.08,86.31,-1.46;0.41,8.22,0.02;0.88,1.57,5.08;-0.51,-0.97,9.44;8.63,65.80
118.80784874,31.89046291,8.50;0.08,86.31,-1.46;0.41,8.22,0.02;0.88,1.57,5.08;-0.51,-0.97,9.44;8.62,65.90
118.80784874,31.89046291,8.50;0.08,86.31,-1.46;0.41,8.22,0.02;0.88,1.57,5.08;-0.51,-0.97,9.44;8.60,65.70
118.80784874,31.89046291,8.50;0.08,86.31,-1.46;0.41,8.22,0.02;-0.83,-1.53,9.24;-1.85,-0.51,10.11;8.60,37.50
118.80784874,31.89046291,8.50;0.08,86.31,-1.46;0.41,8.22,0.02;-0.83,-1.53,9.24;-1.85,-0.51,10.11;8.45,35.70
118.80784874,31.89046291,8.50;0.08,86.31,-1.46;0.41,8.22,0.02;-0.83,-1.53,9.24;-1.85,-0.51,10.11;8.44,31.80
118.80784874,31.89046291,8.50;0.08,86.31,-1.46;0.41,8.22,0.02;-0.83,-1.53,9.24;-1.85,-0.51,10.11;8.43,27.80
118.80784874,31.89046291,8.50;0.08,86.31,-1.46;0.41,8.22,0.02;-0.83,-1.53,9.24;-1.85,-0.51,10.11;8.42,23.70
118.80784874,31.89046291,8.50;0.08,86.31,-1.46;0.41,8.22,0.02;-0.83,-1.53,9.24;-1.85,-0.51,10.11;8.41,19.70
118.80784874,31.89046291,8.50;0.08,86.31,-1.46;0.41,8.22,0.02;-0.83,-1.53,9.24;-1.85,-0.51,10.11;8.40,17.60
118.80784874,31.89046291,8.50;0.08,86.31,-1.46;0.41,8.22,0.02;-0.83,-1.53,9.24;-1.85,-0.51,10.11;8.30,-19.10
118.80784874,31.89046291,8.50;0.08,86.31,-1.46;0.41,8.22,0.02;-0.83,-1.53,9.24;-1.85,-0.51,10.11;8.30,-19.90
118.80784874,31.89046291,8.50;0.08,86.31,-1.46;0.41,8.22,0.02;-0.83,-1.53,9.24;-1.85,-0.51,10.11;8.29,-21.20
118.80790784,31.89046863,8.50;-1.11,83.32,-1.68;0.97,7.81,-0.02;-0.83,-1.53,9.24;-1.85,-0.51,10.11;8.27,-22.50
118.80790784,31.89046863,8.50;-1.11,83.32,-1.68;0.97,7.81,-0.02;-0.83,-1.53,9.24;-1.85,-0.51,10.11;8.27,-23.80
118.80790784,31.89046863,8.50;-1.11,83.32,-1.68;0.97,7.81,-0.02;-0.83,-1.53,9.24;-1.85,-0.51,10.11;8.26,-25.00
118.80790784,31.89046863,8.50;-1.11,83.32,-1.68;0.97,7.81,-0.02;-0.83,-1.53,9.24;-1.85,-0.51,10.11;8.26,-26.10
118.80790784,31.89046863,8.50;-1.11,83.32,-1.68;0.97,7.81,-0.02;-0.57,-3.26,1.11;-0.36,-0.90,10.01;8.24,-27.10
118.80790784,31.89046863,8.50;-1.11,83.32,-1.68;0.97,7.81,-0.02;0.01,-0.91,-6.04;0.85,-0.04,10.32;8.10,-32.60
118.80790784,31.89046863,8.50;-1.11,83.32,-1.68;0.97,7.81,-0.02;0.01,-0.91,-6.04;0.85,-0.04,10.32;8.09,-32.30
118.80790784,31.89046863,8.50;-1.11,83.32,-1.68;0.97,7.81,-0.02;0.01,-0.91,-6.04;0.85,-0.04,10.32;8.07,-32.00
118.80790784,31.89046863,8.50;-1.11,83.32,-1.68;0.97,7.81,-0.02;0.01,-0.91,-6.04;0.85,-0.04,10.32;8.07,-31.60
118.80790784,31.89046863,8.50;-1.11,83.32,-1.68;0.97,7.81,-0.02;0.01,-0.91,-6.04;0.85,-0.04,10.32;8.06,-31.50
118.80790784,31.89046863,8.50;-1.11,83.32,-1.68;0.97,7.81,-0.02;0.01,-0.91,-6.04;0.85,-0.04,10.32;8.06,-31.20
118.80790784,31.89046863,8.50;-1.11,83.32,-1.68;0.97,7.81,-0.02;0.01,-0.91,-6.04;0.85,-0.04,10.32;8.05,-30.90
118.80790784,31.89046863,8.50;-1.11,83.32,-1.68;0.97,7.81,-0.02;0.01,-0.91,-6.04;0.85,-0.04,10.32;8.05,-27.20
118.80790784,31.89046863,8.50;-1.11,83.32,-1.68;0.97,7.81,-0.02;0.01,-0.91,-6.04;0.85,-0.04,10.32;7.84,-27.00
118.80796823,31.89047330,8.49;-1.38,87.39,-1.84;0.39,7.34,0.00;0.01,-0.91,-6.04;0.85,-0.04,10.32;7.82,-26.60
118.80796823,31.89047330,8.49;-1.38,87.39,-1.84;0.39,7.34,0.00;0.01,-0.91,-6.04;0.85,-0.04,10.32;7.80,-26.20
118.80796823,31.89047330,8.49;-1.38,87.39,-1.84;0.39,7.34,0.00;0.01,-0.91,-6.04;0.85,-0.04,10.32;7.78,-25.80
118.80796823,31.89047330,8.49;-1.38,87.39,-1.84;0.39,7.34,0.00;0.01,-0.91,-6.04;0.85,-0.04,10.32;7.75,-25.40
118.80796823,31.89047330,8.49;-1.38,87.39,-1.84;0.39,7.34,0.00;0.51,0.21,-5.14;0.84,-1.12,9.60;7.73,-25.30
118.80796823,31.89047330,8.49;-1.38,87.39,-1.84;0.39,7.34,0.00;-1.39,1.68,-3.25;0.48,-1.99,9.64;7.43,-20.90
118.80796823,31.89047330,8.49;-1.38,87.39,-1.84;0.39,7.34,0.00;-1.39,1.68,-3.25;0.48,-1.99,9.64;7.40,-20.80
118.80796823,31.89047330,8.49;-1.38,87.39,-1.84;0.39,7.34,0.00;-1.39,1.68,-3.25;0.48,-1.99,9.64;7.37,-20.40
118.80796823,31.89047330,8.49;-1.38,87.39,-1.84;0.39,7.34,0.00;-1.39,1.68,-3.25;0.48,-1.99,9.64;7.35,-20.10
118.80796823,31.89047330,8.49;-1.38,87.39,-1.84;0.39,7.34,0.00;-1.39,1.68,-3.25;0.48,-1.99,9.64;7.35,-19.80
118.80796823,31.89047330,8.49;-1.38,87.39,-1.84;0.39,7.34,0.00;-1.39,1.68,-3.25;0.48,-1.99,9.64;7.32,-19.40
118.80796823,31.89047330,8.49;-1.38,87.39,-1.84;0.39,7.34,0.00;-1.39,1.68,-3.25;0.48,-1.99,9.64;7.28,-19.00
118.80796823,31.89047330,8.49;-1.38,87.39,-1.84;0.39,7.34,0.00;-1.39,1.68,-3.25;0.48,-1.99,9.64;7.27,-18.60
118.80796823,31.89047330,8.49;-1.38,87.39,-1.84;0.39,7.34,0.00;-1.39,1.68,-3.25;0.48,-1.99,9.64;6.79,-12.20
118.80796823,31.89047330,8.49;-1.38,87.39,-1.84;0.39,7.34,0.00;-1.39,1.68,-3.25;0.48,-1.99,9.64;6.74,-11.50
118.80801884,31.89047455,8.48;-0.91,89.50,-2.28;0.07,6.20,-0.00;-1.39,1.68,-3.25;0.48,-1.99,9.64;6.71,-10.80
118.80801884,31.89047455,8.48;-0.91,89.50,-2.28;0.07,6.20,-0.00;-1.39,1.68,-3.25;0.48,-1.99,9.64;6.67,-10.10
118.80801884,31.89047455,8.48;-0.91,89.50,-2.28;0.07,6.20,-0.00;-1.39,1.68,-3.25;0.48,-1.99,9.64;6.61,-9.70
118.80801884,31.89047455,8.48;-0.91,89.50,-2.28;0.07,6.20,-0.00;-1.39,1.68,-3.25;0.48,-1.99,9.64;6.56,-9.10
118.80801884,31.89047455,8.48;-0.91,89.50,-2.28;0.07,6.20,-0.00;-0.81,-0.39,-0.80;0.24,-2.59,9.65;6.51,-8.40
118.80801884,31.89047455,8.48;-0.91,89.50,-2.28;0.07,6.20,-0.00;-0.50,1.27,-0.61;0.47,-2.60,10.51;5.95,-3.80
118.80801884,31.89047455,8.48;-0.91,89.50,-2.28;0.07,6.20,-0.00;-0.50,1.27,-0.61;0.47,-2.60,10.51;5.89,-3.70
118.80801884,31.89047455,8.48;-0.91,89.50,-2.28;0.07,6.20,-0.00;-0.50,1.27,-0.61;0.47,-2.60,10.51;5.84,-3.50
118.80801884,31.89047455,8.48;-0.91,89.50,-2.28;0.07,6.20,-0.00;-0.50,1.27,-0.61;0.47,-2.60,10.51;5.78,-3.40
118.80801884,31.89047455,8.48;-0.91,89.50,-2.28;0.07,6.20,-0.00;-0.50,1.27,-0.61;0.47,-2.60,10.51;5.72,-3.30
118.80801884,31.89047455,8.48;-0.91,89.50,-2.28;0.07,6.20,-0.00;-0.50,1.27,-0.61;0.47,-2.60,10.51;5.67,-3.30
118.80801884,31.89047455,8.48;-0.91,89.50,-2.28;0.07,6.20,-0.00;-0.50,1.27,-0.61;0.47,-2.60,10.51;5.62,-3.30
118.80801884,31.89047455,8.48;-0.91,89.50,-2.28;0.07,6.20,-0.00;-0.50,1.27,-0.61;0.47,-2.60,10.51;5.62,-2.90
118.80801884,31.89047455,8.48;-0.91,89.50,-2.28;0.07,6.20,-0.00;-0.50,1.27,-0.61;0.47,-2.60,10.51;4.88,-2.90
118.80806051,31.89047484,8.47;-0.83,89.87,-2.68;0.03,4.18,-0.00;-0.50,1.27,-0.61;0.47,-2.60,10.51;4.81,-2.90
118.80806051,31.89047484,8.47;-0.83,89.87,-2.68;0.03,4.18,-0.00;-0.50,1.27,-0.61;0.47,-2.60,10.51;4.75,-2.90
118.80806051,31.89047484,8.47;-0.83,89.87,-2.68;0.03,4.18,-0.00;-0.50,1.27,-0.61;0.47,-2.60,10.51;4.75,-2.90
118.80806051,31.89047484,8.47;-0.83,89.87,-2.68;0.03,4.18,-0.00;-0.50,1.27,-0.61;0.47,-2.60,10.51;4.68,-2.90
118.80806051,31.89047484,8.47;-0.83,89.87,-2.68;0.03,4.18,-0.00;-0.29,-0.10,-0.20;0.35,-3.40,10.20;4.61,-2.90
118.80806051,31.89047484,8.47;-0.83,89.87,-2.68;0.03,4.18,-0.00;1.06,0.43,-0.22;-0.03,-2.98,9.91;4.55,-2.90
118.80806051,31.89047484,8.47;-0.83,89.87,-2.68;0.03,4.18,-0.00;1.06,0.43,-0.22;-0.03,-2.98,9.91;3.77,-2.40
118.80806051,31.89047484,8.47;-0.83,89.87,-2.68;0.03,4.18,-0.00;1.06,0.43,-0.22;-0.03,-2.98,9.91;3.72,-2.40
118.80806051,31.89047484,8.47;-0.83,89.87,-2.68;0.03,4.18,-0.00;1.06,0.43,-0.22;-0.03,-2.98,9.91;3.65,-2.30
118.80806051,31.89047484,8.47;-0.83,89.87,-2.68;0.03,4.18,-0.00;1.06,0.43,-0.22;-0.03,-2.98,9.91;3.59,-2.30
118.80806051,31.89047484,8.47;-0.83,89.87,-2.68;0.03,4.18,-0.00;1.06,0.43,-0.22;-0.03,-2.98,9.91;3.52,-2.30
118.80806051,31.89047484,8.47;-0.83,89.87,-2.68;0.03,4.18,-0.00;1.06,0.43,-0.22;-0.03,-2.98,9.91;3.46,-2.30
118.80806051,31.89047484,8.47;-0.83,89.87,-2.68;0.03,4.18,-0.00;1.06,0.43,-0.22;-0.03,-2.98,9.91;3.41,-2.30
118.80806051,31.89047484,8.47;-0.83,89.87,-2.68;0.03,4.18,-0.00;1.06,0.43,-0.22;-0.03,-2.98,9.91;3.41,-2.20
118.80806051,31.89047484,8.47;-0.83,89.87,-2.68;0.03,4.18,-0.00;1.06,0.43,-0.22;-0.03,-2.98,9.91;2.70,-2.20
118.80808411,31.89047491,8.46;-0.68,89.90,-2.52;0.03,2.29,-0.01;1.06,0.43,-0.22;-0.03,-2.98,9.91;2.65,-2.20
118.80808411,31.89047491,8.46;-0.68,89.90,-2.52;0.03,2.29,-0.01;1.06,0.43,-0.22;-0.03,-2.98,9.91;2.60,-2.20
118.80808411,31.89047491,8.46;-0.68,89.90,-2.52;0.03,2.29,-0.01;1.06,0.43,-0.22;-0.03,-2.98,9.91;2.55,-2.20
118.80808411,31.89047491,8.46;-0.68,89.90,-2.52;0.03,2.29,-0.01;0.28,-0.03,0.06;0.30,-2.31,9.81;2.50,-2.20
118.80808411,31.89047491,8.46;-0.68,89.90,-2.52;0.03,2.29,-0.01;0.28,-0.03,0.06;0.30,-2.31,9.81;2.47,-2.20
118.80808411,31.89047491,8.46;-0.68,89.90,-2.52;0.03,2.29,-0.01;0.28,-0.03,0.06;0.30,-2.31,9.81;1.93,-2.20
118.80808411,31.89047491,8.46;-0.68,89.90,-2.52;0.03,2.29,-0.01;0.28,-0.03,0.06;0.30,-2.31,9.81;1.88,-2.10
118.80808411,31.89047491,8.46;-0.68,89.90,-2.52;0.03,2.29,-0.01;0.28,-0.03,0.06;0.30,-2.31,9.81;1.84,-2.10
118.80808411,31.89047491,8.46;-0.68,89.90,-2.52;0.03,2.29,-0.01;0.28,-0.03,0.06;0.30,-2.31,9.81;1.81,-2.10
118.80808411,31.89047491,8.46;-0.68,89.90,-2.52;0.03,2.29,-0.01;0.28,-0.03,0.06;0.30,-2.31,9.81;1.81,-2.10
