  longitude ,  latitude ,high;roll,yaw,pitch;n_vel,e_vel,u_vel;angleSpeedx_y_z;lineAccx_y_z;speed,steeringAngle
118.80826302,31.89048359,8.43;0.48,266.47,-0.87;0.00,0.00,0.00;0.16,0.07,0.07;0.06,0.43,9.74;0.00,8.20
118.80826302,31.89048359,8.43;0.48,266.47,-0.87;0.00,0.00,0.00;0.16,0.07,0.07;0.06,0.43,9.74;0.00,8.20
118.80826302,31.89048359,8.43;0.48,266.47,-0.87;0.00,0.00,0.00;0.16,0.07,0.07;0.06,0.43,9.74;0.00,8.20
118.80826302,31.89048359,8.43;0.48,266.47,-0.87;0.00,0.00,0.00;0.16,0.07,0.07;0.06,0.43,9.74;0.00,8.20
118.80826302,31.89048359,8.43;0.48,266.47,-0.87;0.00,0.00,0.00;0.16,0.07,0.07;0.06,0.43,9.74;0.00,8.20
118.80826302,31.89048359,8.43;0.48,266.47,-0.87;0.00,0.00,0.00;0.16,0.07,0.07;0.06,0.43,9.74;0.00,8.20
118.80826302,31.89048359,8.43;0.48,266.47,-0.87;0.00,0.00,0.00;0.16,0.07,0.07;0.06,0.43,9.74;0.01,8.20
118.80826302,31.89048359,8.43;0.48,266.47,-0.87;0.00,0.00,0.00;0.16,0.07,0.07;0.06,0.43,9.74;0.02,8.20
118.80826266,31.89048357,8.43;0.49,266.45,-0.73;-0.01,-0.23,0.00;0.16,0.07,0.07;0.06,0.43,9.74;0.03,8.20
118.80826266,31.89048357,8.43;0.49,266.45,-0.73;-0.01,-0.23,0.00;0.16,0.07,0.07;0.06,0.43,9.74;0.03,8.20
118.80826266,31.89048357,8.43;0.49,266.45,-0.73;-0.01,-0.23,0.00;0.16,0.07,0.07;0.06,0.43,9.74;0.03,8.20
118.80826266,31.89048357,8.43;0.49,266.45,-0.73;-0.01,-0.23,0.00;0.16,0.07,0.07;0.06,0.43,9.74;0.04,8.20
118.80826266,31.89048357,8.43;0.49,266.45,-0.73;-0.01,-0.23,0.00;0.16,0.07,0.07;0.06,0.43,9.74;0.30,8.20
118.80826266,31.89048357,8.43;0.49,266.45,-0.73;-0.01,-0.23,0.00;0.16,0.07,0.07;0.06,0.43,9.74;0.34,8.20
118.80826266,31.89048357,8.43;0.49,266.45,-0.73;-0.01,-0.23,0.00;0.28,0.07,0.25;0.03,1.69,9.81;0.36,8.20
118.80826266,31.89048357,8.43;0.49,266.45,-0.73;-0.01,-0.23,0.00;0.28,0.07,0.25;0.03,1.69,9.81;0.39,8.20
118.80826266,31.89048357,8.43;0.49,266.45,-0.73;-0.01,-0.23,0.00;0.28,0.07,0.25;0.03,1.69,9.81;0.39,8.20
118.80826266,31.89048357,8.43;0.49,266.45,-0.73;-0.01,-0.23,0.00;0.28,0.07,0.25;0.03,1.69,9.81;0.41,8.20
118.80826266,31.89048357,8.43;0.49,266.45,-0.73;-0.01,-0.23,0.00;0.28,0.07,0.25;0.03,1.69,9.81;0.44,8.20
118.80826266,31.89048357,8.43;0.49,266.45,-0.73;-0.01,-0.23,0.00;0.28,0.07,0.25;0.03,1.69,9.81;0.46,8.20
118.80826266,31.89048357,8.43;0.49,266.45,-0.73;-0.01,-0.23,0.00;0.28,0.07,0.25;0.03,1.69,9.81;0.99,8.30
118.80826266,31.89048357,8.43;0.49,266.45,-0.73;-0.01,-0.23,0.00;0.28,0.07,0.25;0.03,1.69,9.81;1.03,8.50
118.80826266,31.89048357,8.43;0.49,266.45,-0.73;-0.01,-0.23,0.00;0.28,0.07,0.25;0.03,1.69,9.81;1.07,8.50
118.80825702,31.89048328,8.44;0.44,266.34,-0.53;-0.08,-1.37,0.02;0.28,0.07,0.25;0.03,1.69,9.81;1.11,8.40
118.80825702,31.89048328,8.44;0.44,266.34,-0.53;-0.08,-1.37,0.02;0.28,0.07,0.25;0.03,1.69,9.81;1.15,8.40
118.80825702,31.89048328,8.44;0.44,266.34,-0.53;-0.08,-1.37,0.02;0.28,0.07,0.25;0.03,1.69,9.81;1.15,8.30
118.80825702,31.89048328,8.44;0.44,266.34,-0.53;-0.08,-1.37,0.02;0.28,0.07,0.25;0.03,1.69,9.81;1.18,8.20
118.80825702,31.89048328,8.44;0.44,266.34,-0.53;-0.08,-1.37,0.02;0.28,0.07,0.25;0.03,1.69,9.81;1.68,7.30
118.80825702,31.89048328,8.44;0.44,266.34,-0.53;-0.08,-1.37,0.02;0.28,0.07,0.25;0.03,1.69,9.81;1.72,7.40
118.80825702,31.89048328,8.44;0.44,266.34,-0.53;-0.08,-1.37,0.02;-0.63,-2.45,0.25;0.08,1.72,9.85;1.75,7.40
118.80825702,31.89048328,8.44;0.44,266.34,-0.53;-0.08,-1.37,0.02;-0.63,-2.45,0.25;0.08,1.72,9.85;1.79,7.60
118.80825702,31.89048328,8.44;0.44,266.34,-0.53;-0.08,-1.37,0.02;-0.63,-2.45,0.25;0.08,1.72,9.85;1.82,7.70
118.80825702,31.89048328,8.44;0.44,266.34,-0.53;-0.08,-1.37,0.02;-0.63,-2.45,0.25;0.08,1.72,9.85;1.86,7.70
118.80825702,31.89048328,8.44;0.44,266.34,-0.53;-0.08,-1.37,0.02;-0.63,-2.45,0.25;0.08,1.72,9.85;1.88,7.70
118.80825702,31.89048328,8.44;0.44,266.34,-0.53;-0.08,-1.37,0.02;-0.63,-2.45,0.25;0.08,1.72,9.85;2.23,7.70
118.80825702,31.89048328,8.44;0.44,266.34,-0.53;-0.08,-1.37,0.02;-0.63,-2.45,0.25;0.08,1.72,9.85;2.25,10.00
118.80825702,31.89048328,8.44;0.44,266.34,-0.53;-0.08,-1.37,0.02;-0.63,-2.45,0.25;0.08,1.72,9.85;2.27,10.40
118.80824136,31.89048257,8.44;0.59,266.01,-0.70;-0.16,-2.41,0.01;-0.63,-2.45,0.25;0.08,1.72,9.85;2.29,10.90
118.80824136,31.89048257,8.44;0.59,266.01,-0.70;-0.16,-2.41,0.01;-0.63,-2.45,0.25;0.08,1.72,9.85;2.29,11.30
118.80824136,31.89048257,8.44;0.59,266.01,-0.70;-0.16,-2.41,0.01;-0.63,-2.45,0.25;0.08,1.72,9.85;2.32,11.40
118.80824136,31.89048257,8.44;0.59,266.01,-0.70;-0.16,-2.41,0.01;-0.63,-2.45,0.25;0.08,1.72,9.85;2.34,11.70
118.80824136,31.89048257,8.44;0.59,266.01,-0.70;-0.16,-2.41,0.01;-0.63,-2.45,0.25;0.08,1.72,9.85;2.34,11.90
118.80824136,31.89048257,8.44;0.59,266.01,-0.70;-0.16,-2.41,0.01;-0.63,-2.45,0.25;0.08,1.72,9.85;2.65,15.30
118.80824136,31.89048257,8.44;0.59,266.01,-0.70;-0.16,-2.41,0.01;0.34,3.48,0.36;0.15,1.23,9.57;2.66,15.60
118.80824136,31.89048257,8.44;0.59,266.01,-0.70;-0.16,-2.41,0.01;0.86,-0.68,1.15;-0.06,1.23,10.77;2.69,16.30
118.80824136,31.89048257,8.44;0.59,266.01,-0.70;-0.16,-2.41,0.01;0.86,-0.68,1.15;-0.06,1.23,10.77;2.72,17.10
118.80824136,31.89048257,8.44;0.59,266.01,-0.70;-0.16,-2.41,0.01;0.86,-0.68,1.15;-0.06,1.23,10.77;2.74,18.10
118.80824136,31.89048257,8.44;0.59,266.01,-0.70;-0.16,-2.41,0.01;0.86,-0.68,1.15;-0.06,1.23,10.77;2.76,19.10
118.80824136,31.89048257,8.44;0.59,266.01,-0.70;-0.16,-2.41,0.01;0.86,-0.68,1.15;-0.06,1.23,10.77;3.01,19.10
118.80824136,31.89048257,8.44;0.59,266.01,-0.70;-0.16,-2.41,0.01;0.86,-0.68,1.15;-0.06,1.23,10.77;3.01,27.60
118.80824136,31.89048257,8.44;0.59,266.01,-0.70;-0.16,-2.41,0.01;0.86,-0.68,1.15;-0.06,1.23,10.77;3.04,27.60
118.80824136,31.89048257,8.44;0.59,266.01,-0.70;-0.16,-2.41,0.01;0.86,-0.68,1.15;-0.06,1.23,10.77;3.04,27.60
118.80822081,31.89048122,8.45;0.34,264.95,-0.80;-0.22,-3.10,0.02;0.86,-0.68,1.15;-0.06,1.23,10.77;3.05,27.50
118.80822081,31.89048122,8.45;0.34,264.95,-0.80;-0.22,-3.10,0.02;0.86,-0.68,1.15;-0.06,1.23,10.77;3.06,27.50
118.80822081,31.89048122,8.45;0.34,264.95,-0.80;-0.22,-3.10,0.02;0.86,-0.68,1.15;-0.06,1.23,10.77;3.08,27.40
118.80822081,31.89048122,8.45;0.34,264.95,-0.80;-0.22,-3.10,0.02;0.86,-0.68,1.15;-0.06,1.23,10.77;3.08,27.40
118.80822081,31.89048122,8.45;0.34,264.95,-0.80;-0.22,-3.10,0.02;0.86,-0.68,1.15;-0.06,1.23,10.77;3.37,26.30
118.80822081,31.89048122,8.45;0.34,264.95,-0.80;-0.22,-3.10,0.02;-0.50,-1.45,2.22;-0.23,1.19,10.58;3.39,26.20
118.80822081,31.89048122,8.45;0.34,264.95,-0.80;-0.22,-3.10,0.02;0.81,-1.54,2.18;0.32,0.78,9.03;3.39,26.00
118.80822081,31.89048122,8.45;0.34,264.95,-0.80;-0.22,-3.10,0.02;0.81,-1.54,2.18;0.32,0.78,9.03;3.42,25.70
118.80822081,31.89048122,8.45;0.34,264.95,-0.80;-0.22,-3.10,0.02;0.81,-1.54,2.18;0.32,0.78,9.03;3.45,25.30
118.80822081,31.89048122,8.45;0.34,264.95,-0.80;-0.22,-3.10,0.02;0.81,-1.54,2.18;0.32,0.78,9.03;3.46,24.90
118.80822081,31.89048122,8.45;0.34,264.95,-0.80;-0.22,-3.10,0.02;0.81,-1.54,2.18;0.32,0.78,9.03;3.72,24.90
118.80822081,31.89048122,8.45;0.34,264.95,-0.80;-0.22,-3.10,0.02;0.81,-1.54,2.18;0.32,0.78,9.03;3.72,16.90
118.80822081,31.89048122,8.45;0.34,264.95,-0.80;-0.22,-3.10,0.02;0.81,-1.54,2.18;0.32,0.78,9.03;3.75,16.20
118.80822081,31.89048122,8.45;0.34,264.95,-0.80;-0.22,-3.10,0.02;0.81,-1.54,2.18;0.32,0.78,9.03;3.78,15.50
118.80819325,31.89047875,8.46;-0.02,263.50,-0.67;-0.44,-3.86,0.03;0.81,-1.54,2.18;0.32,0.78,9.03;3.81,15.20
118.80819325,31.89047875,8.46;-0.02,263.50,-0.67;-0.44,-3.86,0.03;0.81,-1.54,2.18;0.32,0.78,9.03;3.83,14.60
118.80819325,31.89047875,8.46;-0.02,263.50,-0.67;-0.44,-3.86,0.03;0.81,-1.54,2.18;0.32,0.78,9.03;3.85,14.00
118.80819325,31.89047875,8.46;-0.02,263.50,-0.67;-0.44,-3.86,0.03;0.81,-1.54,2.18;0.32,0.78,9.03;3.85,13.80
118.80819325,31.89047875,8.46;-0.02,263.50,-0.67;-0.44,-3.86,0.03;0.81,-1.54,2.18;0.32,0.78,9.03;4.13,5.30
118.80819325,31.89047875,8.46;-0.02,263.50,-0.67;-0.44,-3.86,0.03;-1.04,0.00,1.15;0.19,0.83,10.01;4.15,4.60
118.80819325,31.89047875,8.46;-0.02,263.50,-0.67;-0.44,-3.86,0.03;1.34,0.10,0.03;-0.03,0.85,9.48;4.18,3.40
118.80819325,31.89047875,8.46;-0.02,263.50,-0.67;-0.44,-3.86,0.03;1.34,0.10,0.03;-0.03,0.85,9.48;4.19,2.00
118.80819325,31.89047875,8.46;-0.02,263.50,-0.67;-0.44,-3.86,0.03;1.34,0.10,0.03;-0.03,0.85,9.48;4.22,0.40
118.80819325,31.89047875,8.46;-0.02,263.50,-0.67;-0.44,-3.86,0.03;1.34,0.10,0.03;-0.03,0.85,9.48;4.24,-1.30
118.80819325,31.89047875,8.46;-0.02,263.50,-0.67;-0.44,-3.86,0.03;1.34,0.10,0.03;-0.03,0.85,9.48;4.50,-1.30
118.80819325,31.89047875,8.46;-0.02,263.50,-0.67;-0.44,-3.86,0.03;1.34,0.10,0.03;-0.03,0.85,9.48;4.51,-33.20
118.80819325,31.89047875,8.46;-0.02,263.50,-0.67;-0.44,-3.86,0.03;1.34,0.10,0.03;-0.03,0.85,9.48;4.54,-36.20
118.80819325,31.89047875,8.46;-0.02,263.50,-0.67;-0.44,-3.86,0.03;1.34,0.10,0.03;-0.03,0.85,9.48;4.55,-39.10
118.80819325,31.89047875,8.46;-0.02,263.50,-0.67;-0.44,-3.86,0.03;1.34,0.10,0.03;-0.03,0.85,9.48;4.55,-42.10
118.80816197,31.89047568,8.46;-0.31,264.58,-0.57;-0.45,-4.57,0.00;1.34,0.10,0.03;-0.03,0.85,9.48;4.57,-43.50
118.80816197,31.89047568,8.46;-0.31,264.58,-0.57;-0.45,-4.57,0.00;1.34,0.10,0.03;-0.03,0.85,9.48;4.59,-46.40
118.80816197,31.89047568,8.46;-0.31,264.58,-0.57;-0.45,-4.57,0.00;1.34,0.10,0.03;-0.03,0.85,9.48;4.59,-48.00
118.80816197,31.89047568,8.46;-0.31,264.58,-0.57;-0.45,-4.57,0.00;1.34,0.10,0.03;-0.03,0.85,9.48;4.83,-75.20
118.80816197,31.89047568,8.46;-0.31,264.58,-0.57;-0.45,-4.57,0.00;1.34,0.10,0.03;-0.03,0.85,9.48;4.86,-75.90
118.80816197,31.89047568,8.46;-0.31,264.58,-0.57;-0.45,-4.57,0.00;-1.83,0.12,-9.54;1.09,0.53,9.23;4.87,-76.90
118.80816197,31.89047568,8.46;-0.31,264.58,-0.57;-0.45,-4.57,0.00;-1.83,0.12,-9.54;1.09,0.53,9.23;4.90,-77.80
118.80816197,31.89047568,8.46;-0.31,264.58,-0.57;-0.45,-4.57,0.00;-1.83,0.12,-9.54;1.09,0.53,9.23;4.91,-78.40
118.80816197,31.89047568,8.46;-0.31,264.58,-0.57;-0.45,-4.57,0.00;-1.83,0.12,-9.54;1.09,0.53,9.23;4.92,-78.90
118.80816197,31.89047568,8.46;-0.31,264.58,-0.57;-0.45,-4.57,0.00;-1.83,0.12,-9.54;1.09,0.53,9.23;5.16,-78.90
118.80816197,31.89047568,8.46;-0.31,264.58,-0.57;-0.45,-4.57,0.00;-1.83,0.12,-9.54;1.09,0.53,9.23;5.17,-73.00
118.80816197,31.89047568,8.46;-0.31,264.58,-0.57;-0.45,-4.57,0.00;-1.83,0.12,-9.54;1.09,0.53,9.23;5.19,-72.20
118.80816197,31.89047568,8.46;-0.31,264.58,-0.57;-0.45,-4.57,0.00;-1.83,0.12,-9.54;1.09,0.53,9.23;5.21,-71.30
118.80816197,31.89047568,8.46;-0.31,264.58,-0.57;-0.45,-4.57,0.00;-1.83,0.12,-9.54;1.09,0.53,9.23;5.21,-70.30
118.80812265,31.89047429,8.47;-0.15,271.24,-0.63;0.12,-5.33,0.00;-1.83,0.12,-9.54;1.09,0.53,9.23;5.23,-69.80
118.80812265,31.89047429,8.47;-0.15,271.24,-0.63;0.12,-5.33,0.00;-1.83,0.12,-9.54;1.09,0.53,9.23;5.25,-68.50
118.80812265,31.89047429,8.47;-0.15,271.24,-0.63;0.12,-5.33,0.00;-1.83,0.12,-9.54;1.09,0.53,9.23;5.28,-67.10
118.80812265,31.89047429,8.47;-0.15,271.24,-0.63;0.12,-5.33,0.00;-1.83,0.12,-9.54;1.09,0.53,9.23;5.63,-33.10
118.80812265,31.89047429,8.47;-0.15,271.24,-0.63;0.12,-5.33,0.00;-1.83,0.12,-9.54;1.09,0.53,9.23;5.65,-29.60
118.80812265,31.89047429,8.47;-0.15,271.24,-0.63;0.12,-5.33,0.00;0.72,0.07,-9.40;0.77,0.53,9.59;5.68,-26.00
118.80812265,31.89047429,8.47;-0.15,271.24,-0.63;0.12,-5.33,0.00;-0.72,0.11,-2.43;0.77,1.15,9.32;5.69,-22.60
118.80812265,31.89047429,8.47;-0.15,271.24,-0.63;0.12,-5.33,0.00;-0.72,0.11,-2.43;0.77,1.15,9.32;5.72,-18.80
118.80812265,31.89047429,8.47;-0.15,271.24,-0.63;0.12,-5.33,0.00;-0.72,0.11,-2.43;0.77,1.15,9.32;5.72,-15.10
118.80812265,31.89047429,8.47;-0.15,271.24,-0.63;0.12,-5.33,0.00;-0.72,0.11,-2.43;0.77,1.15,9.32;5.74,-11.00
118.80812265,31.89047429,8.47;-0.15,271.24,-0.63;0.12,-5.33,0.00;-0.72,0.11,-2.43;0.77,1.15,9.32;6.05,35.70
118.80812265,31.89047429,8.47;-0.15,271.24,-0.63;0.12,-5.33,0.00;-0.72,0.11,-2.43;0.77,1.15,9.32;6.07,39.00
118.80812265,31.89047429,8.47;-0.15,271.24,-0.63;0.12,-5.33,0.00;-0.72,0.11,-2.43;0.77,1.15,9.32;6.09,40.70
118.80812265,31.89047429,8.47;-0.15,271.24,-0.63;0.12,-5.33,0.00;-0.72,0.11,-2.43;0.77,1.15,9.32;6.11,44.00
118.80812265,31.89047429,8.47;-0.15,271.24,-0.63;0.12,-5.33,0.00;-0.72,0.11,-2.43;0.77,1.15,9.32;6.14,47.40
118.80808020,31.89047571,8.48;0.52,270.49,-0.72;0.11,-6.13,-0.00;-0.72,0.11,-2.43;0.77,1.15,9.32;6.15,50.60
118.80808020,31.89047571,8.48;0.52,270.49,-0.72;0.11,-6.13,-0.00;-0.72,0.11,-2.43;0.77,1.15,9.32;6.17,53.90
118.80808020,31.89047571,8.48;0.52,270.49,-0.72;0.11,-6.13,-0.00;-0.72,0.11,-2.43;0.77,1.15,9.32;6.46,53.90
118.80808020,31.89047571,8.48;0.52,270.49,-0.72;0.11,-6.13,-0.00;-0.72,0.11,-2.43;0.77,1.15,9.32;6.46,80.60
118.80808020,31.89047571,8.48;0.52,270.49,-0.72;0.11,-6.13,-0.00;0.45,-0.53,13.37;-1.75,1.18,9.87;6.50,81.00
118.80808020,31.89047571,8.48;0.52,270.49,-0.72;0.11,-6.13,-0.00;0.45,-0.53,13.37;-1.75,1.18,9.87;6.54,81.30
118.80808020,31.89047571,8.48;0.52,270.49,-0.72;0.11,-6.13,-0.00;0.45,-0.53,13.37;-1.75,1.18,9.87;6.54,81.40
118.80808020,31.89047571,8.48;0.52,270.49,-0.72;0.11,-6.13,-0.00;0.45,-0.53,13.37;-1.75,1.18,9.87;6.55,81.40
118.80808020,31.89047571,8.48;0.52,270.49,-0.72;0.11,-6.13,-0.00;0.45,-0.53,13.37;-1.75,1.18,9.87;6.58,81.20
118.80808020,31.89047571,8.48;0.52,270.49,-0.72;0.11,-6.13,-0.00;0.45,-0.53,13.37;-1.75,1.18,9.87;6.60,80.80
118.80808020,31.89047571,8.48;0.52,270.49,-0.72;0.11,-6.13,-0.00;0.45,-0.53,13.37;-1.75,1.18,9.87;6.84,69.00
118.80808020,31.89047571,8.48;0.52,270.49,-0.72;0.11,-6.13,-0.00;0.45,-0.53,13.37;-1.75,1.18,9.87;6.87,67.50
118.80808020,31.89047571,8.48;0.52,270.49,-0.72;0.11,-6.13,-0.00;0.45,-0.53,13.37;-1.75,1.18,9.87;6.88,66.10
118.80808020,31.89047571,8.48;0.52,270.49,-0.72;0.11,-6.13,-0.00;0.45,-0.53,13.37;-1.75,1.18,9.87;6.90,64.70
118.80802891,31.89047296,8.48;0.46,261.44,-0.59;-0.97,-6.76,0.01;0.45,-0.53,13.37;-1.75,1.18,9.87;6.92,63.50
118.80802891,31.89047296,8.48;0.46,261.44,-0.59;-0.97,-6.76,0.01;0.45,-0.53,13.37;-1.75,1.18,9.87;6.92,62.40
118.80802891,31.89047296,8.48;0.46,261.44,-0.59;-0.97,-6.76,0.01;0.45,-0.53,13.37;-1.75,1.18,9.87;6.94,61.50
118.80802891,31.89047296,8.48;0.46,261.44,-0.59;-0.97,-6.76,0.01;0.45,-0.53,13.37;-1.75,1.18,9.87;7.18,47.00
118.80802891,31.89047296,8.48;0.46,261.44,-0.59;-0.97,-6.76,0.01;-1.45,-1.00,7.54;-1.07,0.65,8.73;7.19,44.50
118.80802891,31.89047296,8.48;0.46,261.44,-0.59;-0.97,-6.76,0.01;-1.45,-1.00,7.54;-1.07,0.65,8.73;7.20,43.20
118.80802891,31.89047296,8.48;0.46,261.44,-0.59;-0.97,-6.76,0.01;-1.45,-1.00,7.54;-1.07,0.65,8.73;7.21,40.40
118.80802891,31.89047296,8.48;0.46,261.44,-0.59;-0.97,-6.76,0.01;-1.45,-1.00,7.54;-1.07,0.65,8.73;7.22,37.50
118.80802891,31.89047296,8.48;0.46,261.44,-0.59;-0.97,-6.76,0.01;-1.45,-1.00,7.54;-1.07,0.65,8.73;7.25,34.30
118.80802891,31.89047296,8.48;0.46,261.44,-0.59;-0.97,-6.76,0.01;-1.45,-1.00,7.54;-1.07,0.65,8.73;7.27,30.80
118.80802891,31.89047296,8.48;0.46,261.44,-0.59;-0.97,-6.76,0.01;-1.45,-1.00,7.54;-1.07,0.65,8.73;7.47,30.80
118.80802891,31.89047296,8.48;0.46,261.44,-0.59;-0.97,-6.76,0.01;-1.45,-1.00,7.54;-1.07,0.65,8.73;7.48,-28.70
118.80802891,31.89047296,8.48;0.46,261.44,-0.59;-0.97,-6.76,0.01;-1.45,-1.00,7.54;-1.07,0.65,8.73;7.51,-33.80
118.80802891,31.89047296,8.48;0.46,261.44,-0.59;-0.97,-6.76,0.01;-1.45,-1.00,7.54;-1.07,0.65,8.73;7.53,-38.80
118.80802891,31.89047296,8.48;0.46,261.44,-0.59;-0.97,-6.76,0.01;-1.45,-1.00,7.54;-1.07,0.65,8.73;7.53,-43.60
118.80797732,31.89046461,8.48;-0.91,260.25,-0.91;-1.34,-7.23,0.00;-1.45,-1.00,7.54;-1.07,0.65,8.73;7.54,-45.80
118.80797732,31.89046461,8.48;-0.91,260.25,-0.91;-1.34,-7.23,0.00;-1.45,-1.00,7.54;-1.07,0.65,8.73;7.56,-50.10
118.80797732,31.89046461,8.48;-0.91,260.25,-0.91;-1.34,-7.23,0.00;-1.45,-1.00,7.54;-1.07,0.65,8.73;7.56,-52.30
118.80797732,31.89046461,8.48;-0.91,260.25,-0.91;-1.34,-7.23,0.00;-1.45,-1.00,7.54;-1.07,0.65,8.73;7.74,-85.90
118.80797732,31.89046461,8.48;-0.91,260.25,-0.91;-1.34,-7.23,0.00;0.04,-1.02,-15.63;1.99,0.84,9.96;7.75,-86.50
118.80797732,31.89046461,8.48;-0.91,260.25,-0.91;-1.34,-7.23,0.00;0.04,-1.02,-15.63;1.99,0.84,9.96;7.76,-87.50
118.80797732,31.89046461,8.48;-0.91,260.25,-0.91;-1.34,-7.23,0.00;0.04,-1.02,-15.63;1.99,0.84,9.96;7.78,-88.30
118.80797732,31.89046461,8.48;-0.91,260.25,-0.91;-1.34,-7.23,0.00;0.04,-1.02,-15.63;1.99,0.84,9.96;7.79,-89.00
118.80797732,31.89046461,8.48;-0.91,260.25,-0.91;-1.34,-7.23,0.00;0.04,-1.02,-15.63;1.99,0.84,9.96;7.80,-89.60
118.80797732,31.89046461,8.48;-0.91,260.25,-0.91;-1.34,-7.23,0.00;0.04,-1.02,-15.63;1.99,0.84,9.96;7.93,-89.80
118.80797732,31.89046461,8.48;-0.91,260.25,-0.91;-1.34,-7.23,0.00;0.04,-1.02,-15.63;1.99,0.84,9.96;7.93,-84.70
118.80797732,31.89046461,8.48;-0.91,260.25,-0.91;-1.34,-7.23,0.00;0.04,-1.02,-15.63;1.99,0.84,9.96;7.95,-83.50
118.80797732,31.89046461,8.48;-0.91,260.25,-0.91;-1.34,-7.23,0.00;0.04,-1.02,-15.63;1.99,0.84,9.96;7.96,-82.00
118.80797732,31.89046461,8.48;-0.91,260.25,-0.91;-1.34,-7.23,0.00;0.04,-1.02,-15.63;1.99,0.84,9.96;7.96,-81.10
118.80791769,31.89046028,8.50;-0.85,271.32,-0.84;0.13,-7.77,0.00;0.04,-1.02,-15.63;1.99,0.84,9.96;7.98,-79.00
118.80791769,31.89046028,8.50;-0.85,271.32,-0.84;0.13,-7.77,0.00;0.04,-1.02,-15.63;1.99,0.84,9.96;7.99,-76.50
118.80791769,31.89046028,8.50;-0.85,271.32,-0.84;0.13,-7.77,0.00;0.04,-1.02,-15.63;1.99,0.84,9.96;7.99,-75.30
118.80791769,31.89046028,8.50;-0.85,271.32,-0.84;0.13,-7.77,0.00;0.04,-1.02,-15.63;1.99,0.84,9.96;8.15,-17.70
118.80791769,31.89046028,8.50;-0.85,271.32,-0.84;0.13,-7.77,0.00;-0.92,1.75,-1.12;0.72,0.95,9.91;8.17,-15.10
118.80791769,31.89046028,8.50;-0.85,271.32,-0.84;0.13,-7.77,0.00;-0.92,1.75,-1.12;0.72,0.95,9.91;8.18,-9.50
118.80791769,31.89046028,8.50;-0.85,271.32,-0.84;0.13,-7.77,0.00;-0.92,1.75,-1.12;0.72,0.95,9.91;8.19,-4.20
118.80791769,31.89046028,8.50;-0.85,271.32,-0.84;0.13,-7.77,0.00;-0.92,1.75,-1.12;0.72,0.95,9.91;8.20,1.00
118.80791769,31.89046028,8.50;-0.85,271.32,-0.84;0.13,-7.77,0.00;-0.92,1.75,-1.12;0.72,0.95,9.91;8.21,6.10
118.80791769,31.89046028,8.50;-0.85,271.32,-0.84;0.13,-7.77,0.00;-0.92,1.75,-1.12;0.72,0.95,9.91;8.35,8.60
118.80791769,31.89046028,8.50;-0.85,271.32,-0.84;0.13,-7.77,0.00;-0.92,1.75,-1.12;0.72,0.95,9.91;8.36,56.80
118.80791769,31.89046028,8.50;-0.85,271.32,-0.84;0.13,-7.77,0.00;-0.92,1.75,-1.12;0.72,0.95,9.91;8.38,59.90
118.80791769,31.89046028,8.50;-0.85,271.32,-0.84;0.13,-7.77,0.00;-0.92,1.75,-1.12;0.72,0.95,9.91;8.39,62.70
118.80791769,31.89046028,8.50;-0.85,271.32,-0.84;0.13,-7.77,0.00;-0.92,1.75,-1.12;0.72,0.95,9.91;8.39,65.10
118.80791769,31.89046028,8.50;-0.85,271.32,-0.84;0.13,-7.77,0.00;-0.92,1.75,-1.12;0.72,0.95,9.91;8.41,66.20
118.80785841,31.89046177,8.51;0.70,267.76,-1.05;-0.21,-8.21,0.03;-0.92,1.75,-1.12;0.72,0.95,9.91;8.43,68.30
118.80785841,31.89046177,8.51;0.70,267.76,-1.05;-0.21,-8.21,0.03;-0.92,1.75,-1.12;0.72,0.95,9.91;8.44,70.00
118.80785841,31.89046177,8.51;0.70,267.76,-1.05;-0.21,-8.21,0.03;-0.92,1.75,-1.12;0.72,0.95,9.91;8.58,65.80
118.80785841,31.89046177,8.51;0.70,267.76,-1.05;-0.21,-8.21,0.03;-0.09,2.15,9.00;-1.28,0.57,9.77;8.59,64.40
118.80785841,31.89046177,8.51;0.70,267.76,-1.05;-0.21,-8.21,0.03;-0.90,-0.93,12.64;-2.42,0.36,10.33;8.60,62.90
118.80785841,31.89046177,8.51;0.70,267.76,-1.05;-0.21,-8.21,0.03;-0.90,-0.93,12.64;-2.42,0.36,10.33;8.61,61.30
118.80785841,31.89046177,8.51;0.70,267.76,-1.05;-0.21,-8.21,0.03;-0.90,-0.93,12.64;-2.42,0.36,10.33;8.63,59.60
118.80785841,31.89046177,8.51;0.70,267.76,-1.05;-0.21,-8.21,0.03;-0.90,-0.93,12.64;-2.42,0.36,10.33;8.63,58.00
118.80785841,31.89046177,8.51;0.70,267.76,-1.05;-0.21,-8.21,0.03;-0.90,-0.93,12.64;-2.42,0.36,10.33;8.63,56.20
118.80785841,31.89046177,8.51;0.70,267.76,-1.05;-0.21,-8.21,0.03;-0.90,-0.93,12.64;-2.42,0.36,10.33;8.78,21.80
118.80785841,31.89046177,8.51;0.70,267.76,-1.05;-0.21,-8.21,0.03;-0.90,-0.93,12.64;-2.42,0.36,10.33;8.79,18.30
118.80785841,31.89046177,8.51;0.70,267.76,-1.05;-0.21,-8.21,0.03;-0.90,-0.93,12.64;-2.42,0.36,10.33;8.81,16.50
118.80785841,31.89046177,8.51;0.70,267.76,-1.05;-0.21,-8.21,0.03;-0.90,-0.93,12.64;-2.42,0.36,10.33;8.82,12.80
118.80785841,31.89046177,8.51;0.70,267.76,-1.05;-0.21,-8.21,0.03;-0.90,-0.93,12.64;-2.42,0.36,10.33;8.85,9.10
118.80779199,31.89045599,8.52;-0.47,261.99,-0.93;-1.25,-8.54,0.01;-0.90,-0.93,12.64;-2.42,0.36,10.33;8.85,5.30
118.80779199,31.89045599,8.52;-0.47,261.99,-0.93;-1.25,-8.54,0.01;-0.90,-0.93,12.64;-2.42,0.36,10.33;8.85,1.30
118.80779199,31.89045599,8.52;-0.47,261.99,-0.93;-1.25,-8.54,0.01;-0.90,-0.93,12.64;-2.42,0.36,10.33;8.96,-41.40
118.80779199,31.89045599,8.52;-0.47,261.99,-0.93;-1.25,-8.54,0.01;0.04,-1.62,-9.22;1.36,0.91,9.90;8.96,-44.40
118.80779199,31.89045599,8.52;-0.47,261.99,-0.93;-1.25,-8.54,0.01;0.04,-1.62,-9.22;1.36,0.91,9.90;8.96,-47.40
118.80779199,31.89045599,8.52;-0.47,261.99,-0.93;-1.25,-8.54,0.01;0.04,-1.62,-9.22;1.36,0.91,9.90;8.98,-50.30
118.80779199,31.89045599,8.52;-0.47,261.99,-0.93;-1.25,-8.54,0.01;0.04,-1.62,-9.22;1.36,0.91,9.90;8.99,-51.90
118.80779199,31.89045599,8.52;-0.47,261.99,-0.93;-1.25,-8.54,0.01;0.04,-1.62,-9.22;1.36,0.91,9.90;8.99,-54.70
118.80779199,31.89045599,8.52;-0.47,261.99,-0.93;-1.25,-8.54,0.01;0.04,-1.62,-9.22;1.36,0.91,9.90;9.01,-57.50
118.80779199,31.89045599,8.52;-0.47,261.99,-0.93;-1.25,-8.54,0.01;0.04,-1.62,-9.22;1.36,0.91,9.90;9.01,-58.80
118.80779199,31.89045599,8.52;-0.47,261.99,-0.93;-1.25,-8.54,0.01;0.04,-1.62,-9.22;1.36,0.91,9.90;9.14,-63.00
118.80779199,31.89045599,8.52;-0.47,261.99,-0.93;-1.25,-8.54,0.01;0.04,-1.62,-9.22;1.36,0.91,9.90;9.16,-62.10
118.80779199,31.89045599,8.52;-0.47,261.99,-0.93;-1.25,-8.54,0.01;0.04,-1.62,-9.22;1.36,0.91,9.90;9.16,-60.20
118.80779199,31.89045599,8.52;-0.47,261.99,-0.93;-1.25,-8.54,0.01;0.04,-1.62,-9.22;1.36,0.91,9.90;9.17,-58.30
118.80779199,31.89045599,8.52;-0.47,261.99,-0.93;-1.25,-8.54,0.01;0.04,-1.62,-9.22;1.36,0.91,9.90;9.17,-56.50
118.80772730,31.89045068,8.55;-1.00,269.73,-0.91;-0.12,-8.99,0.04;0.04,-1.62,-9.22;1.36,0.91,9.90;9.18,-54.90
118.80772730,31.89045068,8.55;-1.00,269.73,-0.91;-0.12,-8.99,0.04;0.04,-1.62,-9.22;1.36,0.91,9.90;9.35,-54.10
118.80772730,31.89045068,8.55;-1.00,269.73,-0.91;-0.12,-8.99,0.04;0.04,-1.62,-9.22;1.36,0.91,9.90;9.36,-22.60
118.80772730,31.89045068,8.55;-1.00,269.73,-0.91;-0.12,-8.99,0.04;0.66,1.77,-3.92;1.28,0.96,10.22;9.38,-18.50
118.80772730,31.89045068,8.55;-1.00,269.73,-0.91;-0.12,-8.99,0.04;0.66,1.77,-3.92;1.28,0.96,10.22;9.40,-14.40
118.80772730,31.89045068,8.55;-1.00,269.73,-0.91;-0.12,-8.99,0.04;0.66,1.77,-3.92;1.28,0.96,10.22;9.40,-12.20
118.80772730,31.89045068,8.55;-1.00,269.73,-0.91;-0.12,-8.99,0.04;0.66,1.77,-3.92;1.28,0.96,10.22;9.41,-8.20
118.80772730,31.89045068,8.55;-1.00,269.73,-0.91;-0.12,-8.99,0.04;0.66,1.77,-3.92;1.28,0.96,10.22;9.41,-4.10
118.80772730,31.89045068,8.55;-1.00,269.73,-0.91;-0.12,-8.99,0.04;0.66,1.77,-3.92;1.28,0.96,10.22;9.41,-2.10
118.80772730,31.89045068,8.55;-1.00,269.73,-0.91;-0.12,-8.99,0.04;0.66,1.77,-3.92;1.28,0.96,10.22;9.60,41.90
118.80772730,31.89045068,8.55;-1.00,269.73,-0.91;-0.12,-8.99,0.04;0.66,1.77,-3.92;1.28,0.96,10.22;9.61,43.40
118.80772730,31.89045068,8.55;-1.00,269.73,-0.91;-0.12,-8.99,0.04;0.66,1.77,-3.92;1.28,0.96,10.22;9.63,46.70
118.80772730,31.89045068,8.55;-1.00,269.73,-0.91;-0.12,-8.99,0.04;0.66,1.77,-3.92;1.28,0.96,10.22;9.65,49.70
118.80772730,31.89045068,8.55;-1.00,269.73,-0.91;-0.12,-8.99,0.04;0.66,1.77,-3.92;1.28,0.96,10.22;9.65,52.70
118.80765449,31.89045098,8.58;0.82,266.46,-0.90;-0.43,-9.36,0.07;0.66,1.77,-3.92;1.28,0.96,10.22;9.66,55.40
118.80765449,31.89045098,8.58;0.82,266.46,-0.90;-0.43,-9.36,0.07;0.66,1.77,-3.92;1.28,0.96,10.22;9.77,56.80
118.80765449,31.89045098,8.58;0.82,266.46,-0.90;-0.43,-9.36,0.07;0.66,1.77,-3.92;1.28,0.96,10.22;9.79,65.40
118.80765449,31.89045098,8.58;0.82,266.46,-0.90;-0.43,-9.36,0.07;1.52,3.55,6.91;-0.96,0.39,9.55;9.80,63.20
118.80765449,31.89045098,8.58;0.82,266.46,-0.90;-0.43,-9.36,0.07;0.08,0.97,14.10;-2.83,0.06,10.32;9.82,60.40
118.80765449,31.89045098,8.58;0.82,266.46,-0.90;-0.43,-9.36,0.07;0.08,0.97,14.10;-2.83,0.06,10.32;9.82,57.30
118.80765449,31.89045098,8.58;0.82,266.46,-0.90;-0.43,-9.36,0.07;0.08,0.97,14.10;-2.83,0.06,10.32;9.85,55.50
118.80765449,31.89045098,8.58;0.82,266.46,-0.90;-0.43,-9.36,0.07;0.08,0.97,14.10;-2.83,0.06,10.32;9.86,52.00
118.80765449,31.89045098,8.58;0.82,266.46,-0.90;-0.43,-9.36,0.07;0.08,0.97,14.10;-2.83,0.06,10.32;9.87,48.40
118.80765449,31.89045098,8.58;0.82,266.46,-0.90;-0.43,-9.36,0.07;0.08,0.97,14.10;-2.83,0.06,10.32;9.95,-4.50
118.80765449,31.89045098,8.58;0.82,266.46,-0.90;-0.43,-9.36,0.07;0.08,0.97,14.10;-2.83,0.06,10.32;9.96,-8.80
118.80765449,31.89045098,8.58;0.82,266.46,-0.90;-0.43,-9.36,0.07;0.08,0.97,14.10;-2.83,0.06,10.32;9.96,-13.00
118.80765449,31.89045098,8.58;0.82,266.46,-0.90;-0.43,-9.36,0.07;0.08,0.97,14.10;-2.83,0.06,10.32;9.97,-17.00
118.80765449,31.89045098,8.58;0.82,266.46,-0.90;-0.43,-9.36,0.07;0.08,0.97,14.10;-2.83,0.06,10.32;9.97,-20.60
118.80765449,31.89045098,8.58;0.82,266.46,-0.90;-0.43,-9.36,0.07;0.08,0.97,14.10;-2.83,0.06,10.32;9.97,-24.10
118.80758453,31.89044414,8.60;-0.84,263.60,-1.15;-1.17,-9.54,-0.01;0.08,0.97,14.10;-2.83,0.06,10.32;9.97,-27.30
118.80758453,31.89044414,8.60;-0.84,263.60,-1.15;-1.17,-9.54,-0.01;0.08,0.97,14.10;-2.83,0.06,10.32;10.02,-39.20
118.80758453,31.89044414,8.60;-0.84,263.60,-1.15;-1.17,-9.54,-0.01;-0.73,-0.77,-8.57;1.70,-0.50,9.24;10.01,-39.10
118.80758453,31.89044414,8.60;-0.84,263.60,-1.15;-1.17,-9.54,-0.01;-0.73,-0.77,-8.57;1.70,-0.50,9.24;10.01,-39.00
118.80758453,31.89044414,8.60;-0.84,263.60,-1.15;-1.17,-9.54,-0.01;-0.73,-0.77,-8.57;1.70,-0.50,9.24;10.01,-38.90
118.80758453,31.89044414,8.60;-0.84,263.60,-1.15;-1.17,-9.54,-0.01;-0.73,-0.77,-8.57;1.70,-0.50,9.24;10.01,-38.80
118.80758453,31.89044414,8.60;-0.84,263.60,-1.15;-1.17,-9.54,-0.01;-0.73,-0.77,-8.57;1.70,-0.50,9.24;10.02,-38.60
118.80758453,31.89044414,8.60;-0.84,263.60,-1.15;-1.17,-9.54,-0.01;-0.73,-0.77,-8.57;1.70,-0.50,9.24;10.02,-38.50
118.80758453,31.89044414,8.60;-0.84,263.60,-1.15;-1.17,-9.54,-0.01;-0.73,-0.77,-8.57;1.70,-0.50,9.24;9.97,-38.40
118.80758453,31.89044414,8.60;-0.84,263.60,-1.15;-1.17,-9.54,-0.01;-0.73,-0.77,-8.57;1.70,-0.50,9.24;9.97,-27.50
118.80758453,31.89044414,8.60;-0.84,263.60,-1.15;-1.17,-9.54,-0.01;-0.73,-0.77,-8.57;1.70,-0.50,9.24;9.96,-26.20
118.80758453,31.89044414,8.60;-0.84,263.60,-1.15;-1.17,-9.54,-0.01;-0.73,-0.77,-8.57;1.70,-0.50,9.24;9.95,-24.90
118.80758453,31.89044414,8.60;-0.84,263.60,-1.15;-1.17,-9.54,-0.01;-0.73,-0.77,-8.57;1.70,-0.50,9.24;9.94,-24.20
118.80758453,31.89044414,8.60;-0.84,263.60,-1.15;-1.17,-9.54,-0.01;-0.73,-0.77,-8.57;1.70,-0.50,9.24;9.92,-22.80
118.80750919,31.89043963,8.61;-0.50,268.71,-1.49;-0.22,-9.40,-0.01;-0.73,-0.77,-8.57;1.70,-0.50,9.24;9.92,-21.40
118.80750919,31.89043963,8.61;-0.50,268.71,-1.49;-0.22,-9.40,-0.01;-0.73,-0.77,-8.57;1.70,-0.50,9.24;9.92,-20.70
118.80750919,31.89043963,8.61;-0.50,268.71,-1.49;-0.22,-9.40,-0.01;0.03,1.00,1.75;0.17,0.05,10.27;9.80,6.20
118.80750919,31.89043963,8.61;-0.50,268.71,-1.49;-0.22,-9.40,-0.01;0.03,1.00,1.75;0.17,0.05,10.27;9.80,7.70
118.80750919,31.89043963,8.61;-0.50,268.71,-1.49;-0.22,-9.40,-0.01;0.03,1.00,1.75;0.17,0.05,10.27;9.79,10.90
118.80750919,31.89043963,8.61;-0.50,268.71,-1.49;-0.22,-9.40,-0.01;0.03,1.00,1.75;0.17,0.05,10.27;9.77,14.90
118.80750919,31.89043963,8.61;-0.50,268.71,-1.49;-0.22,-9.40,-0.01;0.03,1.00,1.75;0.17,0.05,10.27;9.76,16.00
118.80750919,31.89043963,8.61;-0.50,268.71,-1.49;-0.22,-9.40,-0.01;0.03,1.00,1.75;0.17,0.05,10.27;9.75,19.30
118.80750919,31.89043963,8.61;-0.50,268.71,-1.49;-0.22,-9.40,-0.01;0.03,1.00,1.75;0.17,0.05,10.27;9.64,19.30
118.80750919,31.89043963,8.61;-0.50,268.71,-1.49;-0.22,-9.40,-0.01;0.03,1.00,1.75;0.17,0.05,10.27;9.64,22.60
118.80750919,31.89043963,8.61;-0.50,268.71,-1.49;-0.22,-9.40,-0.01;0.03,1.00,1.75;0.17,0.05,10.27;9.63,21.30
118.80750919,31.89043963,8.61;-0.50,268.71,-1.49;-0.22,-9.40,-0.01;0.03,1.00,1.75;0.17,0.05,10.27;9.62,19.90
118.80750919,31.89043963,8.61;-0.50,268.71,-1.49;-0.22,-9.40,-0.01;0.03,1.00,1.75;0.17,0.05,10.27;9.61,19.20
118.80750919,31.89043963,8.61;-0.50,268.71,-1.49;-0.22,-9.40,-0.01;0.03,1.00,1.75;0.17,0.05,10.27;9.59,17.70
118.80750919,31.89043963,8.61;-0.50,268.71,-1.49;-0.22,-9.40,-0.01;0.03,1.00,1.75;0.17,0.05,10.27;9.57,16.20
118.80744102,31.89043731,8.60;-0.03,266.23,-1.59;-0.62,-8.99,0.02;0.03,1.00,1.75;0.17,0.05,10.27;9.57,16.20
118.80744102,31.89043731,8.60;-0.03,266.23,-1.59;-0.62,-8.99,0.02;0.03,1.00,1.75;0.17,0.05,10.27;9.36,6.00
118.80744102,31.89043731,8.60;-0.03,266.23,-1.59;-0.62,-8.99,0.02;0.35,0.17,1.16;0.09,-0.65,9.03;9.35,5.80
118.80744102,31.89043731,8.60;-0.03,266.23,-1.59;-0.62,-8.99,0.02;0.35,0.17,1.16;0.09,-0.65,9.03;9.33,5.40
118.80744102,31.89043731,8.60;-0.03,266.23,-1.59;-0.62,-8.99,0.02;0.35,0.17,1.16;0.09,-0.65,9.03;9.32,5.00
118.80744102,31.89043731,8.60;-0.03,266.23,-1.59;-0.62,-8.99,0.02;0.35,0.17,1.16;0.09,-0.65,9.03;9.32,4.60
118.80744102,31.89043731,8.60;-0.03,266.23,-1.59;-0.62,-8.99,0.02;0.35,0.17,1.16;0.09,-0.65,9.03;9.31,4.30
118.80744102,31.89043731,8.60;-0.03,266.23,-1.59;-0.62,-8.99,0.02;0.35,0.17,1.16;0.09,-0.65,9.03;9.11,4.10
118.80744102,31.89043731,8.60;-0.03,266.23,-1.59;-0.62,-8.99,0.02;0.35,0.17,1.16;0.09,-0.65,9.03;9.09,1.90
118.80744102,31.89043731,8.60;-0.03,266.23,-1.59;-0.62,-8.99,0.02;0.35,0.17,1.16;0.09,-0.65,9.03;9.06,1.80
118.80744102,31.89043731,8.60;-0.03,266.23,-1.59;-0.62,-8.99,0.02;0.35,0.17,1.16;0.09,-0.65,9.03;9.03,1.80
118.80744102,31.89043731,8.60;-0.03,266.23,-1.59;-0.62,-8.99,0.02;0.35,0.17,1.16;0.09,-0.65,9.03;9.03,1.80
118.80744102,31.89043731,8.60;-0.03,266.23,-1.59;-0.62,-8.99,0.02;0.35,0.17,1.16;0.09,-0.65,9.03;9.01,1.80
118.80744102,31.89043731,8.60;-0.03,266.23,-1.59;-0.62,-8.99,0.02;0.35,0.17,1.16;0.09,-0.65,9.03;8.98,1.80
118.80737248,31.89043305,8.59;-0.17,265.84,-1.80;-0.62,-8.17,-0.03;0.35,0.17,1.16;0.09,-0.65,9.03;8.96,1.70
118.80737248,31.89043305,8.59;-0.17,265.84,-1.80;-0.62,-8.17,-0.03;0.35,0.17,1.16;0.09,-0.65,9.03;8.59,-0.60
118.80737248,31.89043305,8.59;-0.17,265.84,-1.80;-0.62,-8.17,-0.03;-0.40,-0.82,-0.29;-0.05,-2.33,10.26;8.55,-0.70
118.80737248,31.89043305,8.59;-0.17,265.84,-1.80;-0.62,-8.17,-0.03;-0.40,-0.82,-0.29;-0.05,-2.33,10.26;8.52,-0.80
118.80737248,31.89043305,8.59;-0.17,265.84,-1.80;-0.62,-8.17,-0.03;-0.40,-0.82,-0.29;-0.05,-2.33,10.26;8.48,-0.80
118.80737248,31.89043305,8.59;-0.17,265.84,-1.80;-0.62,-8.17,-0.03;-0.40,-0.82,-0.29;-0.05,-2.33,10.26;8.43,-0.80
118.80737248,31.89043305,8.59;-0.17,265.84,-1.80;-0.62,-8.17,-0.03;-0.40,-0.82,-0.29;-0.05,-2.33,10.26;8.43,-0.70
118.80737248,31.89043305,8.59;-0.17,265.84,-1.80;-0.62,-8.17,-0.03;-0.40,-0.82,-0.29;-0.05,-2.33,10.26;8.40,-0.70
118.80737248,31.89043305,8.59;-0.17,265.84,-1.80;-0.62,-8.17,-0.03;-0.40,-0.82,-0.29;-0.05,-2.33,10.26;7.82,-0.80
118.80737248,31.89043305,8.59;-0.17,265.84,-1.80;-0.62,-8.17,-0.03;-0.40,-0.82,-0.29;-0.05,-2.33,10.26;7.77,-0.80
118.80737248,31.89043305,8.59;-0.17,265.84,-1.80;-0.62,-8.17,-0.03;-0.40,-0.82,-0.29;-0.05,-2.33,10.26;7.73,-0.80
118.80737248,31.89043305,8.59;-0.17,265.84,-1.80;-0.62,-8.17,-0.03;-0.40,-0.82,-0.29;-0.05,-2.33,10.26;7.70,-0.80
118.80737248,31.89043305,8.59;-0.17,265.84,-1.80;-0.62,-8.17,-0.03;-0.40,-0.82,-0.29;-0.05,-2.33,10.26;7.65,-0.80
118.80737248,31.89043305,8.59;-0.17,265.84,-1.80;-0.62,-8.17,-0.03;-0.40,-0.82,-0.29;-0.05,-2.33,10.26;7.61,-0.90
118.80737248,31.89043305,8.59;-0.17,265.84,-1.80;-0.62,-8.17,-0.03;-0.40,-0.82,-0.29;-0.05,-2.33,10.26;7.57,-0.90
118.80731747,31.89042953,8.59;-0.39,265.95,-2.35;-0.52,-6.58,-0.03;-0.40,-0.82,-0.29;-0.05,-2.33,10.26;6.90,-0.90
118.80731747,31.89042953,8.59;-0.39,265.95,-2.35;-0.52,-6.58,-0.03;-1.10,-1.59,-0.27;-0.07,-3.04,10.70;6.85,-1.20
118.80731747,31.89042953,8.59;-0.39,265.95,-2.35;-0.52,-6.58,-0.03;-1.10,-1.59,-0.27;-0.07,-3.04,10.70;6.79,-1.00
118.80731747,31.89042953,8.59;-0.39,265.95,-2.35;-0.52,-6.58,-0.03;-1.10,-1.59,-0.27;-0.07,-3.04,10.70;6.72,-0.80
118.80731747,31.89042953,8.59;-0.39,265.95,-2.35;-0.52,-6.58,-0.03;-1.10,-1.59,-0.27;-0.07,-3.04,10.70;6.72,-0.60
118.80731747,31.89042953,8.59;-0.39,265.95,-2.35;-0.52,-6.58,-0.03;-1.10,-1.59,-0.27;-0.07,-3.04,10.70;6.65,-0.50
118.80731747,31.89042953,8.59;-0.39,265.95,-2.35;-0.52,-6.58,-0.03;-1.10,-1.59,-0.27;-0.07,-3.04,10.70;6.57,-0.50
118.80731747,31.89042953,8.59;-0.39,265.95,-2.35;-0.52,-6.58,-0.03;-1.10,-1.59,-0.27;-0.07,-3.04,10.70;6.57,-0.50
118.80731747,31.89042953,8.59;-0.39,265.95,-2.35;-0.52,-6.58,-0.03;-1.10,-1.59,-0.27;-0.07,-3.04,10.70;5.79,-0.30
118.80731747,31.89042953,8.59;-0.39,265.95,-2.35;-0.52,-6.58,-0.03;-1.10,-1.59,-0.27;-0.07,-3.04,10.70;5.71,-0.10
118.80731747,31.89042953,8.59;-0.39,265.95,-2.35;-0.52,-6.58,-0.03;-1.10,-1.59,-0.27;-0.07,-3.04,10.70;5.64,-0.10
118.80731747,31.89042953,8.59;-0.39,265.95,-2.35;-0.52,-6.58,-0.03;-1.10,-1.59,-0.27;-0.07,-3.04,10.70;5.57,-0.20
118.80731747,31.89042953,8.59;-0.39,265.95,-2.35;-0.52,-6.58,-0.03;-1.10,-1.59,-0.27;-0.07,-3.04,10.70;5.52,-0.30
118.80731747,31.89042953,8.59;-0.39,265.95,-2.35;-0.52,-6.58,-0.03;-1.10,-1.59,-0.27;-0.07,-3.04,10.70;5.45,-0.60
118.80727438,31.89042685,8.58;-0.12,266.06,-2.64;-0.33,-4.24,-0.00;-1.10,-1.59,-0.27;-0.07,-3.04,10.70;4.66,-0.60
118.80727438,31.89042685,8.58;-0.12,266.06,-2.64;-0.33,-4.24,-0.00;0.81,0.98,-0.50;-0.15,-3.18,10.93;4.59,0.30
118.80727438,31.89042685,8.58;-0.12,266.06,-2.64;-0.33,-4.24,-0.00;0.01,-0.23,0.14;0.08,-3.28,9.61;4.53,0.20
118.80727438,31.89042685,8.58;-0.12,266.06,-2.64;-0.33,-4.24,-0.00;0.01,-0.23,0.14;0.08,-3.28,9.61;4.46,0.10
118.80727438,31.89042685,8.58;-0.12,266.06,-2.64;-0.33,-4.24,-0.00;0.01,-0.23,0.14;0.08,-3.28,9.61;4.46,-0.10
118.80727438,31.89042685,8.58;-0.12,266.06,-2.64;-0.33,-4.24,-0.00;0.01,-0.23,0.14;0.08,-3.28,9.61;4.38,-0.30
118.80727438,31.89042685,8.58;-0.12,266.06,-2.64;-0.33,-4.24,-0.00;0.01,-0.23,0.14;0.08,-3.28,9.61;4.31,-0.60
118.80727438,31.89042685,8.58;-0.12,266.06,-2.64;-0.33,-4.24,-0.00;0.01,-0.23,0.14;0.08,-3.28,9.61;4.31,-0.70
118.80727438,31.89042685,8.58;-0.12,266.06,-2.64;-0.33,-4.24,-0.00;0.01,-0.23,0.14;0.08,-3.28,9.61;3.47,0.00
118.80727438,31.89042685,8.58;-0.12,266.06,-2.64;-0.33,-4.24,-0.00;0.01,-0.23,0.14;0.08,-3.28,9.61;3.41,-0.20
118.80727438,31.89042685,8.58;-0.12,266.06,-2.64;-0.33,-4.24,-0.00;0.01,-0.23,0.14;0.08,-3.28,9.61;3.35,-0.30
118.80727438,31.89042685,8.58;-0.12,266.06,-2.64;-0.33,-4.24,-0.00;0.01,-0.23,0.14;0.08,-3.28,9.61;3.28,-0.20
118.80727438,31.89042685,8.58;-0.12,266.06,-2.64;-0.33,-4.24,-0.00;0.01,-0.23,0.14;0.08,-3.28,9.61;3.22,-0.10
118.80727438,31.89042685,8.58;-0.12,266.06,-2.64;-0.33,-4.24,-0.00;0.01,-0.23,0.14;0.08,-3.28,9.61;3.16,0.10
118.80727438,31.89042685,8.58;-0.12,266.06,-2.64;-0.33,-4.24,-0.00;0.01,-0.23,0.14;0.08,-3.28,9.61;2.47,0.10
118.80725110,31.89042541,8.57;-0.19,266.02,-2.52;-0.18,-2.18,-0.02;0.01,-0.23,0.14;0.08,-3.28,9.61;2.47,0.80
118.80725110,31.89042541,8.57;-0.19,266.02,-2.52;-0.18,-2.18,-0.02;0.16,0.04,0.18;0.13,-3.07,9.08;2.43,0.80
118.80725110,31.89042541,8.57;-0.19,266.02,-2.52;-0.18,-2.18,-0.02;-0.36,-0.10,0.01;0.20,-2.61,9.68;2.38,0.80
118.80725110,31.89042541,8.57;-0.19,266.02,-2.52;-0.18,-2.18,-0.02;-0.36,-0.10,0.01;0.20,-2.61,9.68;2.33,0.90
118.80725110,31.89042541,8.57;-0.19,266.02,-2.52;-0.18,-2.18,-0.02;-0.36,-0.10,0.01;0.20,-2.61,9.68;2.28,0.90
118.80725110,31.89042541,8.57;-0.19,266.02,-2.52;-0.18,-2.18,-0.02;-0.36,-0.10,0.01;0.20,-2.61,9.68;2.24,0.90
118.80725110,31.89042541,8.57;-0.19,266.02,-2.52;-0.18,-2.18,-0.02;-0.36,-0.10,0.01;0.20,-2.61,9.68;2.24,0.90
118.80725110,31.89042541,8.57;-0.19,266.02,-2.52;-0.18,-2.18,-0.02;-0.36,-0.10,0.01;0.20,-2.61,9.68;1.61,1.00
118.80725110,31.89042541,8.57;-0.19,266.02,-2.52;-0.18,-2.18,-0.02;-0.36,-0.10,0.01;0.20,-2.61,9.68;1.57,0.90
118.80725110,31.89042541,8.57;-0.19,266.02,-2.52;-0.18,-2.18,-0.02;-0.36,-0.10,0.01;0.20,-2.61,9.68;1.53,0.90
118.80725110,31.89042541,8.57;-0.19,266.02,-2.52;-0.18,-2.18,-0.02;-0.36,-0.10,0.01;0.20,-2.61,9.68;1.49,0.90
118.80725110,31.89042541,8.57;-0.19,266.02,-2.52;-0.18,-2.18,-0.02;-0.36,-0.10,0.01;0.20,-2.61,9.68;1.46,0.80
118.80725110,31.89042541,8.57;-0.19,266.02,-2.52;-0.18,-2.18,-0.02;-0.36,-0.10,0.01;0.20,-2.61,9.68;1.41,0.90
118.80725110,31.89042541,8.57;-0.19,266.02,-2.52;-0.18,-2.18,-0.02;-0.36,-0.10,0.01;0.20,-2.61,9.68;0.88,0.90
118.80724072,31.89042479,8.57;-0.13,265.93,-2.43;-0.05,-0.48,0.00;-0.36,-0.10,0.01;0.20,-2.61,9.68;0.88,0.80
118.80724072,31.89042479,8.57;-0.13,265.93,-2.43;-0.05,-0.48,0.00;0.62,-0.04,0.23;0.07,-2.48,9.85;0.84,0.80
118.80724072,31.89042479,8.57;-0.13,265.93,-2.43;-0.05,-0.48,0.00;-0.08,-0.14,-0.01;0.12,-2.46,9.82;0.80,0.80
118.80724072,31.89042479,8.57;-0.13,265.93,-2.43;-0.05,-0.48,0.00;-0.08,-0.14,-0.01;0.12,-2.46,9.82;0.75,0.90
118.80724072,31.89042479,8.57;-0.13,265.93,-2.43;-0.05,-0.48,0.00;-0.08,-0.14,-0.01;0.12,-2.46,9.82;0.71,0.90
118.80724072,31.89042479,8.57;-0.13,265.93,-2.43;-0.05,-0.48,0.00;-0.08,-0.14,-0.01;0.12,-2.46,9.82;0.67,0.90
118.80724072,31.89042479,8.57;-0.13,265.93,-2.43;-0.05,-0.48,0.00;-0.08,-0.14,-0.01;0.12,-2.46,9.82;0.67,0.90
118.80724072,31.89042479,8.57;-0.13,265.93,-2.43;-0.05,-0.48,0.00;-0.08,-0.14,-0.01;0.12,-2.46,9.82;0.28,1.00
118.80724072,31.89042479,8.57;-0.13,265.93,-2.43;-0.05,-0.48,0.00;-0.08,-0.14,-0.01;0.12,-2.46,9.82;0.28,1.10
118.80724072,31.89042479,8.57;-0.13,265.93,-2.43;-0.05,-0.48,0.00;-0.08,-0.14,-0.01;0.12,-2.46,9.82;0.28,1.10
118.80724072,31.89042479,8.57;-0.13,265.93,-2.43;-0.05,-0.48,0.00;-0.08,-0.14,-0.01;0.12,-2.46,9.82;0.27,1.20
118.80724072,31.89042479,8.57;-0.13,265.93,-2.43;-0.05,-0.48,0.00;-0.08,-0.14,-0.01;0.12,-2.46,9.82;0.27,1.20
118.80724072,31.89042479,8.57;-0.13,265.93,-2.43;-0.05,-0.48,0.00;-0.08,-0.14,-0.01;0.12,-2.46,9.82;0.27,1.30
118.80724072,31.89042479,8.57;-0.13,265.93,-2.43;-0.05,-0.48,0.00;-0.08,-0.14,-0.01;0.12,-2.46,9.82;0.13,1.30
118.80724072,31.89042479,8.57;-0.13,265.93,-2.43;-0.05,-0.48,0.00;-0.08,-0.14,-0.01;0.12,-2.46,9.82;0.13,1.30
118.80724037,31.89042483,8.56;-0.19,265.90,-1.58;-0.00,-0.00,0.01;-0.61,-0.23,0.17;0.36,-0.31,10.14;0.10,1.20
118.80724037,31.89042483,8.56;-0.19,265.90,-1.58;-0.00,-0.00,0.01;0.09,0.02,-0.06;0.11,-0.13,9.66;0.08,1.20
118.80724037,31.89042483,8.56;-0.19,265.90,-1.58;-0.00,-0.00,0.01;0.09,0.02,-0.06;0.11,-0.13,9.66;0.07,1.10
118.80724037,31.89042483,8.56;-0.19,265.90,-1.58;-0.00,-0.00,0.01;0.09,0.02,-0.06;0.11,-0.13,9.66;0.06,1.10
118.80724037,31.89042483,8.56;-0.19,265.90,-1.58;-0.00,-0.00,0.01;0.09,0.02,-0.06;0.11,-0.13,9.66;0.05,1.10
118.80724037,31.89042483,8.56;-0.19,265.90,-1.58;-0.00,-0.00,0.01;0.09,0.02,-0.06;0.11,-0.13,9.66;0.03,1.10
118.80724037,31.89042483,8.56;-0.19,265.90,-1.58;-0.00,-0.00,0.01;0.09,0.02,-0.06;0.11,-0.13,9.66;0.00,1.20
118.80724037,31.89042483,8.56;-0.19,265.90,-1.58;-0.00,-0.00,0.01;0.09,0.02,-0.06;0.11,-0.13,9.66;0.00,1.30
118.80724037,31.89042483,8.56;-0.19,265.90,-1.58;-0.00,-0.00,0.01;0.09,0.02,-0.06;0.11,-0.13,9.66;0.00,1.30
118.80724037,31.89042483,8.56;-0.19,265.90,-1.58;-0.00,-0.00,0.01;0.09,0.02,-0.06;0.11,-0.13,9.66;0.00,1.30
118.80724037,31.89042483,8.56;-0.19,265.90,-1.58;-0.00,-0.00,0.01;0.09,0.02,-0.06;0.11,-0.13,9.66;0.00,1.30
118.80724037,31.89042483,8.56;-0.19,265.90,-1.58;-0.00,-0.00,0.01;0.09,0.02,-0.06;0.11,-0.13,9.66;0.00,1.40
118.80724037,31.89042483,8.56;-0.19,265.90,-1.58;-0.00,-0.00,0.01;0.09,0.02,-0.06;0.11,-0.13,9.66;0.00,1.40
118.80724037,31.89042483,8.56;-0.19,265.90,-1.58;-0.00,-0.00,0.01;0.09,0.02,-0.06;0.11,-0.13,9.66;0.00,1.40
118.80724029,31.89042486,8.56;-0.19,265.91,-1.54;0.01,-0.01,0.01;-0.02,0.10,0.12;0.11,-0.17,9.81;0.00,1.40
118.80724029,31.89042486,8.56;-0.19,265.91,-1.54;0.01,-0.01,0.01;-0.02,0.10,0.12;0.11,-0.17,9.81;0.00,1.40
118.80724029,31.89042486,8.56;-0.19,265.91,-1.54;0.01,-0.01,0.01;-0.02,0.10,0.12;0.11,-0.17,9.81;0.00,1.40
118.80724029,31.89042486,8.56;-0.19,265.91,-1.54;0.01,-0.01,0.01;-0.02,0.10,0.12;0.11,-0.17,9.81;0.00,1.40
118.80724029,31.89042486,8.56;-0.19,265.91,-1.54;0.01,-0.01,0.01;-0.02,0.10,0.12;0.11,-0.17,9.81;0.00,1.40
118.80724029,31.89042486,8.56;-0.19,265.91,-1.54;0.01,-0.01,0.01;-0.02,0.10,0.12;0.11,-0.17,9.81;0.00,1.40
118.80724029,31.89042486,8.56;-0.19,265.91,-1.54;0.01,-0.01,0.01;-0.02,0.10,0.12;0.11,-0.17,9.81;0.00,1.40
118.80724029,31.89042486,8.56;-0.19,265.91,-1.54;0.01,-0.01,0.01;-0.02,0.10,0.12;0.11,-0.17,9.81;0.00,1.40
