  longitude ,  latitude ,high;roll,yaw,pitch;n_vel,e_vel,u_vel;angleSpeedx_y_z;lineAccx_y_z;speed,steeringAngle
118.81082937,31.89292987,8.67;0.94,264.34,-0.14;-0.19,-1.86,0.02;0.05,-0.10,0.02;-0.14,0.62,9.87;1.90,-1.90
118.81082937,31.89292987,8.67;0.94,264.34,-0.14;-0.19,-1.86,0.02;0.05,-0.10,0.02;-0.14,0.62,9.87;1.90,-1.90
118.81082937,31.89292987,8.67;0.94,264.34,-0.14;-0.19,-1.86,0.02;0.05,-0.10,0.02;-0.14,0.62,9.87;1.92,-2.10
118.81082937,31.89292987,8.67;0.94,264.34,-0.14;-0.19,-1.86,0.02;0.05,-0.10,0.02;-0.14,0.62,9.87;1.94,-2.20
118.81082937,31.89292987,8.67;0.94,264.34,-0.14;-0.19,-1.86,0.02;0.05,-0.10,0.02;-0.14,0.62,9.87;1.95,-2.20
118.81082937,31.89292987,8.67;0.94,264.34,-0.14;-0.19,-1.86,0.02;0.05,-0.10,0.02;-0.14,0.62,9.87;1.96,-2.20
118.81082937,31.89292987,8.67;0.94,264.34,-0.14;-0.19,-1.86,0.02;0.05,-0.10,0.02;-0.14,0.62,9.87;1.97,-2.20
118.81082937,31.89292987,8.67;0.94,264.34,-0.14;-0.19,-1.86,0.02;0.05,-0.10,0.02;-0.14,0.62,9.87;1.99,-2.20
118.81082937,31.89292987,8.67;0.94,264.34,-0.14;-0.19,-1.86,0.02;0.05,-0.10,0.02;-0.14,0.62,9.87;1.99,-2.20
118.81082937,31.89292987,8.67;0.94,264.34,-0.14;-0.19,-1.86,0.02;0.05,-0.10,0.02;-0.14,0.62,9.87;2.22,-2.10
118.81082937,31.89292987,8.67;0.94,264.34,-0.14;-0.19,-1.86,0.02;0.05,-0.10,0.02;-0.14,0.62,9.87;2.24,-2.10
118.81082937,31.89292987,8.67;0.94,264.34,-0.14;-0.19,-1.86,0.02;0.05,-0.10,0.02;-0.14,0.62,9.87;2.26,-2.10
118.81082937,31.89292987,8.67;0.94,264.34,-0.14;-0.19,-1.86,0.02;-0.22,-0.18,-0.04;-0.08,0.93,9.89;2.28,-2.20
118.81082937,31.89292987,8.67;0.94,264.34,-0.14;-0.19,-1.86,0.02;-0.22,-0.18,-0.04;-0.08,0.93,9.89;2.30,-2.20
118.81082937,31.89292987,8.67;0.94,264.34,-0.14;-0.19,-1.86,0.02;-0.22,-0.18,-0.04;-0.08,0.93,9.89;2.33,-2.20
118.81081347,31.89292855,8.70;0.87,264.39,-0.02;-0.25,-2.47,0.05;-0.22,-0.18,-0.04;-0.08,0.93,9.89;2.35,-2.20
118.81081347,31.89292855,8.70;0.87,264.39,-0.02;-0.25,-2.47,0.05;-0.22,-0.18,-0.04;-0.08,0.93,9.89;2.35,-2.30
118.81081347,31.89292855,8.70;0.87,264.39,-0.02;-0.25,-2.47,0.05;-0.22,-0.18,-0.04;-0.08,0.93,9.89;2.58,-2.30
118.81081347,31.89292855,8.70;0.87,264.39,-0.02;-0.25,-2.47,0.05;-0.22,-0.18,-0.04;-0.08,0.93,9.89;2.60,-2.30
118.81081347,31.89292855,8.70;0.87,264.39,-0.02;-0.25,-2.47,0.05;-0.22,-0.18,-0.04;-0.08,0.93,9.89;2.61,-2.30
118.81081347,31.89292855,8.70;0.87,264.39,-0.02;-0.25,-2.47,0.05;-0.22,-0.18,-0.04;-0.08,0.93,9.89;2.63,-2.30
118.81081347,31.89292855,8.70;0.87,264.39,-0.02;-0.25,-2.47,0.05;-0.22,-0.18,-0.04;-0.08,0.93,9.89;2.65,-2.20
118.81081347,31.89292855,8.70;0.87,264.39,-0.02;-0.25,-2.47,0.05;-0.22,-0.18,-0.04;-0.08,0.93,9.89;2.88,-2.20
118.81081347,31.89292855,8.70;0.87,264.39,-0.02;-0.25,-2.47,0.05;-0.22,-0.18,-0.04;-0.08,0.93,9.89;2.88,-2.20
118.81081347,31.89292855,8.70;0.87,264.39,-0.02;-0.25,-2.47,0.05;-0.22,-0.18,-0.04;-0.08,0.93,9.89;2.90,-1.80
118.81081347,31.89292855,8.70;0.87,264.39,-0.02;-0.25,-2.47,0.05;-0.22,-0.18,-0.04;-0.08,0.93,9.89;2.92,-1.80
118.81081347,31.89292855,8.70;0.87,264.39,-0.02;-0.25,-2.47,0.05;-0.83,0.04,0.07;-0.02,1.10,9.86;2.93,-1.80
118.81081347,31.89292855,8.70;0.87,264.39,-0.02;-0.25,-2.47,0.05;-0.83,0.04,0.07;-0.02,1.10,9.86;2.95,-1.80
118.81081347,31.89292855,8.70;0.87,264.39,-0.02;-0.25,-2.47,0.05;-0.83,0.04,0.07;-0.02,1.10,9.86;2.96,-1.80
118.81079140,31.89292664,8.75;0.92,264.44,0.07;-0.31,-3.13,0.04;-0.83,0.04,0.07;-0.02,1.10,9.86;2.96,-1.80
118.81079140,31.89292664,8.75;0.92,264.44,0.07;-0.31,-3.13,0.04;-0.83,0.04,0.07;-0.02,1.10,9.86;2.96,-1.80
118.81079140,31.89292664,8.75;0.92,264.44,0.07;-0.31,-3.13,0.04;-0.83,0.04,0.07;-0.02,1.10,9.86;3.24,-1.80
118.81079140,31.89292664,8.75;0.92,264.44,0.07;-0.31,-3.13,0.04;-0.83,0.04,0.07;-0.02,1.10,9.86;3.26,-1.70
118.81079140,31.89292664,8.75;0.92,264.44,0.07;-0.31,-3.13,0.04;-0.83,0.04,0.07;-0.02,1.10,9.86;3.28,-1.70
118.81079140,31.89292664,8.75;0.92,264.44,0.07;-0.31,-3.13,0.04;-0.83,0.04,0.07;-0.02,1.10,9.86;3.30,-1.70
118.81079140,31.89292664,8.75;0.92,264.44,0.07;-0.31,-3.13,0.04;-0.83,0.04,0.07;-0.02,1.10,9.86;3.33,-1.70
118.81079140,31.89292664,8.75;0.92,264.44,0.07;-0.31,-3.13,0.04;-0.83,0.04,0.07;-0.02,1.10,9.86;3.35,-1.70
118.81079140,31.89292664,8.75;0.92,264.44,0.07;-0.31,-3.13,0.04;-0.83,0.04,0.07;-0.02,1.10,9.86;3.35,-1.80
118.81079140,31.89292664,8.75;0.92,264.44,0.07;-0.31,-3.13,0.04;-0.83,0.04,0.07;-0.02,1.10,9.86;3.65,-1.80
118.81079140,31.89292664,8.75;0.92,264.44,0.07;-0.31,-3.13,0.04;-0.83,0.04,0.07;-0.02,1.10,9.86;3.66,-1.90
118.81079140,31.89292664,8.75;0.92,264.44,0.07;-0.31,-3.13,0.04;0.11,-0.67,-0.01;-0.08,1.14,9.54;3.68,-1.90
118.81079140,31.89292664,8.75;0.92,264.44,0.07;-0.31,-3.13,0.04;0.21,0.38,0.12;0.03,1.21,10.11;3.71,-1.90
118.81079140,31.89292664,8.75;0.92,264.44,0.07;-0.31,-3.13,0.04;0.21,0.38,0.12;0.03,1.21,10.11;3.71,-2.00
118.81079140,31.89292664,8.75;0.92,264.44,0.07;-0.31,-3.13,0.04;0.21,0.38,0.12;0.03,1.21,10.11;3.76,-2.00
118.81076531,31.89292474,8.80;0.90,264.47,0.06;-0.36,-3.90,0.09;0.21,0.38,0.12;0.03,1.21,10.11;3.76,-2.00
118.81076531,31.89292474,8.80;0.90,264.47,0.06;-0.36,-3.90,0.09;0.21,0.38,0.12;0.03,1.21,10.11;4.07,-1.90
118.81076531,31.89292474,8.80;0.90,264.47,0.06;-0.36,-3.90,0.09;0.21,0.38,0.12;0.03,1.21,10.11;4.09,-2.00
118.81076531,31.89292474,8.80;0.90,264.47,0.06;-0.36,-3.90,0.09;0.21,0.38,0.12;0.03,1.21,10.11;4.11,-2.00
118.81076531,31.89292474,8.80;0.90,264.47,0.06;-0.36,-3.90,0.09;0.21,0.38,0.12;0.03,1.21,10.11;4.13,-1.90
118.81076531,31.89292474,8.80;0.90,264.47,0.06;-0.36,-3.90,0.09;0.21,0.38,0.12;0.03,1.21,10.11;4.15,-1.90
118.81076531,31.89292474,8.80;0.90,264.47,0.06;-0.36,-3.90,0.09;0.21,0.38,0.12;0.03,1.21,10.11;4.17,-1.90
118.81076531,31.89292474,8.80;0.90,264.47,0.06;-0.36,-3.90,0.09;0.21,0.38,0.12;0.03,1.21,10.11;4.18,-1.80
118.81076531,31.89292474,8.80;0.90,264.47,0.06;-0.36,-3.90,0.09;0.21,0.38,0.12;0.03,1.21,10.11;4.18,-2.80
118.81076531,31.89292474,8.80;0.90,264.47,0.06;-0.36,-3.90,0.09;0.21,0.38,0.12;0.03,1.21,10.11;4.38,-2.80
118.81076531,31.89292474,8.80;0.90,264.47,0.06;-0.36,-3.90,0.09;-0.08,-0.40,-0.21;-0.29,0.67,9.61;4.39,-2.90
118.81076531,31.89292474,8.80;0.90,264.47,0.06;-0.36,-3.90,0.09;-0.63,0.13,-0.10;0.02,1.05,9.95;4.42,-3.00
118.81076531,31.89292474,8.80;0.90,264.47,0.06;-0.36,-3.90,0.09;-0.63,0.13,-0.10;0.02,1.05,9.95;4.43,-3.10
118.81076531,31.89292474,8.80;0.90,264.47,0.06;-0.36,-3.90,0.09;-0.63,0.13,-0.10;0.02,1.05,9.95;4.44,-3.20
118.81073193,31.89292216,8.86;0.85,264.58,-0.03;-0.40,-4.47,0.07;-0.63,0.13,-0.10;0.02,1.05,9.95;4.62,-3.30
118.81073193,31.89292216,8.86;0.85,264.58,-0.03;-0.40,-4.47,0.07;-0.63,0.13,-0.10;0.02,1.05,9.95;4.62,-5.50
118.81073193,31.89292216,8.86;0.85,264.58,-0.03;-0.40,-4.47,0.07;-0.63,0.13,-0.10;0.02,1.05,9.95;4.65,-5.40
118.81073193,31.89292216,8.86;0.85,264.58,-0.03;-0.40,-4.47,0.07;-0.63,0.13,-0.10;0.02,1.05,9.95;4.66,-5.30
118.81073193,31.89292216,8.86;0.85,264.58,-0.03;-0.40,-4.47,0.07;-0.63,0.13,-0.10;0.02,1.05,9.95;4.68,-5.30
118.81073193,31.89292216,8.86;0.85,264.58,-0.03;-0.40,-4.47,0.07;-0.63,0.13,-0.10;0.02,1.05,9.95;4.68,-5.10
118.81073193,31.89292216,8.86;0.85,264.58,-0.03;-0.40,-4.47,0.07;-0.63,0.13,-0.10;0.02,1.05,9.95;4.70,-4.90
118.81073193,31.89292216,8.86;0.85,264.58,-0.03;-0.40,-4.47,0.07;-0.63,0.13,-0.10;0.02,1.05,9.95;4.72,-4.80
118.81073193,31.89292216,8.86;0.85,264.58,-0.03;-0.40,-4.47,0.07;-0.63,0.13,-0.10;0.02,1.05,9.95;4.72,-4.80
118.81073193,31.89292216,8.86;0.85,264.58,-0.03;-0.40,-4.47,0.07;-0.63,0.13,-0.10;0.02,1.05,9.95;4.83,-11.20
118.81073193,31.89292216,8.86;0.85,264.58,-0.03;-0.40,-4.47,0.07;-0.63,0.13,-0.10;0.02,1.05,9.95;4.83,-11.40
118.81073193,31.89292216,8.86;0.85,264.58,-0.03;-0.40,-4.47,0.07;-0.38,-0.18,-1.35;0.30,0.31,10.19;4.84,-11.50
118.81073193,31.89292216,8.86;0.85,264.58,-0.03;-0.40,-4.47,0.07;-0.38,-0.18,-1.35;0.30,0.31,10.19;4.85,-11.50
118.81073193,31.89292216,8.86;0.85,264.58,-0.03;-0.40,-4.47,0.07;-0.38,-0.18,-1.35;0.30,0.31,10.19;4.85,-11.50
118.81073193,31.89292216,8.86;0.85,264.58,-0.03;-0.40,-4.47,0.07;-0.38,-0.18,-1.35;0.30,0.31,10.19;4.85,-11.60
118.81069770,31.89291965,8.93;0.77,265.24,0.00;-0.38,-4.69,0.08;-0.38,-0.18,-1.35;0.30,0.31,10.19;4.86,-11.70
118.81069770,31.89291965,8.93;0.77,265.24,0.00;-0.38,-4.69,0.08;-0.38,-0.18,-1.35;0.30,0.31,10.19;4.86,-20.70
118.81069770,31.89291965,8.93;0.77,265.24,0.00;-0.38,-4.69,0.08;-0.38,-0.18,-1.35;0.30,0.31,10.19;4.88,-21.30
118.81069770,31.89291965,8.93;0.77,265.24,0.00;-0.38,-4.69,0.08;-0.38,-0.18,-1.35;0.30,0.31,10.19;4.90,-22.40
118.81069770,31.89291965,8.93;0.77,265.24,0.00;-0.38,-4.69,0.08;-0.38,-0.18,-1.35;0.30,0.31,10.19;4.90,-23.50
118.81069770,31.89291965,8.93;0.77,265.24,0.00;-0.38,-4.69,0.08;-0.38,-0.18,-1.35;0.30,0.31,10.19;4.91,-24.70
118.81069770,31.89291965,8.93;0.77,265.24,0.00;-0.38,-4.69,0.08;-0.38,-0.18,-1.35;0.30,0.31,10.19;4.91,-25.90
118.81069770,31.89291965,8.93;0.77,265.24,0.00;-0.38,-4.69,0.08;-0.38,-0.18,-1.35;0.30,0.31,10.19;4.92,-26.50
118.81069770,31.89291965,8.93;0.77,265.24,0.00;-0.38,-4.69,0.08;-0.38,-0.18,-1.35;0.30,0.31,10.19;4.92,-26.50
118.81069770,31.89291965,8.93;0.77,265.24,0.00;-0.38,-4.69,0.08;-0.38,-0.18,-1.35;0.30,0.31,10.19;4.92,-39.40
118.81069770,31.89291965,8.93;0.77,265.24,0.00;-0.38,-4.69,0.08;0.33,-0.49,-4.86;0.30,0.35,10.09;4.92,-39.70
118.81069770,31.89291965,8.93;0.77,265.24,0.00;-0.38,-4.69,0.08;0.33,-0.49,-4.86;0.30,0.35,10.09;4.92,-39.90
118.81069770,31.89291965,8.93;0.77,265.24,0.00;-0.38,-4.69,0.08;0.33,-0.49,-4.86;0.30,0.35,10.09;4.94,-40.00
118.81069770,31.89291965,8.93;0.77,265.24,0.00;-0.38,-4.69,0.08;0.33,-0.49,-4.86;0.30,0.35,10.09;4.94,-39.90
118.81066005,31.89291801,8.98;0.73,268.13,0.01;-0.14,-4.81,0.11;0.33,-0.49,-4.86;0.30,0.35,10.09;4.94,-39.70
118.81066005,31.89291801,8.98;0.73,268.13,0.01;-0.14,-4.81,0.11;0.33,-0.49,-4.86;0.30,0.35,10.09;4.94,-39.40
118.81066005,31.89291801,8.98;0.73,268.13,0.01;-0.14,-4.81,0.11;0.33,-0.49,-4.86;0.30,0.35,10.09;4.98,-35.90
118.81066005,31.89291801,8.98;0.73,268.13,0.01;-0.14,-4.81,0.11;0.33,-0.49,-4.86;0.30,0.35,10.09;4.98,-35.90
118.81066005,31.89291801,8.98;0.73,268.13,0.01;-0.14,-4.81,0.11;0.33,-0.49,-4.86;0.30,0.35,10.09;4.98,-36.00
118.81066005,31.89291801,8.98;0.73,268.13,0.01;-0.14,-4.81,0.11;0.33,-0.49,-4.86;0.30,0.35,10.09;4.98,-36.00
118.81066005,31.89291801,8.98;0.73,268.13,0.01;-0.14,-4.81,0.11;0.33,-0.49,-4.86;0.30,0.35,10.09;4.99,-36.10
118.81066005,31.89291801,8.98;0.73,268.13,0.01;-0.14,-4.81,0.11;0.33,-0.49,-4.86;0.30,0.35,10.09;5.01,-36.10
118.81066005,31.89291801,8.98;0.73,268.13,0.01;-0.14,-4.81,0.11;0.33,-0.49,-4.86;0.30,0.35,10.09;5.01,-36.10
118.81066005,31.89291801,8.98;0.73,268.13,0.01;-0.14,-4.81,0.11;0.33,-0.49,-4.86;0.30,0.35,10.09;5.01,-33.40
118.81066005,31.89291801,8.98;0.73,268.13,0.01;-0.14,-4.81,0.11;1.25,0.84,-4.00;0.25,0.03,9.63;5.03,-33.20
118.81066005,31.89291801,8.98;0.73,268.13,0.01;-0.14,-4.81,0.11;1.25,0.84,-4.00;0.25,0.03,9.63;5.03,-32.90
118.81066005,31.89291801,8.98;0.73,268.13,0.01;-0.14,-4.81,0.11;1.25,0.84,-4.00;0.25,0.03,9.63;5.04,-32.60
118.81066005,31.89291801,8.98;0.73,268.13,0.01;-0.14,-4.81,0.11;1.25,0.84,-4.00;0.25,0.03,9.63;5.05,-32.30
118.81066005,31.89291801,8.98;0.73,268.13,0.01;-0.14,-4.81,0.11;1.25,0.84,-4.00;0.25,0.03,9.63;5.06,-32.00
118.81062430,31.89291814,9.06;0.69,271.08,0.09;0.12,-4.90,0.09;1.25,0.84,-4.00;0.25,0.03,9.63;5.08,-31.80
118.81062430,31.89291814,9.06;0.69,271.08,0.09;0.12,-4.90,0.09;1.25,0.84,-4.00;0.25,0.03,9.63;5.08,-31.80
118.81062430,31.89291814,9.06;0.69,271.08,0.09;0.12,-4.90,0.09;1.25,0.84,-4.00;0.25,0.03,9.63;5.09,-17.90
118.81062430,31.89291814,9.06;0.69,271.08,0.09;0.12,-4.90,0.09;1.25,0.84,-4.00;0.25,0.03,9.63;5.09,-15.30
118.81062430,31.89291814,9.06;0.69,271.08,0.09;0.12,-4.90,0.09;1.25,0.84,-4.00;0.25,0.03,9.63;5.08,-12.50
118.81062430,31.89291814,9.06;0.69,271.08,0.09;0.12,-4.90,0.09;1.25,0.84,-4.00;0.25,0.03,9.63;5.09,-9.40
118.81062430,31.89291814,9.06;0.69,271.08,0.09;0.12,-4.90,0.09;1.25,0.84,-4.00;0.25,0.03,9.63;5.10,-6.20
118.81062430,31.89291814,9.06;0.69,271.08,0.09;0.12,-4.90,0.09;1.25,0.84,-4.00;0.25,0.03,9.63;5.10,32.70
118.81062430,31.89291814,9.06;0.69,271.08,0.09;0.12,-4.90,0.09;1.25,0.84,-4.00;0.25,0.03,9.63;5.10,32.70
118.81062430,31.89291814,9.06;0.69,271.08,0.09;0.12,-4.90,0.09;0.37,-0.32,-3.57;0.42,0.42,9.62;5.15,33.90
118.81062430,31.89291814,9.06;0.69,271.08,0.09;0.12,-4.90,0.09;0.39,1.42,4.98;-0.39,0.28,9.69;5.16,36.20
118.81062430,31.89291814,9.06;0.69,271.08,0.09;0.12,-4.90,0.09;0.39,1.42,4.98;-0.39,0.28,9.69;5.16,38.50
118.81062430,31.89291814,9.06;0.69,271.08,0.09;0.12,-4.90,0.09;0.39,1.42,4.98;-0.39,0.28,9.69;5.16,40.70
118.81062430,31.89291814,9.06;0.69,271.08,0.09;0.12,-4.90,0.09;0.39,1.42,4.98;-0.39,0.28,9.69;5.17,42.70
118.81058528,31.89291921,9.14;0.92,269.43,0.21;0.01,-4.97,0.13;0.39,1.42,4.98;-0.39,0.28,9.69;5.18,43.70
118.81058528,31.89291921,9.14;0.92,269.43,0.21;0.01,-4.97,0.13;0.39,1.42,4.98;-0.39,0.28,9.69;5.18,43.70
118.81058528,31.89291921,9.14;0.92,269.43,0.21;0.01,-4.97,0.13;0.39,1.42,4.98;-0.39,0.28,9.69;5.20,60.60
118.81058528,31.89291921,9.14;0.92,269.43,0.21;0.01,-4.97,0.13;0.39,1.42,4.98;-0.39,0.28,9.69;5.20,61.70
118.81058528,31.89291921,9.14;0.92,269.43,0.21;0.01,-4.97,0.13;0.39,1.42,4.98;-0.39,0.28,9.69;5.20,62.60
118.81058528,31.89291921,9.14;0.92,269.43,0.21;0.01,-4.97,0.13;0.39,1.42,4.98;-0.39,0.28,9.69;5.20,63.50
118.81058528,31.89291921,9.14;0.92,269.43,0.21;0.01,-4.97,0.13;0.39,1.42,4.98;-0.39,0.28,9.69;5.21,64.30
118.81058528,31.89291921,9.14;0.92,269.43,0.21;0.01,-4.97,0.13;0.39,1.42,4.98;-0.39,0.28,9.69;5.21,65.10
118.81058528,31.89291921,9.14;0.92,269.43,0.21;0.01,-4.97,0.13;0.39,1.42,4.98;-0.39,0.28,9.69;5.21,65.10
118.81058528,31.89291921,9.14;0.92,269.43,0.21;0.01,-4.97,0.13;0.39,1.42,4.98;-0.39,0.28,9.69;5.24,74.40
118.81058528,31.89291921,9.14;0.92,269.43,0.21;0.01,-4.97,0.13;0.58,-0.97,9.85;-0.80,0.21,9.19;5.24,74.80
118.81058528,31.89291921,9.14;0.92,269.43,0.21;0.01,-4.97,0.13;0.58,-0.97,9.85;-0.80,0.21,9.19;5.24,75.00
118.81058528,31.89291921,9.14;0.92,269.43,0.21;0.01,-4.97,0.13;0.58,-0.97,9.85;-0.80,0.21,9.19;5.25,75.10
118.81058528,31.89291921,9.14;0.92,269.43,0.21;0.01,-4.97,0.13;0.58,-0.97,9.85;-0.80,0.21,9.19;5.25,75.10
118.81058528,31.89291921,9.14;0.92,269.43,0.21;0.01,-4.97,0.13;0.58,-0.97,9.85;-0.80,0.21,9.19;5.28,75.00
118.81054841,31.89291780,9.21;0.89,263.23,0.12;-0.51,-4.99,0.12;0.58,-0.97,9.85;-0.80,0.21,9.19;5.28,75.00
118.81054841,31.89291780,9.21;0.89,263.23,0.12;-0.51,-4.99,0.12;0.58,-0.97,9.85;-0.80,0.21,9.19;5.27,68.30
118.81054841,31.89291780,9.21;0.89,263.23,0.12;-0.51,-4.99,0.12;0.58,-0.97,9.85;-0.80,0.21,9.19;5.27,67.30
118.81054841,31.89291780,9.21;0.89,263.23,0.12;-0.51,-4.99,0.12;0.58,-0.97,9.85;-0.80,0.21,9.19;5.27,66.20
118.81054841,31.89291780,9.21;0.89,263.23,0.12;-0.51,-4.99,0.12;0.58,-0.97,9.85;-0.80,0.21,9.19;5.27,65.10
118.81054841,31.89291780,9.21;0.89,263.23,0.12;-0.51,-4.99,0.12;0.58,-0.97,9.85;-0.80,0.21,9.19;5.27,63.90
118.81054841,31.89291780,9.21;0.89,263.23,0.12;-0.51,-4.99,0.12;0.58,-0.97,9.85;-0.80,0.21,9.19;5.28,62.80
118.81054841,31.89291780,9.21;0.89,263.23,0.12;-0.51,-4.99,0.12;0.58,-0.97,9.85;-0.80,0.21,9.19;5.28,61.50
118.81054841,31.89291780,9.21;0.89,263.23,0.12;-0.51,-4.99,0.12;0.58,-0.97,9.85;-0.80,0.21,9.19;5.28,42.60
118.81054841,31.89291780,9.21;0.89,263.23,0.12;-0.51,-4.99,0.12;-0.53,-1.04,5.94;-0.58,0.22,9.78;5.28,40.50
118.81054841,31.89291780,9.21;0.89,263.23,0.12;-0.51,-4.99,0.12;-0.80,-0.63,5.26;-0.56,0.24,9.83;5.28,38.30
118.81054841,31.89291780,9.21;0.89,263.23,0.12;-0.51,-4.99,0.12;-0.80,-0.63,5.26;-0.56,0.24,9.83;5.28,35.90
118.81054841,31.89291780,9.21;0.89,263.23,0.12;-0.51,-4.99,0.12;-0.80,-0.63,5.26;-0.56,0.24,9.83;5.28,34.80
118.81054841,31.89291780,9.21;0.89,263.23,0.12;-0.51,-4.99,0.12;-0.80,-0.63,5.26;-0.56,0.24,9.83;5.28,32.20
118.81050860,31.89291258,9.27;0.45,258.99,0.08;-0.91,-4.99,0.12;-0.80,-0.63,5.26;-0.56,0.24,9.83;5.29,29.60
118.81050860,31.89291258,9.27;0.45,258.99,0.08;-0.91,-4.99,0.12;-0.80,-0.63,5.26;-0.56,0.24,9.83;5.29,-6.20
118.81050860,31.89291258,9.27;0.45,258.99,0.08;-0.91,-4.99,0.12;-0.80,-0.63,5.26;-0.56,0.24,9.83;5.28,-7.50
118.81050860,31.89291258,9.27;0.45,258.99,0.08;-0.91,-4.99,0.12;-0.80,-0.63,5.26;-0.56,0.24,9.83;5.28,-10.10
118.81050860,31.89291258,9.27;0.45,258.99,0.08;-0.91,-4.99,0.12;-0.80,-0.63,5.26;-0.56,0.24,9.83;5.28,-12.50
118.81050860,31.89291258,9.27;0.45,258.99,0.08;-0.91,-4.99,0.12;-0.80,-0.63,5.26;-0.56,0.24,9.83;5.28,-14.70
118.81050860,31.89291258,9.27;0.45,258.99,0.08;-0.91,-4.99,0.12;-0.80,-0.63,5.26;-0.56,0.24,9.83;5.28,-16.90
118.81050860,31.89291258,9.27;0.45,258.99,0.08;-0.91,-4.99,0.12;-0.80,-0.63,5.26;-0.56,0.24,9.83;5.29,-18.00
118.81050860,31.89291258,9.27;0.45,258.99,0.08;-0.91,-4.99,0.12;-0.80,-0.63,5.26;-0.56,0.24,9.83;5.30,-45.50
118.81050860,31.89291258,9.27;0.45,258.99,0.08;-0.91,-4.99,0.12;-0.44,-0.29,0.35;-0.25,0.11,9.55;5.30,-47.90
118.81050860,31.89291258,9.27;0.45,258.99,0.08;-0.91,-4.99,0.12;-6.07,-1.46,-6.33;-2.91,-2.37,9.99;5.29,-50.40
118.81050860,31.89291258,9.27;0.45,258.99,0.08;-0.91,-4.99,0.12;-6.07,-1.46,-6.33;-2.91,-2.37,9.99;5.28,-51.60
118.81050860,31.89291258,9.27;0.45,258.99,0.08;-0.91,-4.99,0.12;-6.07,-1.46,-6.33;-2.91,-2.37,9.99;5.25,-54.20
118.81050860,31.89291258,9.27;0.45,258.99,0.08;-0.91,-4.99,0.12;-6.07,-1.46,-6.33;-2.91,-2.37,9.99;5.31,-57.50
118.81050860,31.89291258,9.27;0.45,258.99,0.08;-0.91,-4.99,0.12;-6.07,-1.46,-6.33;-2.91,-2.37,9.99;5.35,-61.00
118.81047147,31.89290712,9.35;-0.08,262.29,0.19;-0.69,-5.01,0.09;-6.07,-1.46,-6.33;-2.91,-2.37,9.99;5.35,-64.00
118.81047147,31.89290712,9.35;-0.08,262.29,0.19;-0.69,-5.01,0.09;-6.07,-1.46,-6.33;-2.91,-2.37,9.99;5.21,-83.70
118.81047147,31.89290712,9.35;-0.08,262.29,0.19;-0.69,-5.01,0.09;-6.07,-1.46,-6.33;-2.91,-2.37,9.99;5.21,-82.60
118.81047147,31.89290712,9.35;-0.08,262.29,0.19;-0.69,-5.01,0.09;-6.07,-1.46,-6.33;-2.91,-2.37,9.99;5.20,-81.40
118.81047147,31.89290712,9.35;-0.08,262.29,0.19;-0.69,-5.01,0.09;-6.07,-1.46,-6.33;-2.91,-2.37,9.99;5.22,-80.10
118.81047147,31.89290712,9.35;-0.08,262.29,0.19;-0.69,-5.01,0.09;-6.07,-1.46,-6.33;-2.91,-2.37,9.99;5.23,-79.50
118.81047147,31.89290712,9.35;-0.08,262.29,0.19;-0.69,-5.01,0.09;-6.07,-1.46,-6.33;-2.91,-2.37,9.99;5.24,-78.40
118.81047147,31.89290712,9.35;-0.08,262.29,0.19;-0.69,-5.01,0.09;-6.07,-1.46,-6.33;-2.91,-2.37,9.99;5.23,-77.50
118.81047147,31.89290712,9.35;-0.08,262.29,0.19;-0.69,-5.01,0.09;9.94,-7.82,-8.59;2.04,-2.02,7.01;5.23,-86.90
118.81047147,31.89290712,9.35;-0.08,262.29,0.19;-0.69,-5.01,0.09;12.45,-0.09,-10.87;2.12,0.09,8.21;5.28,-87.50
118.81047147,31.89290712,9.35;-0.08,262.29,0.19;-0.69,-5.01,0.09;12.45,-0.09,-10.87;2.12,0.09,8.21;5.27,-88.70
118.81047147,31.89290712,9.35;-0.08,262.29,0.19;-0.69,-5.01,0.09;12.45,-0.09,-10.87;2.12,0.09,8.21;5.28,-89.50
118.81047147,31.89290712,9.35;-0.08,262.29,0.19;-0.69,-5.01,0.09;12.45,-0.09,-10.87;2.12,0.09,8.21;5.28,-90.10
118.81047147,31.89290712,9.35;-0.08,262.29,0.19;-0.69,-5.01,0.09;12.45,-0.09,-10.87;2.12,0.09,8.21;5.27,-90.50
118.81043131,31.89290488,9.42;0.17,270.46,0.10;0.08,-5.10,0.13;12.45,-0.09,-10.87;2.12,0.09,8.21;5.27,-90.60
118.81043131,31.89290488,9.42;0.17,270.46,0.10;0.08,-5.10,0.13;12.45,-0.09,-10.87;2.12,0.09,8.21;5.27,-62.70
118.81043131,31.89290488,9.42;0.17,270.46,0.10;0.08,-5.10,0.13;12.45,-0.09,-10.87;2.12,0.09,8.21;5.26,-58.00
118.81043131,31.89290488,9.42;0.17,270.46,0.10;0.08,-5.10,0.13;12.45,-0.09,-10.87;2.12,0.09,8.21;5.27,-53.00
118.81043131,31.89290488,9.42;0.17,270.46,0.10;0.08,-5.10,0.13;12.45,-0.09,-10.87;2.12,0.09,8.21;5.27,-50.40
118.81043131,31.89290488,9.42;0.17,270.46,0.10;0.08,-5.10,0.13;12.45,-0.09,-10.87;2.12,0.09,8.21;5.28,-45.40
118.81043131,31.89290488,9.42;0.17,270.46,0.10;0.08,-5.10,0.13;12.45,-0.09,-10.87;2.12,0.09,8.21;5.29,-40.40
118.81043131,31.89290488,9.42;0.17,270.46,0.10;0.08,-5.10,0.13;12.45,-0.09,-10.87;2.12,0.09,8.21;5.30,-35.40
118.81043131,31.89290488,9.42;0.17,270.46,0.10;0.08,-5.10,0.13;12.45,-0.09,-10.87;2.12,0.09,8.21;5.30,-30.60
118.81043131,31.89290488,9.42;0.17,270.46,0.10;0.08,-5.10,0.13;0.34,1.32,-7.04;0.58,-0.10,9.84;5.33,21.50
118.81043131,31.89290488,9.42;0.17,270.46,0.10;0.08,-5.10,0.13;-0.60,0.91,2.53;0.02,0.10,9.66;5.33,25.10
118.81043131,31.89290488,9.42;0.17,270.46,0.10;0.08,-5.10,0.13;-0.60,0.91,2.53;0.02,0.10,9.66;5.33,28.50
118.81043131,31.89290488,9.42;0.17,270.46,0.10;0.08,-5.10,0.13;-0.60,0.91,2.53;0.02,0.10,9.66;5.34,31.80
118.81043131,31.89290488,9.42;0.17,270.46,0.10;0.08,-5.10,0.13;-0.60,0.91,2.53;0.02,0.10,9.66;5.34,33.40
118.81043131,31.89290488,9.42;0.17,270.46,0.10;0.08,-5.10,0.13;-0.60,0.91,2.53;0.02,0.10,9.66;5.35,36.50
118.81039327,31.89290604,9.48;0.53,270.49,0.20;0.11,-5.14,0.15;-0.60,0.91,2.53;0.02,0.10,9.66;5.36,39.40
118.81039327,31.89290604,9.48;0.53,270.49,0.20;0.11,-5.14,0.15;-0.60,0.91,2.53;0.02,0.10,9.66;5.36,67.50
118.81039327,31.89290604,9.48;0.53,270.49,0.20;0.11,-5.14,0.15;-0.60,0.91,2.53;0.02,0.10,9.66;5.37,68.10
118.81039327,31.89290604,9.48;0.53,270.49,0.20;0.11,-5.14,0.15;-0.60,0.91,2.53;0.02,0.10,9.66;5.38,69.30
118.81039327,31.89290604,9.48;0.53,270.49,0.20;0.11,-5.14,0.15;-0.60,0.91,2.53;0.02,0.10,9.66;5.39,70.50
118.81039327,31.89290604,9.48;0.53,270.49,0.20;0.11,-5.14,0.15;-0.60,0.91,2.53;0.02,0.10,9.66;5.39,71.50
118.81039327,31.89290604,9.48;0.53,270.49,0.20;0.11,-5.14,0.15;-0.60,0.91,2.53;0.02,0.10,9.66;5.39,72.30
118.81039327,31.89290604,9.48;0.53,270.49,0.20;0.11,-5.14,0.15;-0.60,0.91,2.53;0.02,0.10,9.66;5.39,72.70
118.81039327,31.89290604,9.48;0.53,270.49,0.20;0.11,-5.14,0.15;0.42,0.14,9.61;-0.83,0.12,9.55;5.39,70.50
118.81039327,31.89290604,9.48;0.53,270.49,0.20;0.11,-5.14,0.15;0.42,0.14,9.61;-0.83,0.12,9.55;5.39,70.20
118.81039327,31.89290604,9.48;0.53,270.49,0.20;0.11,-5.14,0.15;0.42,0.14,9.61;-0.83,0.12,9.55;5.39,69.60
118.81039327,31.89290604,9.48;0.53,270.49,0.20;0.11,-5.14,0.15;0.42,0.14,9.61;-0.83,0.12,9.55;5.39,68.80
118.81039327,31.89290604,9.48;0.53,270.49,0.20;0.11,-5.14,0.15;0.42,0.14,9.61;-0.83,0.12,9.55;5.39,68.00
118.81039327,31.89290604,9.48;0.53,270.49,0.20;0.11,-5.14,0.15;0.42,0.14,9.61;-0.83,0.12,9.55;5.40,67.20
118.81035245,31.89290484,9.56;0.63,263.83,0.32;-0.49,-5.14,0.11;0.42,0.14,9.61;-0.83,0.12,9.55;5.40,66.30
118.81035245,31.89290484,9.56;0.63,263.83,0.32;-0.49,-5.14,0.11;0.42,0.14,9.61;-0.83,0.12,9.55;5.39,65.20
118.81035245,31.89290484,9.56;0.63,263.83,0.32;-0.49,-5.14,0.11;0.42,0.14,9.61;-0.83,0.12,9.55;5.39,34.30
118.81035245,31.89290484,9.56;0.63,263.83,0.32;-0.49,-5.14,0.11;0.42,0.14,9.61;-0.83,0.12,9.55;5.41,30.40
118.81035245,31.89290484,9.56;0.63,263.83,0.32;-0.49,-5.14,0.11;0.42,0.14,9.61;-0.83,0.12,9.55;5.41,26.30
118.81035245,31.89290484,9.56;0.63,263.83,0.32;-0.49,-5.14,0.11;0.42,0.14,9.61;-0.83,0.12,9.55;5.41,22.00
118.81035245,31.89290484,9.56;0.63,263.83,0.32;-0.49,-5.14,0.11;0.42,0.14,9.61;-0.83,0.12,9.55;5.42,20.00
118.81035245,31.89290484,9.56;0.63,263.83,0.32;-0.49,-5.14,0.11;0.42,0.14,9.61;-0.83,0.12,9.55;5.42,15.60
118.81035245,31.89290484,9.56;0.63,263.83,0.32;-0.49,-5.14,0.11;1.31,0.74,8.25;-0.72,0.20,9.91;5.43,11.10
118.81035245,31.89290484,9.56;0.63,263.83,0.32;-0.49,-5.14,0.11;0.04,-0.02,-3.78;0.36,0.39,9.62;5.43,-43.30
118.81035245,31.89290484,9.56;0.63,263.83,0.32;-0.49,-5.14,0.11;0.04,-0.02,-3.78;0.36,0.39,9.62;5.44,-44.90
118.81035245,31.89290484,9.56;0.63,263.83,0.32;-0.49,-5.14,0.11;0.04,-0.02,-3.78;0.36,0.39,9.62;5.44,-48.30
118.81035245,31.89290484,9.56;0.63,263.83,0.32;-0.49,-5.14,0.11;0.04,-0.02,-3.78;0.36,0.39,9.62;5.43,-51.50
118.81035245,31.89290484,9.56;0.63,263.83,0.32;-0.49,-5.14,0.11;0.04,-0.02,-3.78;0.36,0.39,9.62;5.46,-54.70
118.81035245,31.89290484,9.56;0.63,263.83,0.32;-0.49,-5.14,0.11;0.04,-0.02,-3.78;0.36,0.39,9.62;5.45,-57.70
118.81031403,31.89290133,9.66;0.19,265.51,0.47;-0.39,-5.28,0.12;0.04,-0.02,-3.78;0.36,0.39,9.62;5.55,-59.10
118.81031403,31.89290133,9.66;0.19,265.51,0.47;-0.39,-5.28,0.12;0.04,-0.02,-3.78;0.36,0.39,9.62;5.55,-76.30
118.81031403,31.89290133,9.66;0.19,265.51,0.47;-0.39,-5.28,0.12;0.04,-0.02,-3.78;0.36,0.39,9.62;5.55,-75.80
118.81031403,31.89290133,9.66;0.19,265.51,0.47;-0.39,-5.28,0.12;0.04,-0.02,-3.78;0.36,0.39,9.62;5.56,-75.10
118.81031403,31.89290133,9.66;0.19,265.51,0.47;-0.39,-5.28,0.12;0.04,-0.02,-3.78;0.36,0.39,9.62;5.56,-74.60
118.81031403,31.89290133,9.66;0.19,265.51,0.47;-0.39,-5.28,0.12;0.04,-0.02,-3.78;0.36,0.39,9.62;5.57,-73.60
118.81031403,31.89290133,9.66;0.19,265.51,0.47;-0.39,-5.28,0.12;0.04,-0.02,-3.78;0.36,0.39,9.62;5.58,-72.40
118.81031403,31.89290133,9.66;0.19,265.51,0.47;-0.39,-5.28,0.12;1.80,0.15,-9.44;1.05,0.49,9.84;5.59,-71.10
118.81031403,31.89290133,9.66;0.19,265.51,0.47;-0.39,-5.28,0.12;-1.12,-0.69,-6.12;0.36,0.37,9.55;5.59,-69.40
118.81031403,31.89290133,9.66;0.19,265.51,0.47;-0.39,-5.28,0.12;-1.12,-0.69,-6.12;0.36,0.37,9.55;5.63,-26.60
118.81031403,31.89290133,9.66;0.19,265.51,0.47;-0.39,-5.28,0.12;-1.12,-0.69,-6.12;0.36,0.37,9.55;5.64,-22.80
118.81031403,31.89290133,9.66;0.19,265.51,0.47;-0.39,-5.28,0.12;-1.12,-0.69,-6.12;0.36,0.37,9.55;5.66,-18.70
118.81031403,31.89290133,9.66;0.19,265.51,0.47;-0.39,-5.28,0.12;-1.12,-0.69,-6.12;0.36,0.37,9.55;5.66,-14.70
118.81031403,31.89290133,9.66;0.19,265.51,0.47;-0.39,-5.28,0.12;-1.12,-0.69,-6.12;0.36,0.37,9.55;5.68,-12.50
118.81027130,31.89290066,9.76;1.12,269.65,0.15;0.05,-5.52,0.11;-1.12,-0.69,-6.12;0.36,0.37,9.55;5.68,-8.50
118.81027130,31.89290066,9.76;1.12,269.65,0.15;0.05,-5.52,0.11;-1.12,-0.69,-6.12;0.36,0.37,9.55;5.68,-4.40
118.81027130,31.89290066,9.76;1.12,269.65,0.15;0.05,-5.52,0.11;-1.12,-0.69,-6.12;0.36,0.37,9.55;5.68,41.50
118.81027130,31.89290066,9.76;1.12,269.65,0.15;0.05,-5.52,0.11;-1.12,-0.69,-6.12;0.36,0.37,9.55;5.72,42.90
118.81027130,31.89290066,9.76;1.12,269.65,0.15;0.05,-5.52,0.11;-1.12,-0.69,-6.12;0.36,0.37,9.55;5.73,45.40
118.81027130,31.89290066,9.76;1.12,269.65,0.15;0.05,-5.52,0.11;-1.12,-0.69,-6.12;0.36,0.37,9.55;5.74,47.90
118.81027130,31.89290066,9.76;1.12,269.65,0.15;0.05,-5.52,0.11;-1.12,-0.69,-6.12;0.36,0.37,9.55;5.74,50.40
118.81027130,31.89290066,9.76;1.12,269.65,0.15;0.05,-5.52,0.11;-1.12,-0.69,-6.12;0.36,0.37,9.55;5.75,52.80
118.81027130,31.89290066,9.76;1.12,269.65,0.15;0.05,-5.52,0.11;2.33,1.38,9.98;-1.42,0.09,9.82;5.89,54.00
118.81027130,31.89290066,9.76;1.12,269.65,0.15;0.05,-5.52,0.11;2.33,1.38,9.98;-1.42,0.09,9.82;5.89,66.20
118.81027130,31.89290066,9.76;1.12,269.65,0.15;0.05,-5.52,0.11;2.33,1.38,9.98;-1.42,0.09,9.82;5.89,65.20
118.81027130,31.89290066,9.76;1.12,269.65,0.15;0.05,-5.52,0.11;2.33,1.38,9.98;-1.42,0.09,9.82;5.89,64.00
118.81027130,31.89290066,9.76;1.12,269.65,0.15;0.05,-5.52,0.11;2.33,1.38,9.98;-1.42,0.09,9.82;5.90,63.40
118.81027130,31.89290066,9.76;1.12,269.65,0.15;0.05,-5.52,0.11;2.33,1.38,9.98;-1.42,0.09,9.82;5.90,62.00
118.81027130,31.89290066,9.76;1.12,269.65,0.15;0.05,-5.52,0.11;2.33,1.38,9.98;-1.42,0.09,9.82;5.92,60.40
118.81022950,31.89289951,9.83;1.02,264.27,0.43;-0.52,-5.71,0.08;2.33,1.38,9.98;-1.42,0.09,9.82;5.91,58.50
118.81022950,31.89289951,9.83;1.02,264.27,0.43;-0.52,-5.71,0.08;2.33,1.38,9.98;-1.42,0.09,9.82;5.91,56.40
118.81022950,31.89289951,9.83;1.02,264.27,0.43;-0.52,-5.71,0.08;2.33,1.38,9.98;-1.42,0.09,9.82;5.99,16.30
118.81022950,31.89289951,9.83;1.02,264.27,0.43;-0.52,-5.71,0.08;2.33,1.38,9.98;-1.42,0.09,9.82;6.00,12.20
118.81022950,31.89289951,9.83;1.02,264.27,0.43;-0.52,-5.71,0.08;2.33,1.38,9.98;-1.42,0.09,9.82;5.99,8.20
118.81022950,31.89289951,9.83;1.02,264.27,0.43;-0.52,-5.71,0.08;2.33,1.38,9.98;-1.42,0.09,9.82;6.00,4.30
118.81022950,31.89289951,9.83;1.02,264.27,0.43;-0.52,-5.71,0.08;2.33,1.38,9.98;-1.42,0.09,9.82;6.00,2.40
118.81022950,31.89289951,9.83;1.02,264.27,0.43;-0.52,-5.71,0.08;1.10,-1.32,5.51;-0.91,0.19,10.25;6.00,-1.40
118.81022950,31.89289951,9.83;1.02,264.27,0.43;-0.52,-5.71,0.08;-0.24,0.05,-3.73;0.53,0.56,10.94;6.01,-5.20
118.81022950,31.89289951,9.83;1.02,264.27,0.43;-0.52,-5.71,0.08;-0.24,0.05,-3.73;0.53,0.56,10.94;6.01,-44.70
118.81022950,31.89289951,9.83;1.02,264.27,0.43;-0.52,-5.71,0.08;-0.24,0.05,-3.73;0.53,0.56,10.94;6.05,-45.80
118.81022950,31.89289951,9.83;1.02,264.27,0.43;-0.52,-5.71,0.08;-0.24,0.05,-3.73;0.53,0.56,10.94;6.06,-48.00
118.81022950,31.89289951,9.83;1.02,264.27,0.43;-0.52,-5.71,0.08;-0.24,0.05,-3.73;0.53,0.56,10.94;6.06,-50.20
118.81022950,31.89289951,9.83;1.02,264.27,0.43;-0.52,-5.71,0.08;-0.24,0.05,-3.73;0.53,0.56,10.94;6.07,-52.20
118.81018379,31.89289556,9.95;0.06,266.54,1.00;-0.35,-5.85,0.17;-0.24,0.05,-3.73;0.53,0.56,10.94;6.08,-54.00
118.81018379,31.89289556,9.95;0.06,266.54,1.00;-0.35,-5.85,0.17;-0.24,0.05,-3.73;0.53,0.56,10.94;6.13,-54.80
118.81018379,31.89289556,9.95;0.06,266.54,1.00;-0.35,-5.85,0.17;-0.24,0.05,-3.73;0.53,0.56,10.94;6.13,-54.80
118.81018379,31.89289556,9.95;0.06,266.54,1.00;-0.35,-5.85,0.17;-0.24,0.05,-3.73;0.53,0.56,10.94;6.13,-49.50
118.81018379,31.89289556,9.95;0.06,266.54,1.00;-0.35,-5.85,0.17;-0.24,0.05,-3.73;0.53,0.56,10.94;6.15,-46.70
118.81018379,31.89289556,9.95;0.06,266.54,1.00;-0.35,-5.85,0.17;-0.24,0.05,-3.73;0.53,0.56,10.94;6.15,-45.20
118.81018379,31.89289556,9.95;0.06,266.54,1.00;-0.35,-5.85,0.17;-0.24,0.05,-3.73;0.53,0.56,10.94;6.15,-41.90
118.81018379,31.89289556,9.95;0.06,266.54,1.00;-0.35,-5.85,0.17;0.63,-1.22,-8.25;0.66,0.47,10.39;6.15,-38.10
118.81018379,31.89289556,9.95;0.06,266.54,1.00;-0.35,-5.85,0.17;-0.95,-0.07,-1.08;0.20,0.71,9.24;6.15,-34.30
118.81018379,31.89289556,9.95;0.06,266.54,1.00;-0.35,-5.85,0.17;-0.95,-0.07,-1.08;0.20,0.71,9.24;6.15,-34.30
118.81018379,31.89289556,9.95;0.06,266.54,1.00;-0.35,-5.85,0.17;-0.95,-0.07,-1.08;0.20,0.71,9.24;6.18,16.10
118.81018379,31.89289556,9.95;0.06,266.54,1.00;-0.35,-5.85,0.17;-0.95,-0.07,-1.08;0.20,0.71,9.24;6.19,19.60
118.81018379,31.89289556,9.95;0.06,266.54,1.00;-0.35,-5.85,0.17;-0.95,-0.07,-1.08;0.20,0.71,9.24;6.21,23.00
118.81018379,31.89289556,9.95;0.06,266.54,1.00;-0.35,-5.85,0.17;-0.95,-0.07,-1.08;0.20,0.71,9.24;6.21,26.20
118.81018379,31.89289556,9.95;0.06,266.54,1.00;-0.35,-5.85,0.17;-0.95,-0.07,-1.08;0.20,0.71,9.24;6.22,29.30
118.81014000,31.89289437,10.09;0.70,267.37,1.22;-0.19,-5.98,0.20;-0.95,-0.07,-1.08;0.20,0.71,9.24;6.23,30.90
118.81014000,31.89289437,10.09;0.70,267.37,1.22;-0.19,-5.98,0.20;-0.95,-0.07,-1.08;0.20,0.71,9.24;6.23,61.50
118.81014000,31.89289437,10.09;0.70,267.37,1.22;-0.19,-5.98,0.20;-0.95,-0.07,-1.08;0.20,0.71,9.24;6.23,63.30
118.81014000,31.89289437,10.09;0.70,267.37,1.22;-0.19,-5.98,0.20;-0.95,-0.07,-1.08;0.20,0.71,9.24;6.24,64.90
118.81014000,31.89289437,10.09;0.70,267.37,1.22;-0.19,-5.98,0.20;-0.95,-0.07,-1.08;0.20,0.71,9.24;6.24,65.70
118.81014000,31.89289437,10.09;0.70,267.37,1.22;-0.19,-5.98,0.20;-0.95,-0.07,-1.08;0.20,0.71,9.24;6.24,67.10
118.81014000,31.89289437,10.09;0.70,267.37,1.22;-0.19,-5.98,0.20;2.70,-0.03,10.74;-1.23,-0.01,7.89;6.24,68.50
118.81014000,31.89289437,10.09;0.70,267.37,1.22;-0.19,-5.98,0.20;2.70,-0.03,10.74;-1.23,-0.01,7.89;6.24,69.80
118.81014000,31.89289437,10.09;0.70,267.37,1.22;-0.19,-5.98,0.20;2.70,-0.03,10.74;-1.23,-0.01,7.89;6.24,70.80
118.81014000,31.89289437,10.09;0.70,267.37,1.22;-0.19,-5.98,0.20;2.70,-0.03,10.74;-1.23,-0.01,7.89;6.28,50.90
118.81014000,31.89289437,10.09;0.70,267.37,1.22;-0.19,-5.98,0.20;2.70,-0.03,10.74;-1.23,-0.01,7.89;6.29,47.30
118.81014000,31.89289437,10.09;0.70,267.37,1.22;-0.19,-5.98,0.20;2.70,-0.03,10.74;-1.23,-0.01,7.89;6.29,43.40
118.81014000,31.89289437,10.09;0.70,267.37,1.22;-0.19,-5.98,0.20;2.70,-0.03,10.74;-1.23,-0.01,7.89;6.28,39.30
118.81014000,31.89289437,10.09;0.70,267.37,1.22;-0.19,-5.98,0.20;2.70,-0.03,10.74;-1.23,-0.01,7.89;6.28,37.10
118.81009260,31.89289028,10.26;-0.03,261.60,1.65;-0.88,-5.97,0.30;2.70,-0.03,10.74;-1.23,-0.01,7.89;6.28,32.80
118.81009260,31.89289028,10.26;-0.03,261.60,1.65;-0.88,-5.97,0.30;2.70,-0.03,10.74;-1.23,-0.01,7.89;6.28,28.50
118.81009260,31.89289028,10.26;-0.03,261.60,1.65;-0.88,-5.97,0.30;2.70,-0.03,10.74;-1.23,-0.01,7.89;6.28,-21.10
118.81009260,31.89289028,10.26;-0.03,261.60,1.65;-0.88,-5.97,0.30;2.70,-0.03,10.74;-1.23,-0.01,7.89;6.28,-22.70
118.81009260,31.89289028,10.26;-0.03,261.60,1.65;-0.88,-5.97,0.30;2.70,-0.03,10.74;-1.23,-0.01,7.89;6.28,-26.10
118.81009260,31.89289028,10.26;-0.03,261.60,1.65;-0.88,-5.97,0.30;2.70,-0.03,10.74;-1.23,-0.01,7.89;6.28,-29.30
118.81009260,31.89289028,10.26;-0.03,261.60,1.65;-0.88,-5.97,0.30;2.70,-0.03,10.74;-1.23,-0.01,7.89;6.28,-32.60
118.81009260,31.89289028,10.26;-0.03,261.60,1.65;-0.88,-5.97,0.30;0.68,-0.59,-7.61;1.01,0.85,9.44;6.28,-35.80
118.81009260,31.89289028,10.26;-0.03,261.60,1.65;-0.88,-5.97,0.30;0.68,-0.59,-7.61;1.01,0.85,9.44;6.30,-37.20
118.81009260,31.89289028,10.26;-0.03,261.60,1.65;-0.88,-5.97,0.30;0.68,-0.59,-7.61;1.01,0.85,9.44;6.30,-62.80
118.81009260,31.89289028,10.26;-0.03,261.60,1.65;-0.88,-5.97,0.30;0.68,-0.59,-7.61;1.01,0.85,9.44;6.30,-63.50
118.81009260,31.89289028,10.26;-0.03,261.60,1.65;-0.88,-5.97,0.30;0.68,-0.59,-7.61;1.01,0.85,9.44;6.30,-63.90
118.81009260,31.89289028,10.26;-0.03,261.60,1.65;-0.88,-5.97,0.30;0.68,-0.59,-7.61;1.01,0.85,9.44;6.29,-64.00
118.81009260,31.89289028,10.26;-0.03,261.60,1.65;-0.88,-5.97,0.30;0.68,-0.59,-7.61;1.01,0.85,9.44;6.30,-64.00
118.81009260,31.89289028,10.26;-0.03,261.60,1.65;-0.88,-5.97,0.30;0.68,-0.59,-7.61;1.01,0.85,9.44;6.30,-63.60
118.81004845,31.89288581,10.46;-0.11,266.31,1.93;-0.39,-6.01,0.29;0.68,-0.59,-7.61;1.01,0.85,9.44;6.31,-62.80
118.81004845,31.89288581,10.46;-0.11,266.31,1.93;-0.39,-6.01,0.29;0.68,-0.59,-7.61;1.01,0.85,9.44;6.31,-61.70
118.81004845,31.89288581,10.46;-0.11,266.31,1.93;-0.39,-6.01,0.29;0.68,-0.59,-7.61;1.01,0.85,9.44;6.29,-19.20
118.81004845,31.89288581,10.46;-0.11,266.31,1.93;-0.39,-6.01,0.29;0.68,-0.59,-7.61;1.01,0.85,9.44;6.28,-14.90
118.81004845,31.89288581,10.46;-0.11,266.31,1.93;-0.39,-6.01,0.29;0.68,-0.59,-7.61;1.01,0.85,9.44;6.29,-10.60
118.81004845,31.89288581,10.46;-0.11,266.31,1.93;-0.39,-6.01,0.29;0.68,-0.59,-7.61;1.01,0.85,9.44;6.30,-6.50
118.81004845,31.89288581,10.46;-0.11,266.31,1.93;-0.39,-6.01,0.29;-1.27,2.72,-5.22;0.98,0.44,9.80;6.29,-4.50
118.81004845,31.89288581,10.46;-0.11,266.31,1.93;-0.39,-6.01,0.29;0.08,0.81,2.92;-0.55,-0.02,9.91;6.30,-0.30
118.81004845,31.89288581,10.46;-0.11,266.31,1.93;-0.39,-6.01,0.29;0.08,0.81,2.92;-0.55,-0.02,9.91;6.29,3.80
118.81004845,31.89288581,10.46;-0.11,266.31,1.93;-0.39,-6.01,0.29;0.08,0.81,2.92;-0.55,-0.02,9.91;6.29,45.30
118.81004845,31.89288581,10.46;-0.11,266.31,1.93;-0.39,-6.01,0.29;0.08,0.81,2.92;-0.55,-0.02,9.91;6.30,46.50
118.81004845,31.89288581,10.46;-0.11,266.31,1.93;-0.39,-6.01,0.29;0.08,0.81,2.92;-0.55,-0.02,9.91;6.31,48.60
118.81004845,31.89288581,10.46;-0.11,266.31,1.93;-0.39,-6.01,0.29;0.08,0.81,2.92;-0.55,-0.02,9.91;6.30,50.60
118.81004845,31.89288581,10.46;-0.11,266.31,1.93;-0.39,-6.01,0.29;0.08,0.81,2.92;-0.55,-0.02,9.91;6.30,52.40
118.81000080,31.89288358,10.69;0.44,264.14,2.13;-0.55,-5.96,0.31;0.08,0.81,2.92;-0.55,-0.02,9.91;6.29,54.00
118.81000080,31.89288358,10.69;0.44,264.14,2.13;-0.55,-5.96,0.31;0.08,0.81,2.92;-0.55,-0.02,9.91;6.26,54.80
118.81000080,31.89288358,10.69;0.44,264.14,2.13;-0.55,-5.96,0.31;0.08,0.81,2.92;-0.55,-0.02,9.91;6.26,53.10
118.81000080,31.89288358,10.69;0.44,264.14,2.13;-0.55,-5.96,0.31;0.08,0.81,2.92;-0.55,-0.02,9.91;6.27,50.60
118.81000080,31.89288358,10.69;0.44,264.14,2.13;-0.55,-5.96,0.31;0.08,0.81,2.92;-0.55,-0.02,9.91;6.25,47.80
118.81000080,31.89288358,10.69;0.44,264.14,2.13;-0.55,-5.96,0.31;0.08,0.81,2.92;-0.55,-0.02,9.91;6.24,46.30
118.81000080,31.89288358,10.69;0.44,264.14,2.13;-0.55,-5.96,0.31;-1.48,0.49,8.99;-1.11,0.15,10.16;6.24,43.10
118.81000080,31.89288358,10.69;0.44,264.14,2.13;-0.55,-5.96,0.31;-0.54,-1.82,3.44;-0.62,0.38,10.70;6.23,39.70
118.81000080,31.89288358,10.69;0.44,264.14,2.13;-0.55,-5.96,0.31;-0.54,-1.82,3.44;-0.62,0.38,10.70;6.24,36.10
118.81000080,31.89288358,10.69;0.44,264.14,2.13;-0.55,-5.96,0.31;-0.54,-1.82,3.44;-0.62,0.38,10.70;6.24,32.20
118.81000080,31.89288358,10.69;0.44,264.14,2.13;-0.55,-5.96,0.31;-0.54,-1.82,3.44;-0.62,0.38,10.70;6.21,-14.70
118.81000080,31.89288358,10.69;0.44,264.14,2.13;-0.55,-5.96,0.31;-0.54,-1.82,3.44;-0.62,0.38,10.70;6.22,-17.90
118.81000080,31.89288358,10.69;0.44,264.14,2.13;-0.55,-5.96,0.31;-0.54,-1.82,3.44;-0.62,0.38,10.70;6.23,-20.90
118.81000080,31.89288358,10.69;0.44,264.14,2.13;-0.55,-5.96,0.31;-0.54,-1.82,3.44;-0.62,0.38,10.70;6.25,-23.60
118.81000080,31.89288358,10.69;0.44,264.14,2.13;-0.55,-5.96,0.31;-0.54,-1.82,3.44;-0.62,0.38,10.70;6.28,-24.70
118.80995733,31.89287886,10.92;-0.02,262.73,4.73;-0.68,-5.78,0.36;-0.54,-1.82,3.44;-0.62,0.38,10.70;6.28,-27.00
118.80995733,31.89287886,10.92;-0.02,262.73,4.73;-0.68,-5.78,0.36;-0.54,-1.82,3.44;-0.62,0.38,10.70;6.27,-28.80
118.80995733,31.89287886,10.92;-0.02,262.73,4.73;-0.68,-5.78,0.36;-0.54,-1.82,3.44;-0.62,0.38,10.70;6.27,-45.80
118.80995733,31.89287886,10.92;-0.02,262.73,4.73;-0.68,-5.78,0.36;-0.54,-1.82,3.44;-0.62,0.38,10.70;5.96,-46.00
118.80995733,31.89287886,10.92;-0.02,262.73,4.73;-0.68,-5.78,0.36;-0.54,-1.82,3.44;-0.62,0.38,10.70;5.94,-46.20
118.80995733,31.89287886,10.92;-0.02,262.73,4.73;-0.68,-5.78,0.36;14.95,4.25,-2.32;1.40,0.43,10.73;5.91,-46.20
118.80995733,31.89287886,10.92;-0.02,262.73,4.73;-0.68,-5.78,0.36;-6.15,-5.37,-5.79;0.59,-0.38,7.30;5.89,-45.70
118.80995733,31.89287886,10.92;-0.02,262.73,4.73;-0.68,-5.78,0.36;-6.15,-5.37,-5.79;0.59,-0.38,7.30;5.87,-45.10
118.80995733,31.89287886,10.92;-0.02,262.73,4.73;-0.68,-5.78,0.36;-6.15,-5.37,-5.79;0.59,-0.38,7.30;5.82,-44.70
118.80995733,31.89287886,10.92;-0.02,262.73,4.73;-0.68,-5.78,0.36;-6.15,-5.37,-5.79;0.59,-0.38,7.30;5.82,-44.70
118.80995733,31.89287886,10.92;-0.02,262.73,4.73;-0.68,-5.78,0.36;-6.15,-5.37,-5.79;0.59,-0.38,7.30;5.82,-40.10
118.80995733,31.89287886,10.92;-0.02,262.73,4.73;-0.68,-5.78,0.36;-6.15,-5.37,-5.79;0.59,-0.38,7.30;5.82,-39.50
118.80995733,31.89287886,10.92;-0.02,262.73,4.73;-0.68,-5.78,0.36;-6.15,-5.37,-5.79;0.59,-0.38,7.30;5.82,-38.90
118.80995733,31.89287886,10.92;-0.02,262.73,4.73;-0.68,-5.78,0.36;-6.15,-5.37,-5.79;0.59,-0.38,7.30;5.80,-38.10
118.80991273,31.89287556,11.21;0.24,266.96,1.01;-0.29,-5.50,0.21;-6.15,-5.37,-5.79;0.59,-0.38,7.30;5.79,-37.20
118.80991273,31.89287556,11.21;0.24,266.96,1.01;-0.29,-5.50,0.21;-6.15,-5.37,-5.79;0.59,-0.38,7.30;5.78,-36.10
118.80991273,31.89287556,11.21;0.24,266.96,1.01;-0.29,-5.50,0.21;-6.15,-5.37,-5.79;0.59,-0.38,7.30;5.78,-36.10
118.80991273,31.89287556,11.21;0.24,266.96,1.01;-0.29,-5.50,0.21;-6.15,-5.37,-5.79;0.59,-0.38,7.30;5.69,-10.50
118.80991273,31.89287556,11.21;0.24,266.96,1.01;-0.29,-5.50,0.21;-6.15,-5.37,-5.79;0.59,-0.38,7.30;5.68,-8.20
118.80991273,31.89287556,11.21;0.24,266.96,1.01;-0.29,-5.50,0.21;-6.15,-5.37,-5.79;0.59,-0.38,7.30;5.67,-6.00
118.80991273,31.89287556,11.21;0.24,266.96,1.01;-0.29,-5.50,0.21;-3.01,-0.17,-5.59;0.73,0.18,9.30;5.66,-4.00
118.80991273,31.89287556,11.21;0.24,266.96,1.01;-0.29,-5.50,0.21;-1.06,-0.13,0.41;-0.21,-0.42,8.69;5.65,-2.10
118.80991273,31.89287556,11.21;0.24,266.96,1.01;-0.29,-5.50,0.21;-1.06,-0.13,0.41;-0.21,-0.42,8.69;5.64,-1.20
