  longitude ,  latitude ,high;roll,yaw,pitch;n_vel,e_vel,u_vel;angleSpeedx_y_z;lineAccx_y_z;speed,steeringAngle
118.81100166,31.89294836,9.85;0.72,264.18,-0.52;-0.00,0.00,0.00;0.00,-0.01,0.08;-0.05,-0.02,9.80;0.00,-0.60
118.81100166,31.89294836,9.85;0.72,264.18,-0.52;-0.00,0.00,0.00;0.00,-0.01,0.08;-0.05,-0.02,9.80;0.00,-0.60
118.81100166,31.89294836,9.85;0.72,264.18,-0.52;-0.00,0.00,0.00;0.00,-0.01,0.08;-0.05,-0.02,9.80;0.00,-0.60
118.81100166,31.89294836,9.85;0.72,264.18,-0.52;-0.00,0.00,0.00;0.00,-0.01,0.08;-0.05,-0.02,9.80;0.00,-0.60
118.81100166,31.89294836,9.85;0.72,264.18,-0.52;-0.00,0.00,0.00;0.00,-0.01,0.08;-0.05,-0.02,9.80;0.00,-0.60
118.81100166,31.89294836,9.85;0.72,264.18,-0.52;-0.00,0.00,0.00;0.00,-0.01,0.08;-0.05,-0.02,9.80;0.00,-0.60
118.81100166,31.89294836,9.85;0.72,264.18,-0.52;-0.00,0.00,0.00;0.00,-0.01,0.08;-0.05,-0.02,9.80;0.00,-0.60
118.81100166,31.89294836,9.85;0.72,264.18,-0.52;-0.00,0.00,0.00;0.00,-0.01,0.08;-0.05,-0.02,9.80;0.00,-0.60
118.81100166,31.89294836,9.85;0.72,264.18,-0.52;-0.00,0.00,0.00;0.00,-0.01,0.08;-0.05,-0.02,9.80;0.00,-0.60
118.81100166,31.89294836,9.85;0.72,264.18,-0.52;-0.00,0.00,0.00;0.00,-0.01,0.08;-0.05,-0.02,9.80;0.00,-0.60
118.81100166,31.89294836,9.85;0.72,264.18,-0.52;-0.00,0.00,0.00;0.00,-0.01,0.08;-0.05,-0.02,9.80;0.00,-0.60
118.81100166,31.89294836,9.85;0.72,264.18,-0.52;-0.00,0.00,0.00;0.00,-0.01,0.08;-0.05,-0.02,9.80;0.00,-0.40
118.81100166,31.89294836,9.85;0.72,264.18,-0.52;-0.00,0.00,0.00;0.00,-0.01,0.08;-0.05,-0.02,9.80;0.00,-0.40
118.81100166,31.89294836,9.85;0.72,264.18,-0.52;-0.00,0.00,0.00;-0.00,-0.01,0.04;-0.06,-0.02,9.81;0.00,-0.40
118.81100172,31.89294835,9.84;0.73,264.18,-0.52;-0.00,-0.00,0.00;-0.00,-0.01,0.04;-0.06,-0.02,9.81;0.00,-0.40
118.81100172,31.89294835,9.84;0.73,264.18,-0.52;-0.00,-0.00,0.00;-0.00,-0.01,0.04;-0.06,-0.02,9.81;0.00,-0.40
118.81100172,31.89294835,9.84;0.73,264.18,-0.52;-0.00,-0.00,0.00;-0.00,-0.01,0.04;-0.06,-0.02,9.81;0.00,-0.40
118.81100172,31.89294835,9.84;0.73,264.18,-0.52;-0.00,-0.00,0.00;-0.00,-0.01,0.04;-0.06,-0.02,9.81;0.00,-0.50
118.81100172,31.89294835,9.84;0.73,264.18,-0.52;-0.00,-0.00,0.00;-0.00,-0.01,0.04;-0.06,-0.02,9.81;0.00,-0.50
118.81100172,31.89294835,9.84;0.73,264.18,-0.52;-0.00,-0.00,0.00;-0.00,-0.01,0.04;-0.06,-0.02,9.81;0.00,-0.50
118.81100172,31.89294835,9.84;0.73,264.18,-0.52;-0.00,-0.00,0.00;-0.00,-0.01,0.04;-0.06,-0.02,9.81;0.00,-0.50
118.81100172,31.89294835,9.84;0.73,264.18,-0.52;-0.00,-0.00,0.00;-0.00,-0.01,0.04;-0.06,-0.02,9.81;0.00,-0.50
118.81100172,31.89294835,9.84;0.73,264.18,-0.52;-0.00,-0.00,0.00;-0.00,-0.01,0.04;-0.06,-0.02,9.81;0.00,-0.50
118.81100172,31.89294835,9.84;0.73,264.18,-0.52;-0.00,-0.00,0.00;-0.00,-0.01,0.04;-0.06,-0.02,9.81;0.00,-0.50
118.81100172,31.89294835,9.84;0.73,264.18,-0.52;-0.00,-0.00,0.00;-0.00,-0.01,0.04;-0.06,-0.02,9.81;0.00,-0.50
118.81100172,31.89294835,9.84;0.73,264.18,-0.52;-0.00,-0.00,0.00;-0.00,-0.01,0.04;-0.06,-0.02,9.81;0.00,-0.50
118.81100172,31.89294835,9.84;0.73,264.18,-0.52;-0.00,-0.00,0.00;-0.00,-0.01,0.04;-0.06,-0.02,9.81;0.00,-0.50
118.81100172,31.89294835,9.84;0.73,264.18,-0.52;-0.00,-0.00,0.00;-0.03,-0.07,0.05;-0.05,-0.02,9.81;0.00,-0.50
118.81100172,31.89294835,9.84;0.73,264.18,-0.52;-0.00,-0.00,0.00;-0.03,-0.07,0.05;-0.05,-0.02,9.81;0.00,-0.50
118.81100183,31.89294834,9.85;0.73,264.20,-0.53;0.00,0.02,0.00;-0.03,-0.07,0.05;-0.05,-0.02,9.81;0.00,-0.50
118.81100183,31.89294834,9.85;0.73,264.20,-0.53;0.00,0.02,0.00;-0.03,-0.07,0.05;-0.05,-0.02,9.81;0.00,-0.50
118.81100183,31.89294834,9.85;0.73,264.20,-0.53;0.00,0.02,0.00;-0.03,-0.07,0.05;-0.05,-0.02,9.81;0.00,-0.50
118.81100183,31.89294834,9.85;0.73,264.20,-0.53;0.00,0.02,0.00;-0.03,-0.07,0.05;-0.05,-0.02,9.81;0.00,-0.10
118.81100183,31.89294834,9.85;0.73,264.20,-0.53;0.00,0.02,0.00;-0.03,-0.07,0.05;-0.05,-0.02,9.81;0.00,0.00
118.81100183,31.89294834,9.85;0.73,264.20,-0.53;0.00,0.02,0.00;-0.03,-0.07,0.05;-0.05,-0.02,9.81;0.00,0.10
118.81100183,31.89294834,9.85;0.73,264.20,-0.53;0.00,0.02,0.00;-0.03,-0.07,0.05;-0.05,-0.02,9.81;0.00,0.20
118.81100183,31.89294834,9.85;0.73,264.20,-0.53;0.00,0.02,0.00;-0.03,-0.07,0.05;-0.05,-0.02,9.81;0.00,0.30
118.81100183,31.89294834,9.85;0.73,264.20,-0.53;0.00,0.02,0.00;-0.03,-0.07,0.05;-0.05,-0.02,9.81;0.00,0.40
118.81100183,31.89294834,9.85;0.73,264.20,-0.53;0.00,0.02,0.00;-0.03,-0.07,0.05;-0.05,-0.02,9.81;0.00,0.60
118.81100183,31.89294834,9.85;0.73,264.20,-0.53;0.00,0.02,0.00;-0.03,-0.07,0.05;-0.05,-0.02,9.81;0.00,1.60
118.81100183,31.89294834,9.85;0.73,264.20,-0.53;0.00,0.02,0.00;-0.03,-0.07,0.05;-0.05,-0.02,9.81;0.00,1.60
118.81100183,31.89294834,9.85;0.73,264.20,-0.53;0.00,0.02,0.00;0.03,-0.05,0.09;-0.03,0.15,9.85;0.00,1.60
118.81100183,31.89294834,9.85;0.73,264.20,-0.53;0.00,0.02,0.00;0.29,-0.12,0.11;0.03,0.42,9.85;0.00,1.60
118.81100195,31.89294833,9.85;0.73,264.20,-0.49;-0.00,-0.05,-0.00;0.29,-0.12,0.11;0.03,0.42,9.85;0.00,1.60
118.81100195,31.89294833,9.85;0.73,264.20,-0.49;-0.00,-0.05,-0.00;0.29,-0.12,0.11;0.03,0.42,9.85;0.00,1.60
118.81100195,31.89294833,9.85;0.73,264.20,-0.49;-0.00,-0.05,-0.00;0.29,-0.12,0.11;0.03,0.42,9.85;0.00,1.60
118.81100195,31.89294833,9.85;0.73,264.20,-0.49;-0.00,-0.05,-0.00;0.29,-0.12,0.11;0.03,0.42,9.85;0.00,1.60
118.81100195,31.89294833,9.85;0.73,264.20,-0.49;-0.00,-0.05,-0.00;0.29,-0.12,0.11;0.03,0.42,9.85;0.01,1.50
118.81100195,31.89294833,9.85;0.73,264.20,-0.49;-0.00,-0.05,-0.00;0.29,-0.12,0.11;0.03,0.42,9.85;0.01,1.60
118.81100195,31.89294833,9.85;0.73,264.20,-0.49;-0.00,-0.05,-0.00;0.29,-0.12,0.11;0.03,0.42,9.85;0.02,1.60
118.81100195,31.89294833,9.85;0.73,264.20,-0.49;-0.00,-0.05,-0.00;0.29,-0.12,0.11;0.03,0.42,9.85;0.02,1.60
118.81100195,31.89294833,9.85;0.73,264.20,-0.49;-0.00,-0.05,-0.00;0.29,-0.12,0.11;0.03,0.42,9.85;0.02,1.50
118.81100195,31.89294833,9.85;0.73,264.20,-0.49;-0.00,-0.05,-0.00;0.29,-0.12,0.11;0.03,0.42,9.85;0.03,1.50
118.81100195,31.89294833,9.85;0.73,264.20,-0.49;-0.00,-0.05,-0.00;0.29,-0.12,0.11;0.03,0.42,9.85;0.32,1.50
118.81100195,31.89294833,9.85;0.73,264.20,-0.49;-0.00,-0.05,-0.00;0.29,-0.12,0.11;0.03,0.42,9.85;0.32,1.40
118.81100195,31.89294833,9.85;0.73,264.20,-0.49;-0.00,-0.05,-0.00;0.29,-0.12,0.11;0.03,0.42,9.85;0.36,1.40
118.81100195,31.89294833,9.85;0.73,264.20,-0.49;-0.00,-0.05,-0.00;0.71,-0.18,0.13;-0.10,1.95,9.81;0.39,1.40
118.81100195,31.89294833,9.85;0.73,264.20,-0.49;-0.00,-0.05,-0.00;0.71,-0.18,0.13;-0.10,1.95,9.81;0.42,1.40
118.81099911,31.89294808,9.86;0.69,264.17,-0.18;-0.09,-0.93,0.02;0.71,-0.18,0.13;-0.10,1.95,9.81;0.44,1.40
118.81099911,31.89294808,9.86;0.69,264.17,-0.18;-0.09,-0.93,0.02;0.71,-0.18,0.13;-0.10,1.95,9.81;0.47,1.40
118.81099911,31.89294808,9.86;0.69,264.17,-0.18;-0.09,-0.93,0.02;0.71,-0.18,0.13;-0.10,1.95,9.81;0.47,1.40
118.81099911,31.89294808,9.86;0.69,264.17,-0.18;-0.09,-0.93,0.02;0.71,-0.18,0.13;-0.10,1.95,9.81;1.00,1.30
118.81099911,31.89294808,9.86;0.69,264.17,-0.18;-0.09,-0.93,0.02;0.71,-0.18,0.13;-0.10,1.95,9.81;1.05,1.20
118.81099911,31.89294808,9.86;0.69,264.17,-0.18;-0.09,-0.93,0.02;0.71,-0.18,0.13;-0.10,1.95,9.81;1.08,1.20
118.81099911,31.89294808,9.86;0.69,264.17,-0.18;-0.09,-0.93,0.02;0.71,-0.18,0.13;-0.10,1.95,9.81;1.14,1.20
118.81099911,31.89294808,9.86;0.69,264.17,-0.18;-0.09,-0.93,0.02;0.71,-0.18,0.13;-0.10,1.95,9.81;1.17,1.20
118.81099911,31.89294808,9.86;0.69,264.17,-0.18;-0.09,-0.93,0.02;0.71,-0.18,0.13;-0.10,1.95,9.81;1.22,1.30
118.81099911,31.89294808,9.86;0.69,264.17,-0.18;-0.09,-0.93,0.02;0.71,-0.18,0.13;-0.10,1.95,9.81;1.66,1.40
118.81099911,31.89294808,9.86;0.69,264.17,-0.18;-0.09,-0.93,0.02;0.71,-0.18,0.13;-0.10,1.95,9.81;1.66,1.40
118.81099911,31.89294808,9.86;0.69,264.17,-0.18;-0.09,-0.93,0.02;0.71,-0.18,0.13;-0.10,1.95,9.81;1.70,1.30
118.81099911,31.89294808,9.86;0.69,264.17,-0.18;-0.09,-0.93,0.02;0.10,0.08,0.15;0.07,1.85,9.89;1.74,1.30
118.81099911,31.89294808,9.86;0.69,264.17,-0.18;-0.09,-0.93,0.02;0.34,0.39,0.18;0.07,1.61,10.11;1.76,1.30
118.81098662,31.89294706,9.87;0.77,264.10,-0.10;-0.20,-2.16,0.03;0.34,0.39,0.18;0.07,1.61,10.11;1.81,1.20
118.81098662,31.89294706,9.87;0.77,264.10,-0.10;-0.20,-2.16,0.03;0.34,0.39,0.18;0.07,1.61,10.11;1.84,1.10
118.81098662,31.89294706,9.87;0.77,264.10,-0.10;-0.20,-2.16,0.03;0.34,0.39,0.18;0.07,1.61,10.11;1.84,1.10
118.81098662,31.89294706,9.87;0.77,264.10,-0.10;-0.20,-2.16,0.03;0.34,0.39,0.18;0.07,1.61,10.11;2.24,1.60
118.81098662,31.89294706,9.87;0.77,264.10,-0.10;-0.20,-2.16,0.03;0.34,0.39,0.18;0.07,1.61,10.11;2.27,1.50
118.81098662,31.89294706,9.87;0.77,264.10,-0.10;-0.20,-2.16,0.03;0.34,0.39,0.18;0.07,1.61,10.11;2.27,1.40
118.81098662,31.89294706,9.87;0.77,264.10,-0.10;-0.20,-2.16,0.03;0.34,0.39,0.18;0.07,1.61,10.11;2.33,1.30
118.81098662,31.89294706,9.87;0.77,264.10,-0.10;-0.20,-2.16,0.03;0.34,0.39,0.18;0.07,1.61,10.11;2.33,1.20
118.81098662,31.89294706,9.87;0.77,264.10,-0.10;-0.20,-2.16,0.03;0.34,0.39,0.18;0.07,1.61,10.11;2.36,1.10
118.81098662,31.89294706,9.87;0.77,264.10,-0.10;-0.20,-2.16,0.03;0.34,0.39,0.18;0.07,1.61,10.11;2.67,0.80
118.81098662,31.89294706,9.87;0.77,264.10,-0.10;-0.20,-2.16,0.03;0.34,0.39,0.18;0.07,1.61,10.11;2.67,0.80
118.81098662,31.89294706,9.87;0.77,264.10,-0.10;-0.20,-2.16,0.03;0.34,0.39,0.18;0.07,1.61,10.11;2.71,0.80
118.81098662,31.89294706,9.87;0.77,264.10,-0.10;-0.20,-2.16,0.03;0.20,-0.35,0.24;-0.10,1.22,9.96;2.72,0.80
118.81098662,31.89294706,9.87;0.77,264.10,-0.10;-0.20,-2.16,0.03;0.55,0.14,0.21;-0.11,1.13,9.81;2.73,0.80
118.81098662,31.89294706,9.87;0.77,264.10,-0.10;-0.20,-2.16,0.03;0.55,0.14,0.21;-0.11,1.13,9.81;2.76,0.80
118.81096766,31.89294546,9.89;0.71,264.00,-0.03;-0.29,-2.93,0.05;0.55,0.14,0.21;-0.11,1.13,9.81;2.80,0.90
118.81096766,31.89294546,9.89;0.71,264.00,-0.03;-0.29,-2.93,0.05;0.55,0.14,0.21;-0.11,1.13,9.81;2.80,0.90
118.81096766,31.89294546,9.89;0.71,264.00,-0.03;-0.29,-2.93,0.05;0.55,0.14,0.21;-0.11,1.13,9.81;3.07,0.60
118.81096766,31.89294546,9.89;0.71,264.00,-0.03;-0.29,-2.93,0.05;0.55,0.14,0.21;-0.11,1.13,9.81;3.09,0.50
118.81096766,31.89294546,9.89;0.71,264.00,-0.03;-0.29,-2.93,0.05;0.55,0.14,0.21;-0.11,1.13,9.81;3.12,0.30
118.81096766,31.89294546,9.89;0.71,264.00,-0.03;-0.29,-2.93,0.05;0.55,0.14,0.21;-0.11,1.13,9.81;3.14,0.20
118.81096766,31.89294546,9.89;0.71,264.00,-0.03;-0.29,-2.93,0.05;0.55,0.14,0.21;-0.11,1.13,9.81;3.16,0.00
118.81096766,31.89294546,9.89;0.71,264.00,-0.03;-0.29,-2.93,0.05;0.55,0.14,0.21;-0.11,1.13,9.81;3.18,-0.20
118.81096766,31.89294546,9.89;0.71,264.00,-0.03;-0.29,-2.93,0.05;0.55,0.14,0.21;-0.11,1.13,9.81;3.44,-3.40
118.81096766,31.89294546,9.89;0.71,264.00,-0.03;-0.29,-2.93,0.05;0.55,0.14,0.21;-0.11,1.13,9.81;3.44,-3.50
118.81096766,31.89294546,9.89;0.71,264.00,-0.03;-0.29,-2.93,0.05;0.55,0.14,0.21;-0.11,1.13,9.81;3.46,-3.50
118.81096766,31.89294546,9.89;0.71,264.00,-0.03;-0.29,-2.93,0.05;0.23,0.02,-0.01;-0.07,1.02,9.69;3.49,-3.50
118.81096766,31.89294546,9.89;0.71,264.00,-0.03;-0.29,-2.93,0.05;0.23,0.02,-0.01;-0.07,1.02,9.69;3.51,-3.40
118.81096766,31.89294546,9.89;0.71,264.00,-0.03;-0.29,-2.93,0.05;0.23,0.02,-0.01;-0.07,1.02,9.69;3.52,-3.40
118.81094147,31.89294323,9.92;0.68,264.02,-0.21;-0.37,-3.69,0.06;0.23,0.02,-0.01;-0.07,1.02,9.69;3.54,-3.40
118.81094147,31.89294323,9.92;0.68,264.02,-0.21;-0.37,-3.69,0.06;0.23,0.02,-0.01;-0.07,1.02,9.69;3.56,-3.40
118.81094147,31.89294323,9.92;0.68,264.02,-0.21;-0.37,-3.69,0.06;0.23,0.02,-0.01;-0.07,1.02,9.69;3.85,-8.10
118.81094147,31.89294323,9.92;0.68,264.02,-0.21;-0.37,-3.69,0.06;0.23,0.02,-0.01;-0.07,1.02,9.69;3.87,-8.60
118.81094147,31.89294323,9.92;0.68,264.02,-0.21;-0.37,-3.69,0.06;0.23,0.02,-0.01;-0.07,1.02,9.69;3.89,-9.10
118.81094147,31.89294323,9.92;0.68,264.02,-0.21;-0.37,-3.69,0.06;0.23,0.02,-0.01;-0.07,1.02,9.69;3.91,-9.50
118.81094147,31.89294323,9.92;0.68,264.02,-0.21;-0.37,-3.69,0.06;0.23,0.02,-0.01;-0.07,1.02,9.69;3.93,-10.00
118.81094147,31.89294323,9.92;0.68,264.02,-0.21;-0.37,-3.69,0.06;0.23,0.02,-0.01;-0.07,1.02,9.69;3.93,-10.20
118.81094147,31.89294323,9.92;0.68,264.02,-0.21;-0.37,-3.69,0.06;0.23,0.02,-0.01;-0.07,1.02,9.69;3.96,-10.60
118.81094147,31.89294323,9.92;0.68,264.02,-0.21;-0.37,-3.69,0.06;0.23,0.02,-0.01;-0.07,1.02,9.69;4.24,-10.90
118.81094147,31.89294323,9.92;0.68,264.02,-0.21;-0.37,-3.69,0.06;0.23,0.02,-0.01;-0.07,1.02,9.69;4.25,-11.00
118.81094147,31.89294323,9.92;0.68,264.02,-0.21;-0.37,-3.69,0.06;0.23,0.02,-0.01;-0.07,1.02,9.69;4.28,-11.00
118.81094147,31.89294323,9.92;0.68,264.02,-0.21;-0.37,-3.69,0.06;-0.09,0.26,-1.05;0.12,1.30,9.43;4.31,-11.00
118.81094147,31.89294323,9.92;0.68,264.02,-0.21;-0.37,-3.69,0.06;-0.09,0.26,-1.05;0.12,1.30,9.43;4.32,-11.00
118.81094147,31.89294323,9.92;0.68,264.02,-0.21;-0.37,-3.69,0.06;-0.09,0.26,-1.05;0.12,1.30,9.43;4.34,-11.10
118.81090924,31.89294066,9.95;0.85,264.68,-0.25;-0.39,-4.44,0.06;-0.09,0.26,-1.05;0.12,1.30,9.43;4.37,-11.00
118.81090924,31.89294066,9.95;0.85,264.68,-0.25;-0.39,-4.44,0.06;-0.09,0.26,-1.05;0.12,1.30,9.43;4.60,-11.10
118.81090924,31.89294066,9.95;0.85,264.68,-0.25;-0.39,-4.44,0.06;-0.09,0.26,-1.05;0.12,1.30,9.43;4.60,-11.10
118.81090924,31.89294066,9.95;0.85,264.68,-0.25;-0.39,-4.44,0.06;-0.09,0.26,-1.05;0.12,1.30,9.43;4.62,-11.20
118.81090924,31.89294066,9.95;0.85,264.68,-0.25;-0.39,-4.44,0.06;-0.09,0.26,-1.05;0.12,1.30,9.43;4.65,-11.20
118.81090924,31.89294066,9.95;0.85,264.68,-0.25;-0.39,-4.44,0.06;-0.09,0.26,-1.05;0.12,1.30,9.43;4.67,-11.20
118.81090924,31.89294066,9.95;0.85,264.68,-0.25;-0.39,-4.44,0.06;-0.09,0.26,-1.05;0.12,1.30,9.43;4.69,-11.30
118.81090924,31.89294066,9.95;0.85,264.68,-0.25;-0.39,-4.44,0.06;-0.09,0.26,-1.05;0.12,1.30,9.43;4.70,-11.20
118.81090924,31.89294066,9.95;0.85,264.68,-0.25;-0.39,-4.44,0.06;-0.09,0.26,-1.05;0.12,1.30,9.43;4.70,-11.20
118.81090924,31.89294066,9.95;0.85,264.68,-0.25;-0.39,-4.44,0.06;-0.09,0.26,-1.05;0.12,1.30,9.43;4.96,-5.80
118.81090924,31.89294066,9.95;0.85,264.68,-0.25;-0.39,-4.44,0.06;-0.09,0.26,-1.05;0.12,1.30,9.43;4.97,-5.10
118.81090924,31.89294066,9.95;0.85,264.68,-0.25;-0.39,-4.44,0.06;-0.50,-0.68,-0.30;-0.08,0.84,10.13;4.99,-4.50
118.81090924,31.89294066,9.95;0.85,264.68,-0.25;-0.39,-4.44,0.06;-0.50,-0.68,-0.30;-0.08,0.84,10.13;4.99,-4.00
118.81090924,31.89294066,9.95;0.85,264.68,-0.25;-0.39,-4.44,0.06;-0.50,-0.68,-0.30;-0.08,0.84,10.13;5.01,-3.70
118.81090924,31.89294066,9.95;0.85,264.68,-0.25;-0.39,-4.44,0.06;-0.50,-0.68,-0.30;-0.08,0.84,10.13;5.02,-3.50
118.81087396,31.89293816,9.98;0.90,265.21,-0.06;-0.40,-5.05,0.05;-0.50,-0.68,-0.30;-0.08,0.84,10.13;5.27,-12.10
118.81087396,31.89293816,9.98;0.90,265.21,-0.06;-0.40,-5.05,0.05;-0.50,-0.68,-0.30;-0.08,0.84,10.13;5.27,-13.30
118.81087396,31.89293816,9.98;0.90,265.21,-0.06;-0.40,-5.05,0.05;-0.50,-0.68,-0.30;-0.08,0.84,10.13;5.28,-14.50
118.81087396,31.89293816,9.98;0.90,265.21,-0.06;-0.40,-5.05,0.05;-0.50,-0.68,-0.30;-0.08,0.84,10.13;5.30,-15.70
118.81087396,31.89293816,9.98;0.90,265.21,-0.06;-0.40,-5.05,0.05;-0.50,-0.68,-0.30;-0.08,0.84,10.13;5.30,-16.30
118.81087396,31.89293816,9.98;0.90,265.21,-0.06;-0.40,-5.05,0.05;-0.50,-0.68,-0.30;-0.08,0.84,10.13;5.31,-17.60
118.81087396,31.89293816,9.98;0.90,265.21,-0.06;-0.40,-5.05,0.05;-0.50,-0.68,-0.30;-0.08,0.84,10.13;5.33,-19.00
118.81087396,31.89293816,9.98;0.90,265.21,-0.06;-0.40,-5.05,0.05;-0.50,-0.68,-0.30;-0.08,0.84,10.13;5.33,-19.00
118.81087396,31.89293816,9.98;0.90,265.21,-0.06;-0.40,-5.05,0.05;-0.50,-0.68,-0.30;-0.08,0.84,10.13;5.56,-31.80
118.81087396,31.89293816,9.98;0.90,265.21,-0.06;-0.40,-5.05,0.05;-0.50,-0.68,-0.30;-0.08,0.84,10.13;5.58,-32.20
118.81087396,31.89293816,9.98;0.90,265.21,-0.06;-0.40,-5.05,0.05;-0.15,-0.87,-4.53;0.13,0.43,9.98;5.60,-32.50
118.81087396,31.89293816,9.98;0.90,265.21,-0.06;-0.40,-5.05,0.05;-0.15,-0.87,-4.53;0.13,0.43,9.98;5.61,-32.70
118.81087396,31.89293816,9.98;0.90,265.21,-0.06;-0.40,-5.05,0.05;-0.15,-0.87,-4.53;0.13,0.43,9.98;5.62,-32.90
118.81087396,31.89293816,9.98;0.90,265.21,-0.06;-0.40,-5.05,0.05;-0.15,-0.87,-4.53;0.13,0.43,9.98;5.64,-32.90
118.81083134,31.89293586,10.05;0.87,267.73,0.06;-0.20,-5.64,0.05;-0.15,-0.87,-4.53;0.13,0.43,9.98;5.83,-28.70
118.81083134,31.89293586,10.05;0.87,267.73,0.06;-0.20,-5.64,0.05;-0.15,-0.87,-4.53;0.13,0.43,9.98;5.83,-28.10
118.81083134,31.89293586,10.05;0.87,267.73,0.06;-0.20,-5.64,0.05;-0.15,-0.87,-4.53;0.13,0.43,9.98;5.85,-27.50
118.81083134,31.89293586,10.05;0.87,267.73,0.06;-0.20,-5.64,0.05;-0.15,-0.87,-4.53;0.13,0.43,9.98;5.87,-26.90
118.81083134,31.89293586,10.05;0.87,267.73,0.06;-0.20,-5.64,0.05;-0.15,-0.87,-4.53;0.13,0.43,9.98;5.88,-26.50
118.81083134,31.89293586,10.05;0.87,267.73,0.06;-0.20,-5.64,0.05;-0.15,-0.87,-4.53;0.13,0.43,9.98;5.89,-25.70
118.81083134,31.89293586,10.05;0.87,267.73,0.06;-0.20,-5.64,0.05;-0.15,-0.87,-4.53;0.13,0.43,9.98;5.90,-24.80
118.81083134,31.89293586,10.05;0.87,267.73,0.06;-0.20,-5.64,0.05;-0.15,-0.87,-4.53;0.13,0.43,9.98;5.91,-23.70
118.81083134,31.89293586,10.05;0.87,267.73,0.06;-0.20,-5.64,0.05;-0.15,-0.87,-4.53;0.13,0.43,9.98;6.09,-1.10
118.81083134,31.89293586,10.05;0.87,267.73,0.06;-0.20,-5.64,0.05;-0.15,-0.87,-4.53;0.13,0.43,9.98;6.10,0.80
118.81083134,31.89293586,10.05;0.87,267.73,0.06;-0.20,-5.64,0.05;-0.07,0.49,1.20;-0.12,0.90,10.25;6.11,2.70
118.81083134,31.89293586,10.05;0.87,267.73,0.06;-0.20,-5.64,0.05;-0.07,0.49,1.20;-0.12,0.90,10.25;6.12,4.30
118.81083134,31.89293586,10.05;0.87,267.73,0.06;-0.20,-5.64,0.05;-0.07,0.49,1.20;-0.12,0.90,10.25;6.14,5.80
118.81083134,31.89293586,10.05;0.87,267.73,0.06;-0.20,-5.64,0.05;-0.07,0.49,1.20;-0.12,0.90,10.25;6.14,6.40
118.81083134,31.89293586,10.05;0.87,267.73,0.06;-0.20,-5.64,0.05;-0.07,0.49,1.20;-0.12,0.90,10.25;6.15,7.60
118.81078790,31.89293502,10.11;0.83,268.29,0.13;-0.16,-6.09,0.11;-0.07,0.49,1.20;-0.12,0.90,10.25;6.31,12.70
118.81078790,31.89293502,10.11;0.83,268.29,0.13;-0.16,-6.09,0.11;-0.07,0.49,1.20;-0.12,0.90,10.25;6.32,12.80
118.81078790,31.89293502,10.11;0.83,268.29,0.13;-0.16,-6.09,0.11;-0.07,0.49,1.20;-0.12,0.90,10.25;6.33,13.00
118.81078790,31.89293502,10.11;0.83,268.29,0.13;-0.16,-6.09,0.11;-0.07,0.49,1.20;-0.12,0.90,10.25;6.34,13.40
118.81078790,31.89293502,10.11;0.83,268.29,0.13;-0.16,-6.09,0.11;-0.07,0.49,1.20;-0.12,0.90,10.25;6.35,13.70
118.81078790,31.89293502,10.11;0.83,268.29,0.13;-0.16,-6.09,0.11;-0.07,0.49,1.20;-0.12,0.90,10.25;6.36,14.20
118.81078790,31.89293502,10.11;0.83,268.29,0.13;-0.16,-6.09,0.11;-0.07,0.49,1.20;-0.12,0.90,10.25;6.38,14.80
118.81078790,31.89293502,10.11;0.83,268.29,0.13;-0.16,-6.09,0.11;-0.07,0.49,1.20;-0.12,0.90,10.25;6.52,26.50
118.81078790,31.89293502,10.11;0.83,268.29,0.13;-0.16,-6.09,0.11;-0.07,0.49,1.20;-0.12,0.90,10.25;6.52,27.50
118.81078790,31.89293502,10.11;0.83,268.29,0.13;-0.16,-6.09,0.11;-0.07,0.49,1.20;-0.12,0.90,10.25;6.53,28.50
118.81078790,31.89293502,10.11;0.83,268.29,0.13;-0.16,-6.09,0.11;-0.86,-0.78,5.27;-0.65,0.61,10.42;6.55,29.40
118.81078790,31.89293502,10.11;0.83,268.29,0.13;-0.16,-6.09,0.11;-0.86,-0.78,5.27;-0.65,0.61,10.42;6.55,29.80
118.81078790,31.89293502,10.11;0.83,268.29,0.13;-0.16,-6.09,0.11;-0.86,-0.78,5.27;-0.65,0.61,10.42;6.57,30.70
118.81078790,31.89293502,10.11;0.83,268.29,0.13;-0.16,-6.09,0.11;-0.86,-0.78,5.27;-0.65,0.61,10.42;6.58,31.40
118.81073803,31.89293311,10.19;0.77,265.55,-0.02;-0.47,-6.47,0.14;-0.86,-0.78,5.27;-0.65,0.61,10.42;6.59,32.10
118.81073803,31.89293311,10.19;0.77,265.55,-0.02;-0.47,-6.47,0.14;-0.86,-0.78,5.27;-0.65,0.61,10.42;6.72,22.30
118.81073803,31.89293311,10.19;0.77,265.55,-0.02;-0.47,-6.47,0.14;-0.86,-0.78,5.27;-0.65,0.61,10.42;6.72,20.60
118.81073803,31.89293311,10.19;0.77,265.55,-0.02;-0.47,-6.47,0.14;-0.86,-0.78,5.27;-0.65,0.61,10.42;6.73,18.80
118.81073803,31.89293311,10.19;0.77,265.55,-0.02;-0.47,-6.47,0.14;-0.86,-0.78,5.27;-0.65,0.61,10.42;6.74,16.90
118.81073803,31.89293311,10.19;0.77,265.55,-0.02;-0.47,-6.47,0.14;-0.86,-0.78,5.27;-0.65,0.61,10.42;6.74,15.00
118.81073803,31.89293311,10.19;0.77,265.55,-0.02;-0.47,-6.47,0.14;-0.86,-0.78,5.27;-0.65,0.61,10.42;6.75,13.90
118.81073803,31.89293311,10.19;0.77,265.55,-0.02;-0.47,-6.47,0.14;-0.86,-0.78,5.27;-0.65,0.61,10.42;6.75,12.00
118.81073803,31.89293311,10.19;0.77,265.55,-0.02;-0.47,-6.47,0.14;-0.86,-0.78,5.27;-0.65,0.61,10.42;6.88,-7.20
118.81073803,31.89293311,10.19;0.77,265.55,-0.02;-0.47,-6.47,0.14;-0.86,-0.78,5.27;-0.65,0.61,10.42;6.89,-7.90
118.81073803,31.89293311,10.19;0.77,265.55,-0.02;-0.47,-6.47,0.14;-1.20,0.44,-1.61;0.40,0.42,9.91;6.90,-9.10
118.81073803,31.89293311,10.19;0.77,265.55,-0.02;-0.47,-6.47,0.14;-1.20,0.44,-1.61;0.40,0.42,9.91;6.91,-10.00
118.81073803,31.89293311,10.19;0.77,265.55,-0.02;-0.47,-6.47,0.14;-1.20,0.44,-1.61;0.40,0.42,9.91;6.92,-10.70
118.81073803,31.89293311,10.19;0.77,265.55,-0.02;-0.47,-6.47,0.14;-1.20,0.44,-1.61;0.40,0.42,9.91;6.92,-11.20
118.81073803,31.89293311,10.19;0.77,265.55,-0.02;-0.47,-6.47,0.14;-1.20,0.44,-1.61;0.40,0.42,9.91;6.94,-11.50
118.81068915,31.89292968,10.26;0.64,265.42,0.13;-0.52,-6.74,0.14;-1.20,0.44,-1.61;0.40,0.42,9.91;7.02,-15.10
118.81068915,31.89292968,10.26;0.64,265.42,0.13;-0.52,-6.74,0.14;-1.20,0.44,-1.61;0.40,0.42,9.91;7.02,-16.00
118.81068915,31.89292968,10.26;0.64,265.42,0.13;-0.52,-6.74,0.14;-1.20,0.44,-1.61;0.40,0.42,9.91;7.02,-17.00
118.81068915,31.89292968,10.26;0.64,265.42,0.13;-0.52,-6.74,0.14;-1.20,0.44,-1.61;0.40,0.42,9.91;7.03,-18.10
118.81068915,31.89292968,10.26;0.64,265.42,0.13;-0.52,-6.74,0.14;-1.20,0.44,-1.61;0.40,0.42,9.91;7.05,-18.80
118.81068915,31.89292968,10.26;0.64,265.42,0.13;-0.52,-6.74,0.14;-1.20,0.44,-1.61;0.40,0.42,9.91;7.06,-20.10
118.81068915,31.89292968,10.26;0.64,265.42,0.13;-0.52,-6.74,0.14;-1.20,0.44,-1.61;0.40,0.42,9.91;7.06,-21.60
118.81068915,31.89292968,10.26;0.64,265.42,0.13;-0.52,-6.74,0.14;-1.20,0.44,-1.61;0.40,0.42,9.91;7.06,-21.60
118.81068915,31.89292968,10.26;0.64,265.42,0.13;-0.52,-6.74,0.14;-1.20,0.44,-1.61;0.40,0.42,9.91;7.11,-37.10
118.81068915,31.89292968,10.26;0.64,265.42,0.13;-0.52,-6.74,0.14;1.24,-0.24,-6.45;0.72,0.23,9.13;7.12,-37.90
118.81068915,31.89292968,10.26;0.64,265.42,0.13;-0.52,-6.74,0.14;1.24,-0.24,-6.45;0.72,0.23,9.13;7.12,-38.40
118.81068915,31.89292968,10.26;0.64,265.42,0.13;-0.52,-6.74,0.14;1.24,-0.24,-6.45;0.72,0.23,9.13;7.12,-38.80
118.81068915,31.89292968,10.26;0.64,265.42,0.13;-0.52,-6.74,0.14;1.24,-0.24,-6.45;0.72,0.23,9.13;7.13,-39.10
118.81068915,31.89292968,10.26;0.64,265.42,0.13;-0.52,-6.74,0.14;1.24,-0.24,-6.45;0.72,0.23,9.13;7.13,-39.10
118.81063506,31.89292736,10.37;0.41,269.16,0.17;-0.09,-6.90,0.11;1.24,-0.24,-6.45;0.72,0.23,9.13;7.18,-39.10
118.81063506,31.89292736,10.37;0.41,269.16,0.17;-0.09,-6.90,0.11;1.24,-0.24,-6.45;0.72,0.23,9.13;7.18,-31.50
118.81063506,31.89292736,10.37;0.41,269.16,0.17;-0.09,-6.90,0.11;1.24,-0.24,-6.45;0.72,0.23,9.13;7.19,-30.60
118.81063506,31.89292736,10.37;0.41,269.16,0.17;-0.09,-6.90,0.11;1.24,-0.24,-6.45;0.72,0.23,9.13;7.19,-29.60
118.81063506,31.89292736,10.37;0.41,269.16,0.17;-0.09,-6.90,0.11;1.24,-0.24,-6.45;0.72,0.23,9.13;7.19,-29.10
118.81063506,31.89292736,10.37;0.41,269.16,0.17;-0.09,-6.90,0.11;1.24,-0.24,-6.45;0.72,0.23,9.13;7.20,-28.00
118.81063506,31.89292736,10.37;0.41,269.16,0.17;-0.09,-6.90,0.11;1.24,-0.24,-6.45;0.72,0.23,9.13;7.20,-26.80
118.81063506,31.89292736,10.37;0.41,269.16,0.17;-0.09,-6.90,0.11;1.24,-0.24,-6.45;0.72,0.23,9.13;7.20,-26.80
118.81063506,31.89292736,10.37;0.41,269.16,0.17;-0.09,-6.90,0.11;1.24,-0.24,-6.45;0.72,0.23,9.13;7.24,-8.20
118.81063506,31.89292736,10.37;0.41,269.16,0.17;-0.09,-6.90,0.11;1.64,0.27,-5.67;0.84,0.52,9.42;7.25,-6.90
118.81063506,31.89292736,10.37;0.41,269.16,0.17;-0.09,-6.90,0.11;1.28,0.88,-0.10;0.22,0.22,9.17;7.25,-5.50
118.81063506,31.89292736,10.37;0.41,269.16,0.17;-0.09,-6.90,0.11;1.28,0.88,-0.10;0.22,0.22,9.17;7.26,-4.20
118.81063506,31.89292736,10.37;0.41,269.16,0.17;-0.09,-6.90,0.11;1.28,0.88,-0.10;0.22,0.22,9.17;7.26,-2.90
118.81063506,31.89292736,10.37;0.41,269.16,0.17;-0.09,-6.90,0.11;1.28,0.88,-0.10;0.22,0.22,9.17;7.27,-1.60
118.81063506,31.89292736,10.37;0.41,269.16,0.17;-0.09,-6.90,0.11;1.28,0.88,-0.10;0.22,0.22,9.17;7.30,6.30
118.81058363,31.89292780,10.47;0.66,270.40,0.21;0.09,-7.03,0.15;1.28,0.88,-0.10;0.22,0.22,9.17;7.30,6.30
118.81058363,31.89292780,10.47;0.66,270.40,0.21;0.09,-7.03,0.15;1.28,0.88,-0.10;0.22,0.22,9.17;7.31,6.20
118.81058363,31.89292780,10.47;0.66,270.40,0.21;0.09,-7.03,0.15;1.28,0.88,-0.10;0.22,0.22,9.17;7.31,6.10
118.81058363,31.89292780,10.47;0.66,270.40,0.21;0.09,-7.03,0.15;1.28,0.88,-0.10;0.22,0.22,9.17;7.31,6.10
118.81058363,31.89292780,10.47;0.66,270.40,0.21;0.09,-7.03,0.15;1.28,0.88,-0.10;0.22,0.22,9.17;7.31,6.00
118.81058363,31.89292780,10.47;0.66,270.40,0.21;0.09,-7.03,0.15;1.28,0.88,-0.10;0.22,0.22,9.17;7.31,5.90
118.81058363,31.89292780,10.47;0.66,270.40,0.21;0.09,-7.03,0.15;1.28,0.88,-0.10;0.22,0.22,9.17;7.31,5.80
118.81058363,31.89292780,10.47;0.66,270.40,0.21;0.09,-7.03,0.15;1.28,0.88,-0.10;0.22,0.22,9.17;7.31,5.60
118.81058363,31.89292780,10.47;0.66,270.40,0.21;0.09,-7.03,0.15;1.28,0.88,-0.10;0.22,0.22,9.17;7.36,5.80
118.81058363,31.89292780,10.47;0.66,270.40,0.21;0.09,-7.03,0.15;-0.66,0.84,1.15;-0.08,0.38,10.39;7.36,6.10
118.81058363,31.89292780,10.47;0.66,270.40,0.21;0.09,-7.03,0.15;-0.66,0.84,1.15;-0.08,0.38,10.39;7.37,6.30
118.81058363,31.89292780,10.47;0.66,270.40,0.21;0.09,-7.03,0.15;-0.66,0.84,1.15;-0.08,0.38,10.39;7.37,6.60
118.81058363,31.89292780,10.47;0.66,270.40,0.21;0.09,-7.03,0.15;-0.66,0.84,1.15;-0.08,0.38,10.39;7.37,6.80
118.81058363,31.89292780,10.47;0.66,270.40,0.21;0.09,-7.03,0.15;-0.66,0.84,1.15;-0.08,0.38,10.39;7.38,7.10
118.81052755,31.89292805,10.60;0.64,269.53,0.11;-0.03,-7.13,0.15;-0.66,0.84,1.15;-0.08,0.38,10.39;7.41,9.60
118.81052755,31.89292805,10.60;0.64,269.53,0.11;-0.03,-7.13,0.15;-0.66,0.84,1.15;-0.08,0.38,10.39;7.41,9.80
118.81052755,31.89292805,10.60;0.64,269.53,0.11;-0.03,-7.13,0.15;-0.66,0.84,1.15;-0.08,0.38,10.39;7.41,10.00
118.81052755,31.89292805,10.60;0.64,269.53,0.11;-0.03,-7.13,0.15;-0.66,0.84,1.15;-0.08,0.38,10.39;7.42,10.40
118.81052755,31.89292805,10.60;0.64,269.53,0.11;-0.03,-7.13,0.15;-0.66,0.84,1.15;-0.08,0.38,10.39;7.42,10.80
118.81052755,31.89292805,10.60;0.64,269.53,0.11;-0.03,-7.13,0.15;-0.66,0.84,1.15;-0.08,0.38,10.39;7.43,11.20
118.81052755,31.89292805,10.60;0.64,269.53,0.11;-0.03,-7.13,0.15;-0.66,0.84,1.15;-0.08,0.38,10.39;7.43,11.60
118.81052755,31.89292805,10.60;0.64,269.53,0.11;-0.03,-7.13,0.15;-0.66,0.84,1.15;-0.08,0.38,10.39;7.47,18.30
118.81052755,31.89292805,10.60;0.64,269.53,0.11;-0.03,-7.13,0.15;-0.66,0.84,1.15;-0.08,0.38,10.39;7.47,19.00
118.81052755,31.89292805,10.60;0.64,269.53,0.11;-0.03,-7.13,0.15;0.92,1.26,3.71;-0.25,0.38,9.27;7.47,19.80
118.81052755,31.89292805,10.60;0.64,269.53,0.11;-0.03,-7.13,0.15;0.92,1.26,3.71;-0.25,0.38,9.27;7.47,20.60
118.81052755,31.89292805,10.60;0.64,269.53,0.11;-0.03,-7.13,0.15;0.92,1.26,3.71;-0.25,0.38,9.27;7.47,21.10
118.81052755,31.89292805,10.60;0.64,269.53,0.11;-0.03,-7.13,0.15;0.92,1.26,3.71;-0.25,0.38,9.27;7.47,22.10
118.81052755,31.89292805,10.60;0.64,269.53,0.11;-0.03,-7.13,0.15;0.92,1.26,3.71;-0.25,0.38,9.27;7.47,23.00
118.81052755,31.89292805,10.60;0.64,269.53,0.11;-0.03,-7.13,0.15;0.92,1.26,3.71;-0.25,0.38,9.27;7.47,23.00
118.81047449,31.89292729,10.71;0.90,267.09,0.11;-0.28,-7.17,0.13;0.92,1.26,3.71;-0.25,0.38,9.27;7.55,34.70
118.81047449,31.89292729,10.71;0.90,267.09,0.11;-0.28,-7.17,0.13;0.92,1.26,3.71;-0.25,0.38,9.27;7.51,35.60
118.81047449,31.89292729,10.71;0.90,267.09,0.11;-0.28,-7.17,0.13;0.92,1.26,3.71;-0.25,0.38,9.27;7.51,36.40
118.81047449,31.89292729,10.71;0.90,267.09,0.11;-0.28,-7.17,0.13;0.92,1.26,3.71;-0.25,0.38,9.27;7.52,37.00
118.81047449,31.89292729,10.71;0.90,267.09,0.11;-0.28,-7.17,0.13;0.92,1.26,3.71;-0.25,0.38,9.27;7.50,37.60
118.81047449,31.89292729,10.71;0.90,267.09,0.11;-0.28,-7.17,0.13;0.92,1.26,3.71;-0.25,0.38,9.27;7.51,38.30
118.81047449,31.89292729,10.71;0.90,267.09,0.11;-0.28,-7.17,0.13;0.92,1.26,3.71;-0.25,0.38,9.27;7.63,38.30
118.81047449,31.89292729,10.71;0.90,267.09,0.11;-0.28,-7.17,0.13;0.92,1.26,3.71;-0.25,0.38,9.27;7.63,55.60
118.81047449,31.89292729,10.71;0.90,267.09,0.11;-0.28,-7.17,0.13;4.09,2.40,10.59;-0.24,3.23,8.77;7.67,58.00
118.81047449,31.89292729,10.71;0.90,267.09,0.11;-0.28,-7.17,0.13;3.88,0.18,11.84;-1.10,0.66,9.21;7.66,60.70
118.81047449,31.89292729,10.71;0.90,267.09,0.11;-0.28,-7.17,0.13;3.88,0.18,11.84;-1.10,0.66,9.21;7.70,62.20
118.81047449,31.89292729,10.71;0.90,267.09,0.11;-0.28,-7.17,0.13;3.88,0.18,11.84;-1.10,0.66,9.21;7.67,65.30
118.81047449,31.89292729,10.71;0.90,267.09,0.11;-0.28,-7.17,0.13;3.88,0.18,11.84;-1.10,0.66,9.21;7.68,68.40
118.81047449,31.89292729,10.71;0.90,267.09,0.11;-0.28,-7.17,0.13;3.88,0.18,11.84;-1.10,0.66,9.21;7.68,68.40
118.81041613,31.89292228,10.80;0.74,258.60,0.71;-1.40,-7.62,0.16;3.88,0.18,11.84;-1.10,0.66,9.21;7.95,89.30
118.81041613,31.89292228,10.80;0.74,258.60,0.71;-1.40,-7.62,0.16;3.88,0.18,11.84;-1.10,0.66,9.21;7.98,88.70
118.81041613,31.89292228,10.80;0.74,258.60,0.71;-1.40,-7.62,0.16;3.88,0.18,11.84;-1.10,0.66,9.21;8.00,87.70
118.81041613,31.89292228,10.80;0.74,258.60,0.71;-1.40,-7.62,0.16;3.88,0.18,11.84;-1.10,0.66,9.21;8.02,86.30
118.81041613,31.89292228,10.80;0.74,258.60,0.71;-1.40,-7.62,0.16;3.88,0.18,11.84;-1.10,0.66,9.21;8.03,84.40
118.81041613,31.89292228,10.80;0.74,258.60,0.71;-1.40,-7.62,0.16;3.88,0.18,11.84;-1.10,0.66,9.21;8.05,81.90
118.81041613,31.89292228,10.80;0.74,258.60,0.71;-1.40,-7.62,0.16;3.88,0.18,11.84;-1.10,0.66,9.21;8.27,17.10
118.81041613,31.89292228,10.80;0.74,258.60,0.71;-1.40,-7.62,0.16;3.88,0.18,11.84;-1.10,0.66,9.21;8.27,10.50
118.81041613,31.89292228,10.80;0.74,258.60,0.71;-1.40,-7.62,0.16;3.88,0.18,11.84;-1.10,0.66,9.21;8.29,4.20
118.81041613,31.89292228,10.80;0.74,258.60,0.71;-1.40,-7.62,0.16;0.32,-2.45,-2.21;-0.01,1.15,9.80;8.31,-2.20
118.81041613,31.89292228,10.80;0.74,258.60,0.71;-1.40,-7.62,0.16;0.32,-2.45,-2.21;-0.01,1.15,9.80;8.32,-5.20
118.81041613,31.89292228,10.80;0.74,258.60,0.71;-1.40,-7.62,0.16;0.32,-2.45,-2.21;-0.01,1.15,9.80;8.34,-11.70
118.81041613,31.89292228,10.80;0.74,258.60,0.71;-1.40,-7.62,0.16;0.32,-2.45,-2.21;-0.01,1.15,9.80;8.36,-18.20
118.81041613,31.89292228,10.80;0.74,258.60,0.71;-1.40,-7.62,0.16;0.32,-2.45,-2.21;-0.01,1.15,9.80;8.39,-24.60
118.81041613,31.89292228,10.80;0.74,258.60,0.71;-1.40,-7.62,0.16;0.32,-2.45,-2.21;-0.01,1.15,9.80;8.39,-98.90
118.81035414,31.89290925,10.94;-1.06,258.82,0.63;-1.74,-8.15,0.20;0.32,-2.45,-2.21;-0.01,1.15,9.80;8.64,-103.60
118.81035414,31.89290925,10.94;-1.06,258.82,0.63;-1.74,-8.15,0.20;0.32,-2.45,-2.21;-0.01,1.15,9.80;8.64,-108.30
118.81035414,31.89290925,10.94;-1.06,258.82,0.63;-1.74,-8.15,0.20;0.32,-2.45,-2.21;-0.01,1.15,9.80;8.67,-112.70
118.81035414,31.89290925,10.94;-1.06,258.82,0.63;-1.74,-8.15,0.20;0.32,-2.45,-2.21;-0.01,1.15,9.80;8.67,-117.00
118.81035414,31.89290925,10.94;-1.06,258.82,0.63;-1.74,-8.15,0.20;0.32,-2.45,-2.21;-0.01,1.15,9.80;8.59,-120.90
118.81035414,31.89290925,10.94;-1.06,258.82,0.63;-1.74,-8.15,0.20;0.32,-2.45,-2.21;-0.01,1.15,9.80;8.59,-122.70
118.81035414,31.89290925,10.94;-1.06,258.82,0.63;-1.74,-8.15,0.20;0.32,-2.45,-2.21;-0.01,1.15,9.80;8.74,-106.90
118.81035414,31.89290925,10.94;-1.06,258.82,0.63;-1.74,-8.15,0.20;0.32,-2.45,-2.21;-0.01,1.15,9.80;8.74,-103.40
118.81035414,31.89290925,10.94;-1.06,258.82,0.63;-1.74,-8.15,0.20;-2.71,4.23,-18.62;3.79,1.26,9.86;8.76,-97.40
118.81035414,31.89290925,10.94;-1.06,258.82,0.63;-1.74,-8.15,0.20;-2.71,4.23,-18.62;3.79,1.26,9.86;8.77,-89.30
118.81035414,31.89290925,10.94;-1.06,258.82,0.63;-1.74,-8.15,0.20;-2.71,4.23,-18.62;3.79,1.26,9.86;8.79,-81.00
118.81035414,31.89290925,10.94;-1.06,258.82,0.63;-1.74,-8.15,0.20;-2.71,4.23,-18.62;3.79,1.26,9.86;8.80,-72.20
118.81035414,31.89290925,10.94;-1.06,258.82,0.63;-1.74,-8.15,0.20;-2.71,4.23,-18.62;3.79,1.26,9.86;8.83,-64.20
118.81035414,31.89290925,10.94;-1.06,258.82,0.63;-1.74,-8.15,0.20;-2.71,4.23,-18.62;3.79,1.26,9.86;9.11,5.00
118.81035414,31.89290925,10.94;-1.06,258.82,0.63;-1.74,-8.15,0.20;-2.71,4.23,-18.62;3.79,1.26,9.86;9.11,8.50
118.81029084,31.89290550,11.10;0.58,269.54,0.75;0.04,-8.86,0.21;-2.71,4.23,-18.62;3.79,1.26,9.86;9.14,11.30
118.81029084,31.89290550,11.10;0.58,269.54,0.75;0.04,-8.86,0.21;-2.71,4.23,-18.62;3.79,1.26,9.86;9.16,13.70
118.81029084,31.89290550,11.10;0.58,269.54,0.75;0.04,-8.86,0.21;-2.71,4.23,-18.62;3.79,1.26,9.86;9.18,14.70
118.81029084,31.89290550,11.10;0.58,269.54,0.75;0.04,-8.86,0.21;-2.71,4.23,-18.62;3.79,1.26,9.86;9.20,16.90
118.81029084,31.89290550,11.10;0.58,269.54,0.75;0.04,-8.86,0.21;-2.71,4.23,-18.62;3.79,1.26,9.86;9.22,19.00
118.81029084,31.89290550,11.10;0.58,269.54,0.75;0.04,-8.86,0.21;-2.71,4.23,-18.62;3.79,1.26,9.86;9.22,19.00
118.81029084,31.89290550,11.10;0.58,269.54,0.75;0.04,-8.86,0.21;-2.71,4.23,-18.62;3.79,1.26,9.86;9.39,45.30
118.81029084,31.89290550,11.10;0.58,269.54,0.75;0.04,-8.86,0.21;1.62,2.64,4.00;-0.66,1.17,10.58;9.39,47.20
118.81029084,31.89290550,11.10;0.58,269.54,0.75;0.04,-8.86,0.21;6.07,6.52,12.03;-1.81,0.80,10.05;9.41,49.20
118.81029084,31.89290550,11.10;0.58,269.54,0.75;0.04,-8.86,0.21;6.07,6.52,12.03;-1.81,0.80,10.05;9.43,51.30
118.81029084,31.89290550,11.10;0.58,269.54,0.75;0.04,-8.86,0.21;6.07,6.52,12.03;-1.81,0.80,10.05;9.46,53.30
118.81029084,31.89290550,11.10;0.58,269.54,0.75;0.04,-8.86,0.21;6.07,6.52,12.03;-1.81,0.80,10.05;9.49,55.30
118.81029084,31.89290550,11.10;0.58,269.54,0.75;0.04,-8.86,0.21;6.07,6.52,12.03;-1.81,0.80,10.05;9.68,55.30
118.81029084,31.89290550,11.10;0.58,269.54,0.75;0.04,-8.86,0.21;6.07,6.52,12.03;-1.81,0.80,10.05;9.68,61.60
118.81021853,31.89290286,11.25;1.27,261.97,0.72;-1.16,-9.25,0.30;6.07,6.52,12.03;-1.81,0.80,10.05;9.70,59.70
118.81021853,31.89290286,11.25;1.27,261.97,0.72;-1.16,-9.25,0.30;6.07,6.52,12.03;-1.81,0.80,10.05;9.72,57.30
118.81021853,31.89290286,11.25;1.27,261.97,0.72;-1.16,-9.25,0.30;6.07,6.52,12.03;-1.81,0.80,10.05;9.73,55.90
118.81021853,31.89290286,11.25;1.27,261.97,0.72;-1.16,-9.25,0.30;6.07,6.52,12.03;-1.81,0.80,10.05;9.74,52.70
118.81021853,31.89290286,11.25;1.27,261.97,0.72;-1.16,-9.25,0.30;6.07,6.52,12.03;-1.81,0.80,10.05;9.75,49.20
118.81021853,31.89290286,11.25;1.27,261.97,0.72;-1.16,-9.25,0.30;6.07,6.52,12.03;-1.81,0.80,10.05;9.75,49.20
118.81021853,31.89290286,11.25;1.27,261.97,0.72;-1.16,-9.25,0.30;6.07,6.52,12.03;-1.81,0.80,10.05;9.86,-11.20
118.81021853,31.89290286,11.25;1.27,261.97,0.72;-1.16,-9.25,0.30;-2.53,-6.41,-5.42;1.02,0.55,9.27;9.87,-15.70
118.81021853,31.89290286,11.25;1.27,261.97,0.72;-1.16,-9.25,0.30;-2.53,-6.41,-5.42;1.02,0.55,9.27;9.88,-20.10
118.81021853,31.89290286,11.25;1.27,261.97,0.72;-1.16,-9.25,0.30;-2.53,-6.41,-5.42;1.02,0.55,9.27;9.87,-24.40
118.81021853,31.89290286,11.25;1.27,261.97,0.72;-1.16,-9.25,0.30;-2.53,-6.41,-5.42;1.02,0.55,9.27;9.87,-28.50
118.81021853,31.89290286,11.25;1.27,261.97,0.72;-1.16,-9.25,0.30;-2.53,-6.41,-5.42;1.02,0.55,9.27;9.87,-32.80
118.81021853,31.89290286,11.25;1.27,261.97,0.72;-1.16,-9.25,0.30;-2.53,-6.41,-5.42;1.02,0.55,9.27;10.06,-73.80
118.81021853,31.89290286,11.25;1.27,261.97,0.72;-1.16,-9.25,0.30;-2.53,-6.41,-5.42;1.02,0.55,9.27;10.06,-74.90
118.81021853,31.89290286,11.25;1.27,261.97,0.72;-1.16,-9.25,0.30;-2.53,-6.41,-5.42;1.02,0.55,9.27;10.06,-75.30
118.81014902,31.89289380,11.44;-1.10,264.92,1.19;-0.98,-9.63,0.33;-2.53,-6.41,-5.42;1.02,0.55,9.27;10.06,-75.10
118.81014902,31.89289380,11.44;-1.10,264.92,1.19;-0.98,-9.63,0.33;-2.53,-6.41,-5.42;1.02,0.55,9.27;10.09,-74.80
118.81014902,31.89289380,11.44;-1.10,264.92,1.19;-0.98,-9.63,0.33;-2.53,-6.41,-5.42;1.02,0.55,9.27;10.11,-73.60
118.81014902,31.89289380,11.44;-1.10,264.92,1.19;-0.98,-9.63,0.33;-2.53,-6.41,-5.42;1.02,0.55,9.27;10.12,-71.70
118.81014902,31.89289380,11.44;-1.10,264.92,1.19;-0.98,-9.63,0.33;-2.53,-6.41,-5.42;1.02,0.55,9.27;10.15,-69.00
118.81014902,31.89289380,11.44;-1.10,264.92,1.19;-0.98,-9.63,0.33;-2.53,-6.41,-5.42;1.02,0.55,9.27;10.24,-4.40
118.81014902,31.89289380,11.44;-1.10,264.92,1.19;-0.98,-9.63,0.33;-2.53,-6.41,-5.42;1.02,0.55,9.27;10.24,0.90
118.81014902,31.89289380,11.44;-1.10,264.92,1.19;-0.98,-9.63,0.33;4.28,5.34,2.73;0.07,0.76,9.09;10.26,6.10
118.81014902,31.89289380,11.44;-1.10,264.92,1.19;-0.98,-9.63,0.33;4.28,5.34,2.73;0.07,0.76,9.09;10.26,11.30
118.81014902,31.89289380,11.44;-1.10,264.92,1.19;-0.98,-9.63,0.33;4.28,5.34,2.73;0.07,0.76,9.09;10.28,16.20
118.81014902,31.89289380,11.44;-1.10,264.92,1.19;-0.98,-9.63,0.33;4.28,5.34,2.73;0.07,0.76,9.09;10.30,18.60
118.81014902,31.89289380,11.44;-1.10,264.92,1.19;-0.98,-9.63,0.33;4.28,5.34,2.73;0.07,0.76,9.09;10.31,23.30
118.81014902,31.89289380,11.44;-1.10,264.92,1.19;-0.98,-9.63,0.33;4.28,5.34,2.73;0.07,0.76,9.09;10.42,65.80
118.81014902,31.89289380,11.44;-1.10,264.92,1.19;-0.98,-9.63,0.33;4.28,5.34,2.73;0.07,0.76,9.09;10.41,66.50
118.81007084,31.89289012,11.72;0.94,263.50,1.74;-0.93,-10.01,0.44;4.28,5.34,2.73;0.07,0.76,9.09;10.42,67.10
118.81007084,31.89289012,11.72;0.94,263.50,1.74;-0.93,-10.01,0.44;4.28,5.34,2.73;0.07,0.76,9.09;10.44,66.90
118.81007084,31.89289012,11.72;0.94,263.50,1.74;-0.93,-10.01,0.44;4.28,5.34,2.73;0.07,0.76,9.09;10.44,65.70
118.81007084,31.89289012,11.72;0.94,263.50,1.74;-0.93,-10.01,0.44;4.28,5.34,2.73;0.07,0.76,9.09;10.45,63.60
118.81007084,31.89289012,11.72;0.94,263.50,1.74;-0.93,-10.01,0.44;4.28,5.34,2.73;0.07,0.76,9.09;10.46,60.70
118.81007084,31.89289012,11.72;0.94,263.50,1.74;-0.93,-10.01,0.44;4.28,5.34,2.73;0.07,0.76,9.09;10.55,-3.40
118.81007084,31.89289012,11.72;0.94,263.50,1.74;-0.93,-10.01,0.44;4.28,5.34,2.73;0.07,0.76,9.09;10.55,-9.20
118.81007084,31.89289012,11.72;0.94,263.50,1.74;-0.93,-10.01,0.44;-1.29,-6.84,-4.74;0.42,0.94,10.07;10.55,-14.90
118.81007084,31.89289012,11.72;0.94,263.50,1.74;-0.93,-10.01,0.44;-1.29,-6.84,-4.74;0.42,0.94,10.07;10.56,-20.60
118.81007084,31.89289012,11.72;0.94,263.50,1.74;-0.93,-10.01,0.44;-1.29,-6.84,-4.74;0.42,0.94,10.07;10.57,-23.20
118.81007084,31.89289012,11.72;0.94,263.50,1.74;-0.93,-10.01,0.44;-1.29,-6.84,-4.74;0.42,0.94,10.07;10.59,-28.90
118.81007084,31.89289012,11.72;0.94,263.50,1.74;-0.93,-10.01,0.44;-1.29,-6.84,-4.74;0.42,0.94,10.07;10.60,-34.10
118.81007084,31.89289012,11.72;0.94,263.50,1.74;-0.93,-10.01,0.44;-1.29,-6.84,-4.74;0.42,0.94,10.07;10.60,-34.10
118.81007084,31.89289012,11.72;0.94,263.50,1.74;-0.93,-10.01,0.44;-1.29,-6.84,-4.74;0.42,0.94,10.07;10.73,-72.10
118.81007084,31.89289012,11.72;0.94,263.50,1.74;-0.93,-10.01,0.44;-1.29,-6.84,-4.74;0.42,0.94,10.07;10.72,-71.60
118.80999641,31.89288141,12.06;-1.40,266.05,2.33;-0.85,-10.21,0.57;-1.29,-6.84,-4.74;0.42,0.94,10.07;10.73,-70.50
118.80999641,31.89288141,12.06;-1.40,266.05,2.33;-0.85,-10.21,0.57;-1.29,-6.84,-4.74;0.42,0.94,10.07;10.74,-68.70
118.80999641,31.89288141,12.06;-1.40,266.05,2.33;-0.85,-10.21,0.57;-1.29,-6.84,-4.74;0.42,0.94,10.07;10.74,-66.40
118.80999641,31.89288141,12.06;-1.40,266.05,2.33;-0.85,-10.21,0.57;-1.29,-6.84,-4.74;0.42,0.94,10.07;10.75,-63.50
118.80999641,31.89288141,12.06;-1.40,266.05,2.33;-0.85,-10.21,0.57;-1.29,-6.84,-4.74;0.42,0.94,10.07;10.78,-63.50
118.80999641,31.89288141,12.06;-1.40,266.05,2.33;-0.85,-10.21,0.57;-1.29,-6.84,-4.74;0.42,0.94,10.07;10.78,-4.70
118.80999641,31.89288141,12.06;-1.40,266.05,2.33;-0.85,-10.21,0.57;20.27,11.53,-1.27;1.41,1.11,8.87;10.82,-1.00
118.80999641,31.89288141,12.06;-1.40,266.05,2.33;-0.85,-10.21,0.57;9.85,7.99,1.51;0.17,1.58,13.17;10.87,2.10
118.80999641,31.89288141,12.06;-1.40,266.05,2.33;-0.85,-10.21,0.57;9.85,7.99,1.51;0.17,1.58,13.17;10.86,3.30
118.80999641,31.89288141,12.06;-1.40,266.05,2.33;-0.85,-10.21,0.57;9.85,7.99,1.51;0.17,1.58,13.17;10.85,5.50
118.80999641,31.89288141,12.06;-1.40,266.05,2.33;-0.85,-10.21,0.57;9.85,7.99,1.51;0.17,1.58,13.17;10.85,7.10
118.80999641,31.89288141,12.06;-1.40,266.05,2.33;-0.85,-10.21,0.57;9.85,7.99,1.51;0.17,1.58,13.17;10.85,7.10
118.80999641,31.89288141,12.06;-1.40,266.05,2.33;-0.85,-10.21,0.57;9.85,7.99,1.51;0.17,1.58,13.17;10.42,2.40
118.80999641,31.89288141,12.06;-1.40,266.05,2.33;-0.85,-10.21,0.57;9.85,7.99,1.51;0.17,1.58,13.17;10.41,1.50
118.80991557,31.89287912,12.56;0.14,267.80,0.20;-0.39,-10.03,-0.00;9.85,7.99,1.51;0.17,1.58,13.17;10.42,0.80
118.80991557,31.89287912,12.56;0.14,267.80,0.20;-0.39,-10.03,-0.00;9.85,7.99,1.51;0.17,1.58,13.17;10.43,0.20
118.80991557,31.89287912,12.56;0.14,267.80,0.20;-0.39,-10.03,-0.00;9.85,7.99,1.51;0.17,1.58,13.17;10.44,-0.30
118.80991557,31.89287912,12.56;0.14,267.80,0.20;-0.39,-10.03,-0.00;9.85,7.99,1.51;0.17,1.58,13.17;10.45,-0.60
118.80991557,31.89287912,12.56;0.14,267.80,0.20;-0.39,-10.03,-0.00;9.85,7.99,1.51;0.17,1.58,13.17;10.45,-1.20
118.80991557,31.89287912,12.56;0.14,267.80,0.20;-0.39,-10.03,-0.00;9.85,7.99,1.51;0.17,1.58,13.17;10.45,-1.10
118.80991557,31.89287912,12.56;0.14,267.80,0.20;-0.39,-10.03,-0.00;-3.82,-2.40,0.47;0.23,-1.22,4.55;10.43,-1.20
118.80991557,31.89287912,12.56;0.14,267.80,0.20;-0.39,-10.03,-0.00;-4.65,0.51,-0.03;0.09,-0.64,8.86;10.40,-1.40
118.80991557,31.89287912,12.56;0.14,267.80,0.20;-0.39,-10.03,-0.00;-4.65,0.51,-0.03;0.09,-0.64,8.86;10.38,-1.50
118.80991557,31.89287912,12.56;0.14,267.80,0.20;-0.39,-10.03,-0.00;-4.65,0.51,-0.03;0.09,-0.64,8.86;10.36,-1.90
118.80991557,31.89287912,12.56;0.14,267.80,0.20;-0.39,-10.03,-0.00;-4.65,0.51,-0.03;0.09,-0.64,8.86;10.35,-2.20
118.80991557,31.89287912,12.56;0.14,267.80,0.20;-0.39,-10.03,-0.00;-4.65,0.51,-0.03;0.09,-0.64,8.86;10.34,-2.60
118.80991557,31.89287912,12.56;0.14,267.80,0.20;-0.39,-10.03,-0.00;-4.65,0.51,-0.03;0.09,-0.64,8.86;10.34,-9.80
118.80991557,31.89287912,12.56;0.14,267.80,0.20;-0.39,-10.03,-0.00;-4.65,0.51,-0.03;0.09,-0.64,8.86;10.24,-10.40
118.80991557,31.89287912,12.56;0.14,267.80,0.20;-0.39,-10.03,-0.00;-4.65,0.51,-0.03;0.09,-0.64,8.86;10.22,-11.00
118.80984235,31.89287701,12.69;0.18,268.38,-0.43;-0.26,-9.63,0.23;-4.65,0.51,-0.03;0.09,-0.64,8.86;10.19,-11.80
118.80984235,31.89287701,12.69;0.18,268.38,-0.43;-0.26,-9.63,0.23;-4.65,0.51,-0.03;0.09,-0.64,8.86;10.17,-12.60
118.80984235,31.89287701,12.69;0.18,268.38,-0.43;-0.26,-9.63,0.23;-4.65,0.51,-0.03;0.09,-0.64,8.86;10.16,-13.00
118.80984235,31.89287701,12.69;0.18,268.38,-0.43;-0.26,-9.63,0.23;-4.65,0.51,-0.03;0.09,-0.64,8.86;10.15,-13.80
118.80984235,31.89287701,12.69;0.18,268.38,-0.43;-0.26,-9.63,0.23;-4.65,0.51,-0.03;0.09,-0.64,8.86;9.60,-22.30
118.80984235,31.89287701,12.69;0.18,268.38,-0.43;-0.26,-9.63,0.23;-4.65,0.51,-0.03;0.09,-0.64,8.86;9.57,-22.40
118.80984235,31.89287701,12.69;0.18,268.38,-0.43;-0.26,-9.63,0.23;-5.17,-0.28,-3.80;0.63,-2.19,9.28;9.51,-22.60
118.80984235,31.89287701,12.69;0.18,268.38,-0.43;-0.26,-9.63,0.23;-1.41,-0.15,-4.91;0.53,-3.43,8.84;9.46,-22.70
118.80984235,31.89287701,12.69;0.18,268.38,-0.43;-0.26,-9.63,0.23;-1.41,-0.15,-4.91;0.53,-3.43,8.84;9.42,-22.60
118.80984235,31.89287701,12.69;0.18,268.38,-0.43;-0.26,-9.63,0.23;-1.41,-0.15,-4.91;0.53,-3.43,8.84;9.37,-22.40
118.80984235,31.89287701,12.69;0.18,268.38,-0.43;-0.26,-9.63,0.23;-1.41,-0.15,-4.91;0.53,-3.43,8.84;9.32,-22.20
118.80984235,31.89287701,12.69;0.18,268.38,-0.43;-0.26,-9.63,0.23;-1.41,-0.15,-4.91;0.53,-3.43,8.84;8.69,-15.00
118.80984235,31.89287701,12.69;0.18,268.38,-0.43;-0.26,-9.63,0.23;-1.41,-0.15,-4.91;0.53,-3.43,8.84;8.69,-14.30
118.80984235,31.89287701,12.69;0.18,268.38,-0.43;-0.26,-9.63,0.23;-1.41,-0.15,-4.91;0.53,-3.43,8.84;8.63,-13.60
118.80977307,31.89287682,12.77;0.17,271.14,-1.39;0.16,-7.67,0.07;-1.41,-0.15,-4.91;0.53,-3.43,8.84;8.57,-13.00
118.80977307,31.89287682,12.77;0.17,271.14,-1.39;0.16,-7.67,0.07;-1.41,-0.15,-4.91;0.53,-3.43,8.84;8.52,-12.70
118.80977307,31.89287682,12.77;0.17,271.14,-1.39;0.16,-7.67,0.07;-1.41,-0.15,-4.91;0.53,-3.43,8.84;8.46,-12.00
118.80977307,31.89287682,12.77;0.17,271.14,-1.39;0.16,-7.67,0.07;-1.41,-0.15,-4.91;0.53,-3.43,8.84;8.40,-11.30
118.80977307,31.89287682,12.77;0.17,271.14,-1.39;0.16,-7.67,0.07;-1.41,-0.15,-4.91;0.53,-3.43,8.84;8.40,-11.30
118.80977307,31.89287682,12.77;0.17,271.14,-1.39;0.16,-7.67,0.07;-1.41,-0.15,-4.91;0.53,-3.43,8.84;7.52,0.00
118.80977307,31.89287682,12.77;0.17,271.14,-1.39;0.16,-7.67,0.07;-0.75,0.45,0.40;-0.15,-3.54,9.25;7.45,0.50
118.80977307,31.89287682,12.77;0.17,271.14,-1.39;0.16,-7.67,0.07;-0.75,0.45,0.40;-0.15,-3.54,9.25;7.37,0.90
118.80977307,31.89287682,12.77;0.17,271.14,-1.39;0.16,-7.67,0.07;-0.75,0.45,0.40;-0.15,-3.54,9.25;7.30,1.00
118.80977307,31.89287682,12.77;0.17,271.14,-1.39;0.16,-7.67,0.07;-0.75,0.45,0.40;-0.15,-3.54,9.25;7.23,1.00
118.80977307,31.89287682,12.77;0.17,271.14,-1.39;0.16,-7.67,0.07;-0.75,0.45,0.40;-0.15,-3.54,9.25;7.18,0.90
118.80977307,31.89287682,12.77;0.17,271.14,-1.39;0.16,-7.67,0.07;-0.75,0.45,0.40;-0.15,-3.54,9.25;6.35,0.90
118.80977307,31.89287682,12.77;0.17,271.14,-1.39;0.16,-7.67,0.07;-0.75,0.45,0.40;-0.15,-3.54,9.25;6.35,0.20
118.80977307,31.89287682,12.77;0.17,271.14,-1.39;0.16,-7.67,0.07;-0.75,0.45,0.40;-0.15,-3.54,9.25;6.28,0.10
118.80977307,31.89287682,12.77;0.17,271.14,-1.39;0.16,-7.67,0.07;-0.75,0.45,0.40;-0.15,-3.54,9.25;6.21,0.00
118.80972484,31.89287786,12.83;0.28,271.25,-2.08;0.13,-5.31,0.02;-0.75,0.45,0.40;-0.15,-3.54,9.25;6.14,-0.10
118.80972484,31.89287786,12.83;0.28,271.25,-2.08;0.13,-5.31,0.02;-0.75,0.45,0.40;-0.15,-3.54,9.25;6.06,-0.20
118.80972484,31.89287786,12.83;0.28,271.25,-2.08;0.13,-5.31,0.02;-0.75,0.45,0.40;-0.15,-3.54,9.25;5.99,-0.20
118.80972484,31.89287786,12.83;0.28,271.25,-2.08;0.13,-5.31,0.02;-0.75,0.45,0.40;-0.15,-3.54,9.25;5.99,-0.20
118.80972484,31.89287786,12.83;0.28,271.25,-2.08;0.13,-5.31,0.02;-0.75,0.45,0.40;-0.15,-3.54,9.25;5.00,0.30
118.80972484,31.89287786,12.83;0.28,271.25,-2.08;0.13,-5.31,0.02;-0.27,-0.04,0.19;0.21,-3.94,10.10;4.92,0.20
118.80972484,31.89287786,12.83;0.28,271.25,-2.08;0.13,-5.31,0.02;-0.27,-0.04,0.19;0.21,-3.94,10.10;4.86,0.20
118.80972484,31.89287786,12.83;0.28,271.25,-2.08;0.13,-5.31,0.02;-0.27,-0.04,0.19;0.21,-3.94,10.10;4.78,0.20
118.80972484,31.89287786,12.83;0.28,271.25,-2.08;0.13,-5.31,0.02;-0.27,-0.04,0.19;0.21,-3.94,10.10;4.78,0.30
118.80972484,31.89287786,12.83;0.28,271.25,-2.08;0.13,-5.31,0.02;-0.27,-0.04,0.19;0.21,-3.94,10.10;4.70,0.50
118.80972484,31.89287786,12.83;0.28,271.25,-2.08;0.13,-5.31,0.02;-0.27,-0.04,0.19;0.21,-3.94,10.10;3.75,0.90
118.80972484,31.89287786,12.83;0.28,271.25,-2.08;0.13,-5.31,0.02;-0.27,-0.04,0.19;0.21,-3.94,10.10;3.75,1.00
118.80972484,31.89287786,12.83;0.28,271.25,-2.08;0.13,-5.31,0.02;-0.27,-0.04,0.19;0.21,-3.94,10.10;3.68,1.20
118.80972484,31.89287786,12.83;0.28,271.25,-2.08;0.13,-5.31,0.02;-0.27,-0.04,0.19;0.21,-3.94,10.10;3.61,1.50
118.80969353,31.89287847,12.85;0.38,271.19,-2.43;0.05,-2.72,-0.01;-0.27,-0.04,0.19;0.21,-3.94,10.10;3.54,1.60
118.80969353,31.89287847,12.85;0.38,271.19,-2.43;0.05,-2.72,-0.01;-0.27,-0.04,0.19;0.21,-3.94,10.10;3.48,1.80
118.80969353,31.89287847,12.85;0.38,271.19,-2.43;0.05,-2.72,-0.01;-0.27,-0.04,0.19;0.21,-3.94,10.10;3.42,2.00
118.80969353,31.89287847,12.85;0.38,271.19,-2.43;0.05,-2.72,-0.01;-0.27,-0.04,0.19;0.21,-3.94,10.10;3.42,2.00
118.80969353,31.89287847,12.85;0.38,271.19,-2.43;0.05,-2.72,-0.01;-0.27,-0.04,0.19;0.21,-3.94,10.10;2.60,2.30
118.80969353,31.89287847,12.85;0.38,271.19,-2.43;0.05,-2.72,-0.01;-0.27,-0.04,0.19;0.21,-3.94,10.10;2.60,2.20
118.80969353,31.89287847,12.85;0.38,271.19,-2.43;0.05,-2.72,-0.01;0.27,0.49,0.28;-0.04,-3.25,9.90;2.56,2.00
118.80969353,31.89287847,12.85;0.38,271.19,-2.43;0.05,-2.72,-0.01;0.27,0.49,0.28;-0.04,-3.25,9.90;2.50,1.70
118.80969353,31.89287847,12.85;0.38,271.19,-2.43;0.05,-2.72,-0.01;0.27,0.49,0.28;-0.04,-3.25,9.90;2.45,1.50
118.80969353,31.89287847,12.85;0.38,271.19,-2.43;0.05,-2.72,-0.01;0.27,0.49,0.28;-0.04,-3.25,9.90;2.40,1.40
118.80969353,31.89287847,12.85;0.38,271.19,-2.43;0.05,-2.72,-0.01;0.27,0.49,0.28;-0.04,-3.25,9.90;1.71,1.60
118.80969353,31.89287847,12.85;0.38,271.19,-2.43;0.05,-2.72,-0.01;0.27,0.49,0.28;-0.04,-3.25,9.90;1.71,1.30
118.80969353,31.89287847,12.85;0.38,271.19,-2.43;0.05,-2.72,-0.01;0.27,0.49,0.28;-0.04,-3.25,9.90;1.67,1.20
118.80969353,31.89287847,12.85;0.38,271.19,-2.43;0.05,-2.72,-0.01;0.27,0.49,0.28;-0.04,-3.25,9.90;1.61,1.20
118.80969353,31.89287847,12.85;0.38,271.19,-2.43;0.05,-2.72,-0.01;0.27,0.49,0.28;-0.04,-3.25,9.90;1.56,1.20
118.80967995,31.89287882,12.85;0.30,271.05,-2.10;0.02,-0.80,-0.00;0.27,0.49,0.28;-0.04,-3.25,9.90;1.51,1.30
118.80967995,31.89287882,12.85;0.30,271.05,-2.10;0.02,-0.80,-0.00;0.27,0.49,0.28;-0.04,-3.25,9.90;1.48,1.40
118.80967995,31.89287882,12.85;0.30,271.05,-2.10;0.02,-0.80,-0.00;0.27,0.49,0.28;-0.04,-3.25,9.90;1.48,1.40
118.80967995,31.89287882,12.85;0.30,271.05,-2.10;0.02,-0.80,-0.00;0.27,0.49,0.28;-0.04,-3.25,9.90;0.89,1.40
118.80967995,31.89287882,12.85;0.30,271.05,-2.10;0.02,-0.80,-0.00;0.27,0.49,0.28;-0.04,-3.25,9.90;0.83,1.40
118.80967995,31.89287882,12.85;0.30,271.05,-2.10;0.02,-0.80,-0.00;0.28,-0.03,0.02;0.12,-2.50,9.85;0.78,1.40
118.80967995,31.89287882,12.85;0.30,271.05,-2.10;0.02,-0.80,-0.00;-0.30,0.11,0.01;0.08,-2.76,10.03;0.73,1.40
118.80967995,31.89287882,12.85;0.30,271.05,-2.10;0.02,-0.80,-0.00;-0.30,0.11,0.01;0.08,-2.76,10.03;0.69,1.40
118.80967995,31.89287882,12.85;0.30,271.05,-2.10;0.02,-0.80,-0.00;-0.30,0.11,0.01;0.08,-2.76,10.03;0.65,1.30
118.80967995,31.89287882,12.85;0.30,271.05,-2.10;0.02,-0.80,-0.00;-0.30,0.11,0.01;0.08,-2.76,10.03;0.29,1.30
118.80967995,31.89287882,12.85;0.30,271.05,-2.10;0.02,-0.80,-0.00;-0.30,0.11,0.01;0.08,-2.76,10.03;0.29,1.50
118.80967995,31.89287882,12.85;0.30,271.05,-2.10;0.02,-0.80,-0.00;-0.30,0.11,0.01;0.08,-2.76,10.03;0.29,1.50
118.80967995,31.89287882,12.85;0.30,271.05,-2.10;0.02,-0.80,-0.00;-0.30,0.11,0.01;0.08,-2.76,10.03;0.29,1.50
118.80967995,31.89287882,12.85;0.30,271.05,-2.10;0.02,-0.80,-0.00;-0.30,0.11,0.01;0.08,-2.76,10.03;0.29,1.60
118.80967995,31.89287882,12.85;0.30,271.05,-2.10;0.02,-0.80,-0.00;-0.30,0.11,0.01;0.08,-2.76,10.03;0.29,1.60
118.80967885,31.89287890,12.84;0.26,271.05,-1.09;0.01,-0.00,0.04;-0.30,0.11,0.01;0.08,-2.76,10.03;0.29,1.60
118.80967885,31.89287890,12.84;0.26,271.05,-1.09;0.01,-0.00,0.04;-0.30,0.11,0.01;0.08,-2.76,10.03;0.29,1.60
118.80967885,31.89287890,12.84;0.26,271.05,-1.09;0.01,-0.00,0.04;-0.30,0.11,0.01;0.08,-2.76,10.03;0.07,1.50
118.80967885,31.89287890,12.84;0.26,271.05,-1.09;0.01,-0.00,0.04;-0.30,0.11,0.01;0.08,-2.76,10.03;0.05,1.50
118.80967885,31.89287890,12.84;0.26,271.05,-1.09;0.01,-0.00,0.04;0.27,-0.00,0.16;0.01,-0.22,9.74;0.03,1.50
118.80967885,31.89287890,12.84;0.26,271.05,-1.09;0.01,-0.00,0.04;0.27,-0.00,0.16;0.01,-0.22,9.74;0.02,1.50
118.80967885,31.89287890,12.84;0.26,271.05,-1.09;0.01,-0.00,0.04;0.27,-0.00,0.16;0.01,-0.22,9.74;0.01,1.50
118.80967885,31.89287890,12.84;0.26,271.05,-1.09;0.01,-0.00,0.04;0.27,-0.00,0.16;0.01,-0.22,9.74;0.01,1.50
118.80967885,31.89287890,12.84;0.26,271.05,-1.09;0.01,-0.00,0.04;0.27,-0.00,0.16;0.01,-0.22,9.74;0.00,1.50
118.80967885,31.89287890,12.84;0.26,271.05,-1.09;0.01,-0.00,0.04;0.27,-0.00,0.16;0.01,-0.22,9.74;0.00,1.60
118.80967885,31.89287890,12.84;0.26,271.05,-1.09;0.01,-0.00,0.04;0.27,-0.00,0.16;0.01,-0.22,9.74;0.00,1.60
118.80967885,31.89287890,12.84;0.26,271.05,-1.09;0.01,-0.00,0.04;0.27,-0.00,0.16;0.01,-0.22,9.74;0.00,1.60
118.80967885,31.89287890,12.84;0.26,271.05,-1.09;0.01,-0.00,0.04;0.27,-0.00,0.16;0.01,-0.22,9.74;0.00,1.60
118.80967885,31.89287890,12.84;0.26,271.05,-1.09;0.01,-0.00,0.04;0.27,-0.00,0.16;0.01,-0.22,9.74;0.00,1.60
118.80967891,31.89287893,12.85;0.30,271.06,-1.15;0.01,0.00,-0.00;0.27,-0.00,0.16;0.01,-0.22,9.74;0.00,1.60
118.80967891,31.89287893,12.85;0.30,271.06,-1.15;0.01,0.00,-0.00;0.27,-0.00,0.16;0.01,-0.22,9.74;0.00,1.70
118.80967891,31.89287893,12.85;0.30,271.06,-1.15;0.01,0.00,-0.00;0.27,-0.00,0.16;0.01,-0.22,9.74;0.00,1.60
118.80967891,31.89287893,12.85;0.30,271.06,-1.15;0.01,0.00,-0.00;0.27,-0.00,0.16;0.01,-0.22,9.74;0.00,1.60
118.80967891,31.89287893,12.85;0.30,271.06,-1.15;0.01,0.00,-0.00;-0.04,0.01,0.04;-0.01,-0.09,9.82;0.00,1.60
118.80967891,31.89287893,12.85;0.30,271.06,-1.15;0.01,0.00,-0.00;-0.04,0.01,0.04;-0.01,-0.09,9.82;0.00,1.60
