  longitude ,  latitude ,high;roll,yaw,pitch;n_vel,e_vel,u_vel;angleSpeedx_y_z;lineAccx_y_z;speed,steeringAngle
118.81108700,31.89294140,8.50;0.98,265.79,-0.48;-0.14,-2.01,0.00;-0.36,0.03,0.70;-0.06,0.10,9.80;2.07,5.90
118.81108700,31.89294140,8.50;0.98,265.79,-0.48;-0.14,-2.01,0.00;-0.36,0.03,0.70;-0.06,0.10,9.80;2.07,5.30
118.81108700,31.89294140,8.50;0.98,265.79,-0.48;-0.14,-2.01,0.00;-0.36,0.03,0.70;-0.06,0.10,9.80;2.07,4.80
118.81108700,31.89294140,8.50;0.98,265.79,-0.48;-0.14,-2.01,0.00;-0.36,0.03,0.70;-0.06,0.10,9.80;2.07,4.50
118.81108700,31.89294140,8.50;0.98,265.79,-0.48;-0.14,-2.01,0.00;-0.36,0.03,0.70;-0.06,0.10,9.80;2.07,4.30
118.81108700,31.89294140,8.50;0.98,265.79,-0.48;-0.14,-2.01,0.00;-0.36,0.03,0.70;-0.06,0.10,9.80;2.08,4.20
118.81108700,31.89294140,8.50;0.98,265.79,-0.48;-0.14,-2.01,0.00;-0.45,0.07,0.23;-0.20,0.15,10.06;2.17,4.10
118.81108700,31.89294140,8.50;0.98,265.79,-0.48;-0.14,-2.01,0.00;-0.45,0.07,0.23;-0.20,0.15,10.06;2.18,4.00
118.81108700,31.89294140,8.50;0.98,265.79,-0.48;-0.14,-2.01,0.00;-0.45,0.07,0.23;-0.20,0.15,10.06;2.18,4.00
118.81108700,31.89294140,8.50;0.98,265.79,-0.48;-0.14,-2.01,0.00;-0.45,0.07,0.23;-0.20,0.15,10.06;2.19,4.10
118.81108700,31.89294140,8.50;0.98,265.79,-0.48;-0.14,-2.01,0.00;-0.45,0.07,0.23;-0.20,0.15,10.06;2.19,4.10
118.81108700,31.89294140,8.50;0.98,265.79,-0.48;-0.14,-2.01,0.00;-0.45,0.07,0.23;-0.20,0.15,10.06;2.20,4.10
118.81108700,31.89294140,8.50;0.98,265.79,-0.48;-0.14,-2.01,0.00;-0.45,0.07,0.23;-0.20,0.15,10.06;2.20,4.10
118.81108700,31.89294140,8.50;0.98,265.79,-0.48;-0.14,-2.01,0.00;-0.45,0.07,0.23;-0.20,0.15,10.06;2.31,4.10
118.81107002,31.89294044,8.53;0.99,265.63,-0.36;-0.16,-2.31,0.02;-0.45,0.07,0.23;-0.20,0.15,10.06;2.31,4.10
118.81107002,31.89294044,8.53;0.99,265.63,-0.36;-0.16,-2.31,0.02;-0.45,0.07,0.23;-0.20,0.15,10.06;2.32,4.10
118.81107002,31.89294044,8.53;0.99,265.63,-0.36;-0.16,-2.31,0.02;-0.45,0.07,0.23;-0.20,0.15,10.06;2.33,4.10
118.81107002,31.89294044,8.53;0.99,265.63,-0.36;-0.16,-2.31,0.02;-0.45,0.07,0.23;-0.20,0.15,10.06;2.34,4.10
118.81107002,31.89294044,8.53;0.99,265.63,-0.36;-0.16,-2.31,0.02;-0.45,0.07,0.23;-0.20,0.15,10.06;2.36,4.10
118.81107002,31.89294044,8.53;0.99,265.63,-0.36;-0.16,-2.31,0.02;-0.45,0.07,0.23;-0.20,0.15,10.06;2.37,4.00
118.81107002,31.89294044,8.53;0.99,265.63,-0.36;-0.16,-2.31,0.02;0.21,-0.14,0.30;0.07,0.93,9.60;2.37,4.00
118.81107002,31.89294044,8.53;0.99,265.63,-0.36;-0.16,-2.31,0.02;0.21,-0.14,0.30;0.07,0.93,9.60;2.58,4.00
118.81107002,31.89294044,8.53;0.99,265.63,-0.36;-0.16,-2.31,0.02;0.21,-0.14,0.30;0.07,0.93,9.60;2.60,4.00
118.81107002,31.89294044,8.53;0.99,265.63,-0.36;-0.16,-2.31,0.02;0.21,-0.14,0.30;0.07,0.93,9.60;2.61,4.00
118.81107002,31.89294044,8.53;0.99,265.63,-0.36;-0.16,-2.31,0.02;0.21,-0.14,0.30;0.07,0.93,9.60;2.63,4.00
118.81107002,31.89294044,8.53;0.99,265.63,-0.36;-0.16,-2.31,0.02;0.21,-0.14,0.30;0.07,0.93,9.60;2.65,4.00
118.81107002,31.89294044,8.53;0.99,265.63,-0.36;-0.16,-2.31,0.02;0.21,-0.14,0.30;0.07,0.93,9.60;2.66,4.00
118.81107002,31.89294044,8.53;0.99,265.63,-0.36;-0.16,-2.31,0.02;0.21,-0.14,0.30;0.07,0.93,9.60;2.68,4.00
118.81107002,31.89294044,8.53;0.99,265.63,-0.36;-0.16,-2.31,0.02;0.21,-0.14,0.30;0.07,0.93,9.60;2.88,4.00
118.81105087,31.89293950,8.60;0.99,265.50,-0.27;-0.20,-2.86,0.04;0.21,-0.14,0.30;0.07,0.93,9.60;2.90,4.00
118.81105087,31.89293950,8.60;0.99,265.50,-0.27;-0.20,-2.86,0.04;0.21,-0.14,0.30;0.07,0.93,9.60;2.92,4.00
118.81105087,31.89293950,8.60;0.99,265.50,-0.27;-0.20,-2.86,0.04;0.21,-0.14,0.30;0.07,0.93,9.60;2.93,4.00
118.81105087,31.89293950,8.60;0.99,265.50,-0.27;-0.20,-2.86,0.04;0.21,-0.14,0.30;0.07,0.93,9.60;2.94,4.00
118.81105087,31.89293950,8.60;0.99,265.50,-0.27;-0.20,-2.86,0.04;0.21,-0.14,0.30;0.07,0.93,9.60;2.96,4.00
118.81105087,31.89293950,8.60;0.99,265.50,-0.27;-0.20,-2.86,0.04;0.23,-0.28,0.20;0.11,0.71,9.61;2.97,3.90
118.81105087,31.89293950,8.60;0.99,265.50,-0.27;-0.20,-2.86,0.04;0.23,-0.28,0.20;0.11,0.71,9.61;3.16,3.90
118.81105087,31.89293950,8.60;0.99,265.50,-0.27;-0.20,-2.86,0.04;0.23,-0.28,0.20;0.11,0.71,9.61;3.16,4.00
118.81105087,31.89293950,8.60;0.99,265.50,-0.27;-0.20,-2.86,0.04;0.23,-0.28,0.20;0.11,0.71,9.61;3.17,4.00
118.81105087,31.89293950,8.60;0.99,265.50,-0.27;-0.20,-2.86,0.04;0.23,-0.28,0.20;0.11,0.71,9.61;3.18,3.90
118.81105087,31.89293950,8.60;0.99,265.50,-0.27;-0.20,-2.86,0.04;0.23,-0.28,0.20;0.11,0.71,9.61;3.20,3.90
118.81105087,31.89293950,8.60;0.99,265.50,-0.27;-0.20,-2.86,0.04;0.23,-0.28,0.20;0.11,0.71,9.61;3.22,3.80
118.81105087,31.89293950,8.60;0.99,265.50,-0.27;-0.20,-2.86,0.04;0.23,-0.28,0.20;0.11,0.71,9.61;3.23,3.50
118.81105087,31.89293950,8.60;0.99,265.50,-0.27;-0.20,-2.86,0.04;0.23,-0.28,0.20;0.11,0.71,9.61;3.23,3.50
118.81102630,31.89293784,8.61;1.05,265.31,-0.30;-0.25,-3.32,0.02;0.23,-0.28,0.20;0.11,0.71,9.61;3.38,3.40
118.81102630,31.89293784,8.61;1.05,265.31,-0.30;-0.25,-3.32,0.02;0.23,-0.28,0.20;0.11,0.71,9.61;3.39,3.40
118.81102630,31.89293784,8.61;1.05,265.31,-0.30;-0.25,-3.32,0.02;0.23,-0.28,0.20;0.11,0.71,9.61;3.40,3.30
118.81102630,31.89293784,8.61;1.05,265.31,-0.30;-0.25,-3.32,0.02;0.23,-0.28,0.20;0.11,0.71,9.61;3.42,3.20
118.81102630,31.89293784,8.61;1.05,265.31,-0.30;-0.25,-3.32,0.02;0.23,-0.28,0.20;0.11,0.71,9.61;3.44,3.20
118.81102630,31.89293784,8.61;1.05,265.31,-0.30;-0.25,-3.32,0.02;0.23,-0.28,0.20;0.11,0.71,9.61;3.45,3.20
118.81102630,31.89293784,8.61;1.05,265.31,-0.30;-0.25,-3.32,0.02;0.54,0.53,0.23;0.07,0.85,9.76;3.59,3.20
118.81102630,31.89293784,8.61;1.05,265.31,-0.30;-0.25,-3.32,0.02;0.66,0.22,0.28;-0.05,0.46,9.98;3.59,3.30
118.81102630,31.89293784,8.61;1.05,265.31,-0.30;-0.25,-3.32,0.02;0.66,0.22,0.28;-0.05,0.46,9.98;3.61,3.30
118.81102630,31.89293784,8.61;1.05,265.31,-0.30;-0.25,-3.32,0.02;0.66,0.22,0.28;-0.05,0.46,9.98;3.62,3.30
118.81102630,31.89293784,8.61;1.05,265.31,-0.30;-0.25,-3.32,0.02;0.66,0.22,0.28;-0.05,0.46,9.98;3.63,3.30
118.81102630,31.89293784,8.61;1.05,265.31,-0.30;-0.25,-3.32,0.02;0.66,0.22,0.28;-0.05,0.46,9.98;3.65,3.20
118.81102630,31.89293784,8.61;1.05,265.31,-0.30;-0.25,-3.32,0.02;0.66,0.22,0.28;-0.05,0.46,9.98;3.65,-1.10
118.81102630,31.89293784,8.61;1.05,265.31,-0.30;-0.25,-3.32,0.02;0.66,0.22,0.28;-0.05,0.46,9.98;3.65,-1.10
118.81102630,31.89293784,8.61;1.05,265.31,-0.30;-0.25,-3.32,0.02;0.66,0.22,0.28;-0.05,0.46,9.98;3.79,-1.80
118.81100040,31.89293597,8.58;1.22,265.20,-0.33;-0.28,-3.71,0.05;0.66,0.22,0.28;-0.05,0.46,9.98;3.80,-2.40
118.81100040,31.89293597,8.58;1.22,265.20,-0.33;-0.28,-3.71,0.05;0.66,0.22,0.28;-0.05,0.46,9.98;3.81,-3.20
118.81100040,31.89293597,8.58;1.22,265.20,-0.33;-0.28,-3.71,0.05;0.66,0.22,0.28;-0.05,0.46,9.98;3.82,-4.00
118.81100040,31.89293597,8.58;1.22,265.20,-0.33;-0.28,-3.71,0.05;0.66,0.22,0.28;-0.05,0.46,9.98;3.83,-4.80
118.81100040,31.89293597,8.58;1.22,265.20,-0.33;-0.28,-3.71,0.05;0.66,0.22,0.28;-0.05,0.46,9.98;3.83,-5.30
118.81100040,31.89293597,8.58;1.22,265.20,-0.33;-0.28,-3.71,0.05;0.34,0.38,-1.33;-0.07,0.63,9.74;3.99,-15.90
118.81100040,31.89293597,8.58;1.22,265.20,-0.33;-0.28,-3.71,0.05;0.34,0.38,-1.33;-0.07,0.63,9.74;3.99,-16.00
118.81100040,31.89293597,8.58;1.22,265.20,-0.33;-0.28,-3.71,0.05;0.34,0.38,-1.33;-0.07,0.63,9.74;4.00,-16.00
118.81100040,31.89293597,8.58;1.22,265.20,-0.33;-0.28,-3.71,0.05;0.34,0.38,-1.33;-0.07,0.63,9.74;4.01,-15.90
118.81100040,31.89293597,8.58;1.22,265.20,-0.33;-0.28,-3.71,0.05;0.34,0.38,-1.33;-0.07,0.63,9.74;4.03,-15.70
118.81100040,31.89293597,8.58;1.22,265.20,-0.33;-0.28,-3.71,0.05;0.34,0.38,-1.33;-0.07,0.63,9.74;4.04,-15.40
118.81100040,31.89293597,8.58;1.22,265.20,-0.33;-0.28,-3.71,0.05;0.34,0.38,-1.33;-0.07,0.63,9.74;4.18,-14.20
118.81100040,31.89293597,8.58;1.22,265.20,-0.33;-0.28,-3.71,0.05;0.34,0.38,-1.33;-0.07,0.63,9.74;4.18,-14.20
118.81100040,31.89293597,8.58;1.22,265.20,-0.33;-0.28,-3.71,0.05;0.34,0.38,-1.33;-0.07,0.63,9.74;4.20,-14.40
118.81096949,31.89293387,8.56;1.15,266.12,-0.28;-0.26,-4.11,0.05;0.34,0.38,-1.33;-0.07,0.63,9.74;4.20,-14.60
118.81096949,31.89293387,8.56;1.15,266.12,-0.28;-0.26,-4.11,0.05;0.34,0.38,-1.33;-0.07,0.63,9.74;4.22,-14.70
118.81096949,31.89293387,8.56;1.15,266.12,-0.28;-0.26,-4.11,0.05;0.34,0.38,-1.33;-0.07,0.63,9.74;4.24,-14.80
118.81096949,31.89293387,8.56;1.15,266.12,-0.28;-0.26,-4.11,0.05;0.34,0.38,-1.33;-0.07,0.63,9.74;4.24,-15.10
118.81096949,31.89293387,8.56;1.15,266.12,-0.28;-0.26,-4.11,0.05;0.34,0.38,-1.33;-0.07,0.63,9.74;4.25,-15.30
118.81096949,31.89293387,8.56;1.15,266.12,-0.28;-0.26,-4.11,0.05;-0.18,-0.22,-1.86;-0.25,0.68,10.37;4.26,-22.00
118.81096949,31.89293387,8.56;1.15,266.12,-0.28;-0.26,-4.11,0.05;0.85,0.04,-2.32;0.09,0.56,9.06;4.38,-22.70
118.81096949,31.89293387,8.56;1.15,266.12,-0.28;-0.26,-4.11,0.05;0.85,0.04,-2.32;0.09,0.56,9.06;4.39,-23.40
118.81096949,31.89293387,8.56;1.15,266.12,-0.28;-0.26,-4.11,0.05;0.85,0.04,-2.32;0.09,0.56,9.06;4.41,-24.10
118.81096949,31.89293387,8.56;1.15,266.12,-0.28;-0.26,-4.11,0.05;0.85,0.04,-2.32;0.09,0.56,9.06;4.42,-24.80
118.81096949,31.89293387,8.56;1.15,266.12,-0.28;-0.26,-4.11,0.05;0.85,0.04,-2.32;0.09,0.56,9.06;4.42,-25.10
118.81096949,31.89293387,8.56;1.15,266.12,-0.28;-0.26,-4.11,0.05;0.85,0.04,-2.32;0.09,0.56,9.06;4.43,-25.80
118.81096949,31.89293387,8.56;1.15,266.12,-0.28;-0.26,-4.11,0.05;0.85,0.04,-2.32;0.09,0.56,9.06;4.44,-26.40
118.81096949,31.89293387,8.56;1.15,266.12,-0.28;-0.26,-4.11,0.05;0.85,0.04,-2.32;0.09,0.56,9.06;4.55,-28.90
118.81096949,31.89293387,8.56;1.15,266.12,-0.28;-0.26,-4.11,0.05;0.85,0.04,-2.32;0.09,0.56,9.06;4.55,-28.90
118.81093759,31.89293238,8.61;1.07,267.87,-0.40;-0.15,-4.48,0.05;0.85,0.04,-2.32;0.09,0.56,9.06;4.57,-28.90
118.81093759,31.89293238,8.61;1.07,267.87,-0.40;-0.15,-4.48,0.05;0.85,0.04,-2.32;0.09,0.56,9.06;4.58,-28.90
118.81093759,31.89293238,8.61;1.07,267.87,-0.40;-0.15,-4.48,0.05;0.85,0.04,-2.32;0.09,0.56,9.06;4.59,-28.90
118.81093759,31.89293238,8.61;1.07,267.87,-0.40;-0.15,-4.48,0.05;0.85,0.04,-2.32;0.09,0.56,9.06;4.61,-28.90
118.81093759,31.89293238,8.61;1.07,267.87,-0.40;-0.15,-4.48,0.05;-1.03,0.52,-3.50;0.24,0.37,8.99;4.73,-32.90
118.81093759,31.89293238,8.61;1.07,267.87,-0.40;-0.15,-4.48,0.05;-1.03,0.52,-3.50;0.24,0.37,8.99;4.73,-32.90
118.81093759,31.89293238,8.61;1.07,267.87,-0.40;-0.15,-4.48,0.05;-1.03,0.52,-3.50;0.24,0.37,8.99;4.73,-33.50
118.81093759,31.89293238,8.61;1.07,267.87,-0.40;-0.15,-4.48,0.05;-1.03,0.52,-3.50;0.24,0.37,8.99;4.75,-34.10
118.81093759,31.89293238,8.61;1.07,267.87,-0.40;-0.15,-4.48,0.05;-1.03,0.52,-3.50;0.24,0.37,8.99;4.76,-34.80
118.81093759,31.89293238,8.61;1.07,267.87,-0.40;-0.15,-4.48,0.05;-1.03,0.52,-3.50;0.24,0.37,8.99;4.77,-35.40
118.81093759,31.89293238,8.61;1.07,267.87,-0.40;-0.15,-4.48,0.05;-1.03,0.52,-3.50;0.24,0.37,8.99;4.79,-36.00
118.81093759,31.89293238,8.61;1.07,267.87,-0.40;-0.15,-4.48,0.05;-1.03,0.52,-3.50;0.24,0.37,8.99;4.80,-36.40
118.81093759,31.89293238,8.61;1.07,267.87,-0.40;-0.15,-4.48,0.05;-1.03,0.52,-3.50;0.24,0.37,8.99;4.82,-33.50
118.81093759,31.89293238,8.61;1.07,267.87,-0.40;-0.15,-4.48,0.05;-1.03,0.52,-3.50;0.24,0.37,8.99;4.92,-33.20
118.81090092,31.89293205,8.64;1.16,270.77,-0.45;0.08,-4.81,0.01;-1.03,0.52,-3.50;0.24,0.37,8.99;4.92,-32.80
118.81090092,31.89293205,8.64;1.16,270.77,-0.45;0.08,-4.81,0.01;-1.03,0.52,-3.50;0.24,0.37,8.99;4.94,-32.20
118.81090092,31.89293205,8.64;1.16,270.77,-0.45;0.08,-4.81,0.01;-1.03,0.52,-3.50;0.24,0.37,8.99;4.94,-31.60
118.81090092,31.89293205,8.64;1.16,270.77,-0.45;0.08,-4.81,0.01;-1.03,0.52,-3.50;0.24,0.37,8.99;4.95,-31.30
118.81090092,31.89293205,8.64;1.16,270.77,-0.45;0.08,-4.81,0.01;-1.03,0.52,-3.50;0.24,0.37,8.99;4.97,-30.80
118.81090092,31.89293205,8.64;1.16,270.77,-0.45;0.08,-4.81,0.01;0.88,-0.14,-4.30;0.22,0.65,9.91;4.98,-30.20
118.81090092,31.89293205,8.64;1.16,270.77,-0.45;0.08,-4.81,0.01;1.22,-0.19,-2.38;0.05,0.27,10.04;5.07,-9.10
118.81090092,31.89293205,8.64;1.16,270.77,-0.45;0.08,-4.81,0.01;1.22,-0.19,-2.38;0.05,0.27,10.04;5.07,-7.90
118.81090092,31.89293205,8.64;1.16,270.77,-0.45;0.08,-4.81,0.01;1.22,-0.19,-2.38;0.05,0.27,10.04;5.06,-5.20
118.81090092,31.89293205,8.64;1.16,270.77,-0.45;0.08,-4.81,0.01;1.22,-0.19,-2.38;0.05,0.27,10.04;5.06,-2.50
118.81090092,31.89293205,8.64;1.16,270.77,-0.45;0.08,-4.81,0.01;1.22,-0.19,-2.38;0.05,0.27,10.04;5.06,0.30
118.81090092,31.89293205,8.64;1.16,270.77,-0.45;0.08,-4.81,0.01;1.22,-0.19,-2.38;0.05,0.27,10.04;5.07,3.10
118.81090092,31.89293205,8.64;1.16,270.77,-0.45;0.08,-4.81,0.01;1.22,-0.19,-2.38;0.05,0.27,10.04;5.07,25.60
118.81090092,31.89293205,8.64;1.16,270.77,-0.45;0.08,-4.81,0.01;1.22,-0.19,-2.38;0.05,0.27,10.04;5.07,25.60
118.81090092,31.89293205,8.64;1.16,270.77,-0.45;0.08,-4.81,0.01;1.22,-0.19,-2.38;0.05,0.27,10.04;5.09,26.70
118.81086494,31.89293302,8.68;1.26,271.15,-0.39;0.13,-4.89,0.06;1.22,-0.19,-2.38;0.05,0.27,10.04;5.10,27.70
118.81086494,31.89293302,8.68;1.26,271.15,-0.39;0.13,-4.89,0.06;1.22,-0.19,-2.38;0.05,0.27,10.04;5.09,28.70
118.81086494,31.89293302,8.68;1.26,271.15,-0.39;0.13,-4.89,0.06;1.22,-0.19,-2.38;0.05,0.27,10.04;5.09,29.70
118.81086494,31.89293302,8.68;1.26,271.15,-0.39;0.13,-4.89,0.06;1.22,-0.19,-2.38;0.05,0.27,10.04;5.09,30.80
118.81086494,31.89293302,8.68;1.26,271.15,-0.39;0.13,-4.89,0.06;-0.70,-0.98,5.02;-0.56,0.01,9.70;5.09,31.90
118.81086494,31.89293302,8.68;1.26,271.15,-0.39;0.13,-4.89,0.06;-0.70,-0.98,5.02;-0.56,0.01,9.70;5.09,45.20
118.81086494,31.89293302,8.68;1.26,271.15,-0.39;0.13,-4.89,0.06;-0.70,-0.98,5.02;-0.56,0.01,9.70;5.09,46.10
118.81086494,31.89293302,8.68;1.26,271.15,-0.39;0.13,-4.89,0.06;-0.70,-0.98,5.02;-0.56,0.01,9.70;5.09,47.00
118.81086494,31.89293302,8.68;1.26,271.15,-0.39;0.13,-4.89,0.06;-0.70,-0.98,5.02;-0.56,0.01,9.70;5.09,47.70
118.81086494,31.89293302,8.68;1.26,271.15,-0.39;0.13,-4.89,0.06;-0.70,-0.98,5.02;-0.56,0.01,9.70;5.09,48.40
118.81086494,31.89293302,8.68;1.26,271.15,-0.39;0.13,-4.89,0.06;-0.70,-0.98,5.02;-0.56,0.01,9.70;5.09,48.80
118.81086494,31.89293302,8.68;1.26,271.15,-0.39;0.13,-4.89,0.06;-0.70,-0.98,5.02;-0.56,0.01,9.70;5.10,49.30
118.81086494,31.89293302,8.68;1.26,271.15,-0.39;0.13,-4.89,0.06;-0.70,-0.98,5.02;-0.56,0.01,9.70;5.10,49.60
118.81086494,31.89293302,8.68;1.26,271.15,-0.39;0.13,-4.89,0.06;-0.70,-0.98,5.02;-0.56,0.01,9.70;5.13,49.30
118.81082622,31.89293292,8.73;1.21,267.15,-0.15;-0.21,-4.92,0.06;-0.70,-0.98,5.02;-0.56,0.01,9.70;5.13,49.10
118.81082622,31.89293292,8.73;1.21,267.15,-0.15;-0.21,-4.92,0.06;-0.70,-0.98,5.02;-0.56,0.01,9.70;5.13,48.80
118.81082622,31.89293292,8.73;1.21,267.15,-0.15;-0.21,-4.92,0.06;-0.70,-0.98,5.02;-0.56,0.01,9.70;5.14,48.40
118.81082622,31.89293292,8.73;1.21,267.15,-0.15;-0.21,-4.92,0.06;-0.70,-0.98,5.02;-0.56,0.01,9.70;5.14,48.10
118.81082622,31.89293292,8.73;1.21,267.15,-0.15;-0.21,-4.92,0.06;-0.28,-1.02,5.43;-0.60,0.32,9.77;5.15,47.70
118.81082622,31.89293292,8.73;1.21,267.15,-0.15;-0.21,-4.92,0.06;-0.28,-1.02,5.43;-0.60,0.32,9.77;5.16,47.50
118.81082622,31.89293292,8.73;1.21,267.15,-0.15;-0.21,-4.92,0.06;-0.28,-1.02,5.43;-0.60,0.32,9.77;5.16,47.50
118.81082622,31.89293292,8.73;1.21,267.15,-0.15;-0.21,-4.92,0.06;-0.28,-1.02,5.43;-0.60,0.32,9.77;5.17,32.00
118.81082622,31.89293292,8.73;1.21,267.15,-0.15;-0.21,-4.92,0.06;-0.28,-1.02,5.43;-0.60,0.32,9.77;5.16,29.50
118.81082622,31.89293292,8.73;1.21,267.15,-0.15;-0.21,-4.92,0.06;-0.28,-1.02,5.43;-0.60,0.32,9.77;5.17,27.00
118.81082622,31.89293292,8.73;1.21,267.15,-0.15;-0.21,-4.92,0.06;-0.28,-1.02,5.43;-0.60,0.32,9.77;5.17,24.40
118.81082622,31.89293292,8.73;1.21,267.15,-0.15;-0.21,-4.92,0.06;-0.28,-1.02,5.43;-0.60,0.32,9.77;5.17,21.80
118.81082622,31.89293292,8.73;1.21,267.15,-0.15;-0.21,-4.92,0.06;-0.28,-1.02,5.43;-0.60,0.32,9.77;5.17,20.50
118.81082622,31.89293292,8.73;1.21,267.15,-0.15;-0.21,-4.92,0.06;-0.28,-1.02,5.43;-0.60,0.32,9.77;5.17,-11.00
118.81082622,31.89293292,8.73;1.21,267.15,-0.15;-0.21,-4.92,0.06;-0.28,-1.02,5.43;-0.60,0.32,9.77;5.17,-11.80
118.81078978,31.89293057,8.79;1.01,264.99,-0.06;-0.42,-4.96,0.09;-0.28,-1.02,5.43;-0.60,0.32,9.77;5.18,-13.40
118.81078978,31.89293057,8.79;1.01,264.99,-0.06;-0.42,-4.96,0.09;-0.28,-1.02,5.43;-0.60,0.32,9.77;5.18,-14.70
118.81078978,31.89293057,8.79;1.01,264.99,-0.06;-0.42,-4.96,0.09;-0.28,-1.02,5.43;-0.60,0.32,9.77;5.18,-15.90
118.81078978,31.89293057,8.79;1.01,264.99,-0.06;-0.42,-4.96,0.09;-0.22,-0.02,2.95;-0.39,0.22,9.79;5.18,-16.90
118.81078978,31.89293057,8.79;1.01,264.99,-0.06;-0.42,-4.96,0.09;-0.07,0.11,-2.75;0.25,0.22,9.65;5.18,-26.10
118.81078978,31.89293057,8.79;1.01,264.99,-0.06;-0.42,-4.96,0.09;-0.07,0.11,-2.75;0.25,0.22,9.65;5.18,-26.10
118.81078978,31.89293057,8.79;1.01,264.99,-0.06;-0.42,-4.96,0.09;-0.07,0.11,-2.75;0.25,0.22,9.65;5.20,-27.00
118.81078978,31.89293057,8.79;1.01,264.99,-0.06;-0.42,-4.96,0.09;-0.07,0.11,-2.75;0.25,0.22,9.65;5.20,-28.00
118.81078978,31.89293057,8.79;1.01,264.99,-0.06;-0.42,-4.96,0.09;-0.07,0.11,-2.75;0.25,0.22,9.65;5.20,-29.00
118.81078978,31.89293057,8.79;1.01,264.99,-0.06;-0.42,-4.96,0.09;-0.07,0.11,-2.75;0.25,0.22,9.65;5.20,-30.00
118.81078978,31.89293057,8.79;1.01,264.99,-0.06;-0.42,-4.96,0.09;-0.07,0.11,-2.75;0.25,0.22,9.65;5.21,-31.00
118.81078978,31.89293057,8.79;1.01,264.99,-0.06;-0.42,-4.96,0.09;-0.07,0.11,-2.75;0.25,0.22,9.65;5.20,-32.10
118.81078978,31.89293057,8.79;1.01,264.99,-0.06;-0.42,-4.96,0.09;-0.07,0.11,-2.75;0.25,0.22,9.65;5.20,-43.80
118.81078978,31.89293057,8.79;1.01,264.99,-0.06;-0.42,-4.96,0.09;-0.07,0.11,-2.75;0.25,0.22,9.65;5.24,-44.20
118.81074998,31.89292831,8.85;0.98,267.86,-0.06;-0.19,-5.04,0.08;-0.07,0.11,-2.75;0.25,0.22,9.65;5.23,-44.50
118.81074998,31.89292831,8.85;0.98,267.86,-0.06;-0.19,-5.04,0.08;-0.07,0.11,-2.75;0.25,0.22,9.65;5.23,-44.70
118.81074998,31.89292831,8.85;0.98,267.86,-0.06;-0.19,-5.04,0.08;-0.07,0.11,-2.75;0.25,0.22,9.65;5.23,-44.70
118.81074998,31.89292831,8.85;0.98,267.86,-0.06;-0.19,-5.04,0.08;-0.07,0.11,-2.75;0.25,0.22,9.65;5.23,-44.60
118.81074998,31.89292831,8.85;0.98,267.86,-0.06;-0.19,-5.04,0.08;-0.19,0.04,-5.77;0.62,0.23,9.75;5.23,-44.30
118.81074998,31.89292831,8.85;0.98,267.86,-0.06;-0.19,-5.04,0.08;-0.92,0.44,-4.58;0.42,0.10,9.66;5.23,-43.70
118.81074998,31.89292831,8.85;0.98,267.86,-0.06;-0.19,-5.04,0.08;-0.92,0.44,-4.58;0.42,0.10,9.66;5.23,-22.60
118.81074998,31.89292831,8.85;0.98,267.86,-0.06;-0.19,-5.04,0.08;-0.92,0.44,-4.58;0.42,0.10,9.66;5.26,-21.60
118.81074998,31.89292831,8.85;0.98,267.86,-0.06;-0.19,-5.04,0.08;-0.92,0.44,-4.58;0.42,0.10,9.66;5.26,-19.40
118.81074998,31.89292831,8.85;0.98,267.86,-0.06;-0.19,-5.04,0.08;-0.92,0.44,-4.58;0.42,0.10,9.66;5.26,-17.20
118.81074998,31.89292831,8.85;0.98,267.86,-0.06;-0.19,-5.04,0.08;-0.92,0.44,-4.58;0.42,0.10,9.66;5.27,-15.00
118.81074998,31.89292831,8.85;0.98,267.86,-0.06;-0.19,-5.04,0.08;-0.92,0.44,-4.58;0.42,0.10,9.66;5.28,-12.80
118.81074998,31.89292831,8.85;0.98,267.86,-0.06;-0.19,-5.04,0.08;-0.92,0.44,-4.58;0.42,0.10,9.66;5.32,17.20
118.81074998,31.89292831,8.85;0.98,267.86,-0.06;-0.19,-5.04,0.08;-0.92,0.44,-4.58;0.42,0.10,9.66;5.32,17.20
118.81074998,31.89292831,8.85;0.98,267.86,-0.06;-0.19,-5.04,0.08;-0.92,0.44,-4.58;0.42,0.10,9.66;5.32,18.70
118.81071221,31.89292787,8.90;1.04,269.43,-0.15;-0.03,-5.13,0.06;-0.92,0.44,-4.58;0.42,0.10,9.66;5.32,19.90
118.81071221,31.89292787,8.90;1.04,269.43,-0.15;-0.03,-5.13,0.06;-0.92,0.44,-4.58;0.42,0.10,9.66;5.34,21.00
118.81071221,31.89292787,8.90;1.04,269.43,-0.15;-0.03,-5.13,0.06;-0.92,0.44,-4.58;0.42,0.10,9.66;5.34,22.10
118.81071221,31.89292787,8.90;1.04,269.43,-0.15;-0.03,-5.13,0.06;0.09,-0.19,2.86;-0.56,0.02,10.20;5.34,23.10
118.81071221,31.89292787,8.90;1.04,269.43,-0.15;-0.03,-5.13,0.06;-0.30,1.27,3.95;-0.37,0.04,9.40;5.35,24.00
118.81071221,31.89292787,8.90;1.04,269.43,-0.15;-0.03,-5.13,0.06;-0.30,1.27,3.95;-0.37,0.04,9.40;5.35,43.00
118.81071221,31.89292787,8.90;1.04,269.43,-0.15;-0.03,-5.13,0.06;-0.30,1.27,3.95;-0.37,0.04,9.40;5.38,44.70
118.81071221,31.89292787,8.90;1.04,269.43,-0.15;-0.03,-5.13,0.06;-0.30,1.27,3.95;-0.37,0.04,9.40;5.38,46.20
118.81071221,31.89292787,8.90;1.04,269.43,-0.15;-0.03,-5.13,0.06;-0.30,1.27,3.95;-0.37,0.04,9.40;5.38,47.70
118.81071221,31.89292787,8.90;1.04,269.43,-0.15;-0.03,-5.13,0.06;-0.30,1.27,3.95;-0.37,0.04,9.40;5.38,49.00
118.81071221,31.89292787,8.90;1.04,269.43,-0.15;-0.03,-5.13,0.06;-0.30,1.27,3.95;-0.37,0.04,9.40;5.39,49.60
118.81071221,31.89292787,8.90;1.04,269.43,-0.15;-0.03,-5.13,0.06;-0.30,1.27,3.95;-0.37,0.04,9.40;5.39,50.70
118.81071221,31.89292787,8.90;1.04,269.43,-0.15;-0.03,-5.13,0.06;-0.30,1.27,3.95;-0.37,0.04,9.40;5.39,51.60
118.81071221,31.89292787,8.90;1.04,269.43,-0.15;-0.03,-5.13,0.06;-0.30,1.27,3.95;-0.37,0.04,9.40;5.41,54.00
118.81067134,31.89292656,8.98;1.06,265.33,0.03;-0.40,-5.17,0.08;-0.30,1.27,3.95;-0.37,0.04,9.40;5.41,53.80
118.81067134,31.89292656,8.98;1.06,265.33,0.03;-0.40,-5.17,0.08;-0.30,1.27,3.95;-0.37,0.04,9.40;5.41,53.40
118.81067134,31.89292656,8.98;1.06,265.33,0.03;-0.40,-5.17,0.08;-0.30,1.27,3.95;-0.37,0.04,9.40;5.41,53.10
118.81067134,31.89292656,8.98;1.06,265.33,0.03;-0.40,-5.17,0.08;-1.04,-0.33,6.80;-0.67,0.06,9.65;5.41,52.90
118.81067134,31.89292656,8.98;1.06,265.33,0.03;-0.40,-5.17,0.08;-1.04,-0.33,6.80;-0.67,0.06,9.65;5.41,52.60
118.81067134,31.89292656,8.98;1.06,265.33,0.03;-0.40,-5.17,0.08;-1.04,-0.33,6.80;-0.67,0.06,9.65;5.42,52.50
118.81067134,31.89292656,8.98;1.06,265.33,0.03;-0.40,-5.17,0.08;-1.04,-0.33,6.80;-0.67,0.06,9.65;5.42,52.50
118.81067134,31.89292656,8.98;1.06,265.33,0.03;-0.40,-5.17,0.08;-1.04,-0.33,6.80;-0.67,0.06,9.65;5.42,44.20
118.81067134,31.89292656,8.98;1.06,265.33,0.03;-0.40,-5.17,0.08;-1.04,-0.33,6.80;-0.67,0.06,9.65;5.42,42.80
118.81067134,31.89292656,8.98;1.06,265.33,0.03;-0.40,-5.17,0.08;-1.04,-0.33,6.80;-0.67,0.06,9.65;5.42,41.20
118.81067134,31.89292656,8.98;1.06,265.33,0.03;-0.40,-5.17,0.08;-1.04,-0.33,6.80;-0.67,0.06,9.65;5.42,39.50
118.81067134,31.89292656,8.98;1.06,265.33,0.03;-0.40,-5.17,0.08;-1.04,-0.33,6.80;-0.67,0.06,9.65;5.42,37.60
118.81067134,31.89292656,8.98;1.06,265.33,0.03;-0.40,-5.17,0.08;-1.04,-0.33,6.80;-0.67,0.06,9.65;5.42,35.60
118.81067134,31.89292656,8.98;1.06,265.33,0.03;-0.40,-5.17,0.08;-1.04,-0.33,6.80;-0.67,0.06,9.65;5.42,7.70
118.81067134,31.89292656,8.98;1.06,265.33,0.03;-0.40,-5.17,0.08;-1.04,-0.33,6.80;-0.67,0.06,9.65;5.42,6.60
118.81063317,31.89292279,9.04;0.78,261.94,0.15;-0.73,-5.16,0.09;-1.04,-0.33,6.80;-0.67,0.06,9.65;5.42,4.50
118.81063317,31.89292279,9.04;0.78,261.94,0.15;-0.73,-5.16,0.09;-1.04,-0.33,6.80;-0.67,0.06,9.65;5.42,2.50
118.81063317,31.89292279,9.04;0.78,261.94,0.15;-0.73,-5.16,0.09;-1.04,-0.33,6.80;-0.67,0.06,9.65;5.42,0.60
118.81063317,31.89292279,9.04;0.78,261.94,0.15;-0.73,-5.16,0.09;-0.72,-1.05,-1.03;0.08,0.22,9.71;5.43,-1.20
118.81063317,31.89292279,9.04;0.78,261.94,0.15;-0.73,-5.16,0.09;-0.72,-1.05,-1.03;0.08,0.22,9.71;5.42,-8.80
118.81063317,31.89292279,9.04;0.78,261.94,0.15;-0.73,-5.16,0.09;-0.72,-1.05,-1.03;0.08,0.22,9.71;5.42,-8.80
118.81063317,31.89292279,9.04;0.78,261.94,0.15;-0.73,-5.16,0.09;-0.72,-1.05,-1.03;0.08,0.22,9.71;5.42,-9.00
118.81063317,31.89292279,9.04;0.78,261.94,0.15;-0.73,-5.16,0.09;-0.72,-1.05,-1.03;0.08,0.22,9.71;5.42,-9.20
118.81063317,31.89292279,9.04;0.78,261.94,0.15;-0.73,-5.16,0.09;-0.72,-1.05,-1.03;0.08,0.22,9.71;5.43,-9.40
118.81063317,31.89292279,9.04;0.78,261.94,0.15;-0.73,-5.16,0.09;-0.72,-1.05,-1.03;0.08,0.22,9.71;5.43,-9.70
118.81063317,31.89292279,9.04;0.78,261.94,0.15;-0.73,-5.16,0.09;-0.72,-1.05,-1.03;0.08,0.22,9.71;5.43,-9.90
118.81063317,31.89292279,9.04;0.78,261.94,0.15;-0.73,-5.16,0.09;-0.72,-1.05,-1.03;0.08,0.22,9.71;5.43,-10.20
118.81063317,31.89292279,9.04;0.78,261.94,0.15;-0.73,-5.16,0.09;-0.72,-1.05,-1.03;0.08,0.22,9.71;5.43,-10.60
118.81063317,31.89292279,9.04;0.78,261.94,0.15;-0.73,-5.16,0.09;-0.72,-1.05,-1.03;0.08,0.22,9.71;5.42,-24.50
118.81059214,31.89291806,9.12;0.72,263.02,0.24;-0.65,-5.19,0.12;-0.72,-1.05,-1.03;0.08,0.22,9.71;5.43,-25.50
118.81059214,31.89291806,9.12;0.72,263.02,0.24;-0.65,-5.19,0.12;-0.72,-1.05,-1.03;0.08,0.22,9.71;5.43,-26.40
118.81059214,31.89291806,9.12;0.72,263.02,0.24;-0.65,-5.19,0.12;-0.72,-1.05,-1.03;0.08,0.22,9.71;5.43,-27.20
118.81059214,31.89291806,9.12;0.72,263.02,0.24;-0.65,-5.19,0.12;-0.15,-0.73,-3.86;0.23,0.26,9.65;5.43,-27.50
118.81059214,31.89291806,9.12;0.72,263.02,0.24;-0.65,-5.19,0.12;-0.15,-0.73,-3.86;0.23,0.26,9.65;5.43,-28.10
118.81059214,31.89291806,9.12;0.72,263.02,0.24;-0.65,-5.19,0.12;-0.15,-0.73,-3.86;0.23,0.26,9.65;5.43,-28.60
118.81059214,31.89291806,9.12;0.72,263.02,0.24;-0.65,-5.19,0.12;-0.15,-0.73,-3.86;0.23,0.26,9.65;5.42,-35.70
118.81059214,31.89291806,9.12;0.72,263.02,0.24;-0.65,-5.19,0.12;-0.15,-0.73,-3.86;0.23,0.26,9.65;5.42,-35.90
118.81059214,31.89291806,9.12;0.72,263.02,0.24;-0.65,-5.19,0.12;-0.15,-0.73,-3.86;0.23,0.26,9.65;5.42,-36.30
118.81059214,31.89291806,9.12;0.72,263.02,0.24;-0.65,-5.19,0.12;-0.15,-0.73,-3.86;0.23,0.26,9.65;5.42,-36.70
118.81059214,31.89291806,9.12;0.72,263.02,0.24;-0.65,-5.19,0.12;-0.15,-0.73,-3.86;0.23,0.26,9.65;5.43,-36.90
118.81059214,31.89291806,9.12;0.72,263.02,0.24;-0.65,-5.19,0.12;-0.15,-0.73,-3.86;0.23,0.26,9.65;5.43,-37.20
118.81059214,31.89291806,9.12;0.72,263.02,0.24;-0.65,-5.19,0.12;-0.15,-0.73,-3.86;0.23,0.26,9.65;5.43,-37.30
118.81059214,31.89291806,9.12;0.72,263.02,0.24;-0.65,-5.19,0.12;-0.15,-0.73,-3.86;0.23,0.26,9.65;5.43,-37.30
118.81059214,31.89291806,9.12;0.72,263.02,0.24;-0.65,-5.19,0.12;-0.15,-0.73,-3.86;0.23,0.26,9.65;5.43,-36.70
118.81055360,31.89291490,9.19;0.78,266.19,0.11;-0.37,-5.23,0.08;-0.15,-0.73,-3.86;0.23,0.26,9.65;5.44,-36.60
118.81055360,31.89291490,9.19;0.78,266.19,0.11;-0.37,-5.23,0.08;-0.15,-0.73,-3.86;0.23,0.26,9.65;5.45,-36.50
118.81055360,31.89291490,9.19;0.78,266.19,0.11;-0.37,-5.23,0.08;-0.90,-1.07,-4.81;0.31,0.23,9.95;5.45,-36.50
118.81055360,31.89291490,9.19;0.78,266.19,0.11;-0.37,-5.23,0.08;-0.90,-1.07,-4.81;0.31,0.23,9.95;5.46,-36.60
118.81055360,31.89291490,9.19;0.78,266.19,0.11;-0.37,-5.23,0.08;-0.90,-1.07,-4.81;0.31,0.23,9.95;5.46,-36.60
118.81055360,31.89291490,9.19;0.78,266.19,0.11;-0.37,-5.23,0.08;-0.90,-1.07,-4.81;0.31,0.23,9.95;5.46,-36.80
118.81055360,31.89291490,9.19;0.78,266.19,0.11;-0.37,-5.23,0.08;-0.90,-1.07,-4.81;0.31,0.23,9.95;5.46,-36.90
118.81055360,31.89291490,9.19;0.78,266.19,0.11;-0.37,-5.23,0.08;-0.90,-1.07,-4.81;0.31,0.23,9.95;5.46,-37.10
118.81055360,31.89291490,9.19;0.78,266.19,0.11;-0.37,-5.23,0.08;-0.90,-1.07,-4.81;0.31,0.23,9.95;5.46,-37.20
118.81055360,31.89291490,9.19;0.78,266.19,0.11;-0.37,-5.23,0.08;-0.90,-1.07,-4.81;0.31,0.23,9.95;5.47,-37.40
118.81055360,31.89291490,9.19;0.78,266.19,0.11;-0.37,-5.23,0.08;-0.90,-1.07,-4.81;0.31,0.23,9.95;5.47,-37.50
118.81055360,31.89291490,9.19;0.78,266.19,0.11;-0.37,-5.23,0.08;-0.90,-1.07,-4.81;0.31,0.23,9.95;5.47,-37.70
118.81055360,31.89291490,9.19;0.78,266.19,0.11;-0.37,-5.23,0.08;-0.90,-1.07,-4.81;0.31,0.23,9.95;5.47,-37.90
118.81055360,31.89291490,9.19;0.78,266.19,0.11;-0.37,-5.23,0.08;-0.90,-1.07,-4.81;0.31,0.23,9.95;5.51,-38.20
118.81051208,31.89291384,9.27;0.44,269.98,-0.01;-0.01,-5.27,0.13;-0.90,-1.07,-4.81;0.31,0.23,9.95;5.51,-37.80
118.81051208,31.89291384,9.27;0.44,269.98,-0.01;-0.01,-5.27,0.13;-0.90,-1.07,-4.81;0.31,0.23,9.95;5.51,-36.60
118.81051208,31.89291384,9.27;0.44,269.98,-0.01;-0.01,-5.27,0.13;0.23,-1.01,-3.65;0.30,0.08,10.00;5.51,-35.50
118.81051208,31.89291384,9.27;0.44,269.98,-0.01;-0.01,-5.27,0.13;0.23,-1.01,-3.65;0.30,0.08,10.00;5.50,-34.30
118.81051208,31.89291384,9.27;0.44,269.98,-0.01;-0.01,-5.27,0.13;0.23,-1.01,-3.65;0.30,0.08,10.00;5.50,-33.20
118.81051208,31.89291384,9.27;0.44,269.98,-0.01;-0.01,-5.27,0.13;0.23,-1.01,-3.65;0.30,0.08,10.00;5.50,-32.60
118.81051208,31.89291384,9.27;0.44,269.98,-0.01;-0.01,-5.27,0.13;0.23,-1.01,-3.65;0.30,0.08,10.00;5.50,-32.60
118.81051208,31.89291384,9.27;0.44,269.98,-0.01;-0.01,-5.27,0.13;0.23,-1.01,-3.65;0.30,0.08,10.00;5.53,-12.60
118.81051208,31.89291384,9.27;0.44,269.98,-0.01;-0.01,-5.27,0.13;0.23,-1.01,-3.65;0.30,0.08,10.00;5.51,-9.90
118.81051208,31.89291384,9.27;0.44,269.98,-0.01;-0.01,-5.27,0.13;0.23,-1.01,-3.65;0.30,0.08,10.00;5.50,-7.20
118.81051208,31.89291384,9.27;0.44,269.98,-0.01;-0.01,-5.27,0.13;0.23,-1.01,-3.65;0.30,0.08,10.00;5.52,-4.30
118.81051208,31.89291384,9.27;0.44,269.98,-0.01;-0.01,-5.27,0.13;0.23,-1.01,-3.65;0.30,0.08,10.00;5.51,-1.40
118.81051208,31.89291384,9.27;0.44,269.98,-0.01;-0.01,-5.27,0.13;0.23,-1.01,-3.65;0.30,0.08,10.00;5.52,1.30
118.81051208,31.89291384,9.27;0.44,269.98,-0.01;-0.01,-5.27,0.13;0.23,-1.01,-3.65;0.30,0.08,10.00;5.52,23.80
118.81051208,31.89291384,9.27;0.44,269.98,-0.01;-0.01,-5.27,0.13;0.23,-1.01,-3.65;0.30,0.08,10.00;5.52,25.50
118.81047005,31.89291472,9.33;1.03,270.40,0.01;0.02,-5.28,0.07;0.23,-1.01,-3.65;0.30,0.08,10.00;5.50,27.00
118.81047005,31.89291472,9.33;1.03,270.40,0.01;0.02,-5.28,0.07;0.23,-1.01,-3.65;0.30,0.08,10.00;5.51,28.10
118.81047005,31.89291472,9.33;1.03,270.40,0.01;0.02,-5.28,0.07;1.98,-2.62,3.99;-0.77,1.10,10.46;5.52,29.20
118.81047005,31.89291472,9.33;1.03,270.40,0.01;0.02,-5.28,0.07;1.98,-2.62,3.99;-0.77,1.10,10.46;5.50,29.60
118.81047005,31.89291472,9.33;1.03,270.40,0.01;0.02,-5.28,0.07;1.98,-2.62,3.99;-0.77,1.10,10.46;5.51,30.30
118.81047005,31.89291472,9.33;1.03,270.40,0.01;0.02,-5.28,0.07;1.98,-2.62,3.99;-0.77,1.10,10.46;5.52,30.70
118.81047005,31.89291472,9.33;1.03,270.40,0.01;0.02,-5.28,0.07;1.98,-2.62,3.99;-0.77,1.10,10.46;5.52,32.10
118.81047005,31.89291472,9.33;1.03,270.40,0.01;0.02,-5.28,0.07;1.98,-2.62,3.99;-0.77,1.10,10.46;5.55,32.40
118.81047005,31.89291472,9.33;1.03,270.40,0.01;0.02,-5.28,0.07;1.98,-2.62,3.99;-0.77,1.10,10.46;5.56,33.00
118.81047005,31.89291472,9.33;1.03,270.40,0.01;0.02,-5.28,0.07;1.98,-2.62,3.99;-0.77,1.10,10.46;5.57,33.70
118.81047005,31.89291472,9.33;1.03,270.40,0.01;0.02,-5.28,0.07;1.98,-2.62,3.99;-0.77,1.10,10.46;5.60,34.50
118.81047005,31.89291472,9.33;1.03,270.40,0.01;0.02,-5.28,0.07;1.98,-2.62,3.99;-0.77,1.10,10.46;5.61,35.70
118.81047005,31.89291472,9.33;1.03,270.40,0.01;0.02,-5.28,0.07;1.98,-2.62,3.99;-0.77,1.10,10.46;5.78,36.40
118.81047005,31.89291472,9.33;1.03,270.40,0.01;0.02,-5.28,0.07;1.98,-2.62,3.99;-0.77,1.10,10.46;5.78,36.40
118.81047005,31.89291472,9.33;1.03,270.40,0.01;0.02,-5.28,0.07;1.98,-2.62,3.99;-0.77,1.10,10.46;5.79,70.90
118.81042990,31.89291440,9.40;0.68,266.53,0.35;-0.27,-5.65,0.14;1.98,-2.62,3.99;-0.77,1.10,10.46;5.81,73.70
118.81042990,31.89291440,9.40;0.68,266.53,0.35;-0.27,-5.65,0.14;-0.21,0.67,8.36;-0.86,1.19,10.22;5.82,76.70
118.81042990,31.89291440,9.40;0.68,266.53,0.35;-0.27,-5.65,0.14;0.75,0.77,12.49;-1.13,1.17,9.27;5.84,79.70
118.81042990,31.89291440,9.40;0.68,266.53,0.35;-0.27,-5.65,0.14;0.75,0.77,12.49;-1.13,1.17,9.27;5.85,82.70
118.81042990,31.89291440,9.40;0.68,266.53,0.35;-0.27,-5.65,0.14;0.75,0.77,12.49;-1.13,1.17,9.27;5.87,85.70
118.81042990,31.89291440,9.40;0.68,266.53,0.35;-0.27,-5.65,0.14;0.75,0.77,12.49;-1.13,1.17,9.27;5.87,88.60
118.81042990,31.89291440,9.40;0.68,266.53,0.35;-0.27,-5.65,0.14;0.75,0.77,12.49;-1.13,1.17,9.27;6.09,106.90
118.81042990,31.89291440,9.40;0.68,266.53,0.35;-0.27,-5.65,0.14;0.75,0.77,12.49;-1.13,1.17,9.27;6.11,105.90
118.81042990,31.89291440,9.40;0.68,266.53,0.35;-0.27,-5.65,0.14;0.75,0.77,12.49;-1.13,1.17,9.27;6.12,104.70
118.81042990,31.89291440,9.40;0.68,266.53,0.35;-0.27,-5.65,0.14;0.75,0.77,12.49;-1.13,1.17,9.27;6.13,103.10
118.81042990,31.89291440,9.40;0.68,266.53,0.35;-0.27,-5.65,0.14;0.75,0.77,12.49;-1.13,1.17,9.27;6.15,102.20
118.81042990,31.89291440,9.40;0.68,266.53,0.35;-0.27,-5.65,0.14;0.75,0.77,12.49;-1.13,1.17,9.27;6.16,100.10
118.81042990,31.89291440,9.40;0.68,266.53,0.35;-0.27,-5.65,0.14;0.75,0.77,12.49;-1.13,1.17,9.27;6.36,97.60
118.81042990,31.89291440,9.40;0.68,266.53,0.35;-0.27,-5.65,0.14;0.75,0.77,12.49;-1.13,1.17,9.27;6.39,32.10
118.81038319,31.89290898,9.51;0.15,256.97,0.46;-1.38,-6.06,0.10;0.75,0.77,12.49;-1.13,1.17,9.27;6.39,29.00
118.81038319,31.89290898,9.51;0.15,256.97,0.46;-1.38,-6.06,0.10;0.90,-1.74,2.59;-0.47,1.07,10.06;6.41,22.50
118.81038319,31.89290898,9.51;0.15,256.97,0.46;-1.38,-6.06,0.10;0.41,-1.56,0.67;-0.13,0.58,9.98;6.43,16.00
118.81038319,31.89290898,9.51;0.15,256.97,0.46;-1.38,-6.06,0.10;0.41,-1.56,0.67;-0.13,0.58,9.98;6.45,9.30
118.81038319,31.89290898,9.51;0.15,256.97,0.46;-1.38,-6.06,0.10;0.41,-1.56,0.67;-0.13,0.58,9.98;6.47,3.10
118.81038319,31.89290898,9.51;0.15,256.97,0.46;-1.38,-6.06,0.10;0.41,-1.56,0.67;-0.13,0.58,9.98;6.48,0.10
118.81038319,31.89290898,9.51;0.15,256.97,0.46;-1.38,-6.06,0.10;0.41,-1.56,0.67;-0.13,0.58,9.98;6.48,-66.70
118.81038319,31.89290898,9.51;0.15,256.97,0.46;-1.38,-6.06,0.10;0.41,-1.56,0.67;-0.13,0.58,9.98;6.65,-69.90
118.81038319,31.89290898,9.51;0.15,256.97,0.46;-1.38,-6.06,0.10;0.41,-1.56,0.67;-0.13,0.58,9.98;6.67,-72.70
118.81038319,31.89290898,9.51;0.15,256.97,0.46;-1.38,-6.06,0.10;0.41,-1.56,0.67;-0.13,0.58,9.98;6.68,-74.00
118.81038319,31.89290898,9.51;0.15,256.97,0.46;-1.38,-6.06,0.10;0.41,-1.56,0.67;-0.13,0.58,9.98;6.69,-76.40
118.81038319,31.89290898,9.51;0.15,256.97,0.46;-1.38,-6.06,0.10;0.41,-1.56,0.67;-0.13,0.58,9.98;6.71,-78.30
118.81038319,31.89290898,9.51;0.15,256.97,0.46;-1.38,-6.06,0.10;0.41,-1.56,0.67;-0.13,0.58,9.98;6.72,-79.90
118.81038319,31.89290898,9.51;0.15,256.97,0.46;-1.38,-6.06,0.10;0.41,-1.56,0.67;-0.13,0.58,9.98;6.72,-81.10
118.81038319,31.89290898,9.51;0.15,256.97,0.46;-1.38,-6.06,0.10;0.41,-1.56,0.67;-0.13,0.58,9.98;6.89,-82.20
118.81033663,31.89290116,9.58;-0.19,263.09,0.74;-0.81,-6.57,0.16;0.59,-0.25,-13.22;1.65,0.61,9.87;6.89,-82.30
118.81033663,31.89290116,9.58;-0.19,263.09,0.74;-0.81,-6.57,0.16;-0.63,0.33,-13.17;1.89,0.80,9.63;6.91,-82.20
118.81033663,31.89290116,9.58;-0.19,263.09,0.74;-0.81,-6.57,0.16;-0.63,0.33,-13.17;1.89,0.80,9.63;6.92,-82.00
118.81033663,31.89290116,9.58;-0.19,263.09,0.74;-0.81,-6.57,0.16;-0.63,0.33,-13.17;1.89,0.80,9.63;6.92,-81.90
118.81033663,31.89290116,9.58;-0.19,263.09,0.74;-0.81,-6.57,0.16;-0.63,0.33,-13.17;1.89,0.80,9.63;6.94,-81.60
118.81033663,31.89290116,9.58;-0.19,263.09,0.74;-0.81,-6.57,0.16;-0.63,0.33,-13.17;1.89,0.80,9.63;6.94,-81.30
118.81033663,31.89290116,9.58;-0.19,263.09,0.74;-0.81,-6.57,0.16;-0.63,0.33,-13.17;1.89,0.80,9.63;7.08,-55.30
118.81033663,31.89290116,9.58;-0.19,263.09,0.74;-0.81,-6.57,0.16;-0.63,0.33,-13.17;1.89,0.80,9.63;7.08,-52.70
118.81033663,31.89290116,9.58;-0.19,263.09,0.74;-0.81,-6.57,0.16;-0.63,0.33,-13.17;1.89,0.80,9.63;7.09,-47.40
118.81033663,31.89290116,9.58;-0.19,263.09,0.74;-0.81,-6.57,0.16;-0.63,0.33,-13.17;1.89,0.80,9.63;7.10,-41.70
118.81033663,31.89290116,9.58;-0.19,263.09,0.74;-0.81,-6.57,0.16;-0.63,0.33,-13.17;1.89,0.80,9.63;7.12,-35.90
118.81033663,31.89290116,9.58;-0.19,263.09,0.74;-0.81,-6.57,0.16;-0.63,0.33,-13.17;1.89,0.80,9.63;7.14,-30.00
118.81033663,31.89290116,9.58;-0.19,263.09,0.74;-0.81,-6.57,0.16;-0.63,0.33,-13.17;1.89,0.80,9.63;7.26,-26.90
118.81033663,31.89290116,9.58;-0.19,263.09,0.74;-0.81,-6.57,0.16;-0.63,0.33,-13.17;1.89,0.80,9.63;7.26,41.10
118.81028234,31.89289916,9.71;1.19,267.98,0.76;-0.10,-7.02,0.19;-0.63,0.33,-13.17;1.89,0.80,9.63;7.27,45.40
118.81028234,31.89289916,9.71;1.19,267.98,0.76;-0.10,-7.02,0.19;0.35,1.71,9.04;-1.32,1.05,10.27;7.28,49.30
118.81028234,31.89289916,9.71;1.19,267.98,0.76;-0.10,-7.02,0.19;0.35,1.71,9.04;-1.32,1.05,10.27;7.29,51.20
118.81028234,31.89289916,9.71;1.19,267.98,0.76;-0.10,-7.02,0.19;0.35,1.71,9.04;-1.32,1.05,10.27;7.31,54.60
118.81028234,31.89289916,9.71;1.19,267.98,0.76;-0.10,-7.02,0.19;0.35,1.71,9.04;-1.32,1.05,10.27;7.31,57.40
118.81028234,31.89289916,9.71;1.19,267.98,0.76;-0.10,-7.02,0.19;0.35,1.71,9.04;-1.32,1.05,10.27;7.31,60.30
118.81028234,31.89289916,9.71;1.19,267.98,0.76;-0.10,-7.02,0.19;0.35,1.71,9.04;-1.32,1.05,10.27;7.31,62.80
118.81028234,31.89289916,9.71;1.19,267.98,0.76;-0.10,-7.02,0.19;0.35,1.71,9.04;-1.32,1.05,10.27;7.40,67.30
118.81028234,31.89289916,9.71;1.19,267.98,0.76;-0.10,-7.02,0.19;0.35,1.71,9.04;-1.32,1.05,10.27;7.40,66.50
118.81028234,31.89289916,9.71;1.19,267.98,0.76;-0.10,-7.02,0.19;0.35,1.71,9.04;-1.32,1.05,10.27;7.41,65.30
118.81028234,31.89289916,9.71;1.19,267.98,0.76;-0.10,-7.02,0.19;0.35,1.71,9.04;-1.32,1.05,10.27;7.43,63.60
118.81028234,31.89289916,9.71;1.19,267.98,0.76;-0.10,-7.02,0.19;0.35,1.71,9.04;-1.32,1.05,10.27;7.46,62.40
118.81028234,31.89289916,9.71;1.19,267.98,0.76;-0.10,-7.02,0.19;0.35,1.71,9.04;-1.32,1.05,10.27;7.47,59.70
118.81028234,31.89289916,9.71;1.19,267.98,0.76;-0.10,-7.02,0.19;0.35,1.71,9.04;-1.32,1.05,10.27;7.50,56.30
118.81028234,31.89289916,9.71;1.19,267.98,0.76;-0.10,-7.02,0.19;0.35,1.71,9.04;-1.32,1.05,10.27;7.50,-16.50
118.81022923,31.89289519,9.82;0.61,261.63,0.42;-1.09,-7.28,0.17;4.11,2.72,11.66;-1.55,0.63,10.46;7.64,-19.10
118.81022923,31.89289519,9.82;0.61,261.63,0.42;-1.09,-7.28,0.17;1.17,-3.78,-3.55;0.21,0.27,10.02;7.65,-24.50
118.81022923,31.89289519,9.82;0.61,261.63,0.42;-1.09,-7.28,0.17;1.17,-3.78,-3.55;0.21,0.27,10.02;7.65,-30.00
118.81022923,31.89289519,9.82;0.61,261.63,0.42;-1.09,-7.28,0.17;1.17,-3.78,-3.55;0.21,0.27,10.02;7.66,-34.90
118.81022923,31.89289519,9.82;0.61,261.63,0.42;-1.09,-7.28,0.17;1.17,-3.78,-3.55;0.21,0.27,10.02;7.68,-39.60
118.81022923,31.89289519,9.82;0.61,261.63,0.42;-1.09,-7.28,0.17;1.17,-3.78,-3.55;0.21,0.27,10.02;7.80,-41.80
118.81022923,31.89289519,9.82;0.61,261.63,0.42;-1.09,-7.28,0.17;1.17,-3.78,-3.55;0.21,0.27,10.02;7.80,-76.20
118.81022923,31.89289519,9.82;0.61,261.63,0.42;-1.09,-7.28,0.17;1.17,-3.78,-3.55;0.21,0.27,10.02;7.80,-76.80
118.81022923,31.89289519,9.82;0.61,261.63,0.42;-1.09,-7.28,0.17;1.17,-3.78,-3.55;0.21,0.27,10.02;7.79,-77.90
118.81022923,31.89289519,9.82;0.61,261.63,0.42;-1.09,-7.28,0.17;1.17,-3.78,-3.55;0.21,0.27,10.02;7.79,-78.90
118.81022923,31.89289519,9.82;0.61,261.63,0.42;-1.09,-7.28,0.17;1.17,-3.78,-3.55;0.21,0.27,10.02;7.79,-79.60
118.81022923,31.89289519,9.82;0.61,261.63,0.42;-1.09,-7.28,0.17;1.17,-3.78,-3.55;0.21,0.27,10.02;7.80,-79.90
118.81022923,31.89289519,9.82;0.61,261.63,0.42;-1.09,-7.28,0.17;1.17,-3.78,-3.55;0.21,0.27,10.02;7.80,-79.80
118.81022923,31.89289519,9.82;0.61,261.63,0.42;-1.09,-7.28,0.17;1.17,-3.78,-3.55;0.21,0.27,10.02;7.80,-79.10
118.81017042,31.89289050,9.96;-0.19,269.54,0.69;0.00,-7.59,0.22;1.94,-0.07,-12.53;1.86,0.68,11.72;7.93,-32.60
118.81017042,31.89289050,9.96;-0.19,269.54,0.69;0.00,-7.59,0.22;-1.23,7.71,-5.55;1.43,0.24,9.57;7.91,-27.50
118.81017042,31.89289050,9.96;-0.19,269.54,0.69;0.00,-7.59,0.22;-1.23,7.71,-5.55;1.43,0.24,9.57;7.89,-22.60
118.81017042,31.89289050,9.96;-0.19,269.54,0.69;0.00,-7.59,0.22;-1.23,7.71,-5.55;1.43,0.24,9.57;7.93,-17.00
118.81017042,31.89289050,9.96;-0.19,269.54,0.69;0.00,-7.59,0.22;-1.23,7.71,-5.55;1.43,0.24,9.57;7.94,-14.40
118.81017042,31.89289050,9.96;-0.19,269.54,0.69;0.00,-7.59,0.22;-1.23,7.71,-5.55;1.43,0.24,9.57;7.92,-8.90
118.81017042,31.89289050,9.96;-0.19,269.54,0.69;0.00,-7.59,0.22;-1.23,7.71,-5.55;1.43,0.24,9.57;7.93,-3.20
118.81017042,31.89289050,9.96;-0.19,269.54,0.69;0.00,-7.59,0.22;-1.23,7.71,-5.55;1.43,0.24,9.57;7.93,54.20
118.81017042,31.89289050,9.96;-0.19,269.54,0.69;0.00,-7.59,0.22;-1.23,7.71,-5.55;1.43,0.24,9.57;7.98,55.60
118.81017042,31.89289050,9.96;-0.19,269.54,0.69;0.00,-7.59,0.22;-1.23,7.71,-5.55;1.43,0.24,9.57;7.98,59.10
118.81017042,31.89289050,9.96;-0.19,269.54,0.69;0.00,-7.59,0.22;-1.23,7.71,-5.55;1.43,0.24,9.57;7.99,62.00
118.81017042,31.89289050,9.96;-0.19,269.54,0.69;0.00,-7.59,0.22;-1.23,7.71,-5.55;1.43,0.24,9.57;7.99,64.60
118.81017042,31.89289050,9.96;-0.19,269.54,0.69;0.00,-7.59,0.22;-1.23,7.71,-5.55;1.43,0.24,9.57;7.99,66.90
118.81017042,31.89289050,9.96;-0.19,269.54,0.69;0.00,-7.59,0.22;-1.23,7.71,-5.55;1.43,0.24,9.57;8.06,67.40
118.81017042,31.89289050,9.96;-0.19,269.54,0.69;0.00,-7.59,0.22;1.03,2.02,9.01;-0.05,0.68,8.52;8.06,83.00
118.81011358,31.89288973,10.15;1.25,264.28,1.05;-0.63,-7.72,0.23;5.16,-0.15,15.99;-2.61,0.64,9.19;8.09,81.10
118.81011358,31.89288973,10.15;1.25,264.28,1.05;-0.63,-7.72,0.23;5.16,-0.15,15.99;-2.61,0.64,9.19;8.10,78.50
118.81011358,31.89288973,10.15;1.25,264.28,1.05;-0.63,-7.72,0.23;5.16,-0.15,15.99;-2.61,0.64,9.19;8.10,77.00
118.81011358,31.89288973,10.15;1.25,264.28,1.05;-0.63,-7.72,0.23;5.16,-0.15,15.99;-2.61,0.64,9.19;8.11,73.50
118.81011358,31.89288973,10.15;1.25,264.28,1.05;-0.63,-7.72,0.23;5.16,-0.15,15.99;-2.61,0.64,9.19;8.11,69.50
118.81011358,31.89288973,10.15;1.25,264.28,1.05;-0.63,-7.72,0.23;5.16,-0.15,15.99;-2.61,0.64,9.19;8.11,64.90
118.81011358,31.89288973,10.15;1.25,264.28,1.05;-0.63,-7.72,0.23;5.16,-0.15,15.99;-2.61,0.64,9.19;8.12,64.90
118.81011358,31.89288973,10.15;1.25,264.28,1.05;-0.63,-7.72,0.23;5.16,-0.15,15.99;-2.61,0.64,9.19;8.12,-11.10
118.81011358,31.89288973,10.15;1.25,264.28,1.05;-0.63,-7.72,0.23;5.16,-0.15,15.99;-2.61,0.64,9.19;8.12,-16.80
118.81011358,31.89288973,10.15;1.25,264.28,1.05;-0.63,-7.72,0.23;5.16,-0.15,15.99;-2.61,0.64,9.19;8.13,-22.20
118.81011358,31.89288973,10.15;1.25,264.28,1.05;-0.63,-7.72,0.23;5.16,-0.15,15.99;-2.61,0.64,9.19;8.13,-27.40
118.81011358,31.89288973,10.15;1.25,264.28,1.05;-0.63,-7.72,0.23;5.16,-0.15,15.99;-2.61,0.64,9.19;8.15,-32.50
118.81011358,31.89288973,10.15;1.25,264.28,1.05;-0.63,-7.72,0.23;5.16,-0.15,15.99;-2.61,0.64,9.19;8.16,-35.00
118.81011358,31.89288973,10.15;1.25,264.28,1.05;-0.63,-7.72,0.23;5.16,-0.15,15.99;-2.61,0.64,9.19;8.16,-73.60
118.81005239,31.89288237,10.39;-0.65,264.41,1.81;-0.84,-7.79,0.36;0.54,0.26,-13.98;2.35,0.23,10.08;8.20,-74.60
118.81005239,31.89288237,10.39;-0.65,264.41,1.81;-0.84,-7.79,0.36;0.54,0.26,-13.98;2.35,0.23,10.08;8.19,-75.40
118.81005239,31.89288237,10.39;-0.65,264.41,1.81;-0.84,-7.79,0.36;0.54,0.26,-13.98;2.35,0.23,10.08;8.20,-75.70
118.81005239,31.89288237,10.39;-0.65,264.41,1.81;-0.84,-7.79,0.36;0.54,0.26,-13.98;2.35,0.23,10.08;8.19,-76.10
118.81005239,31.89288237,10.39;-0.65,264.41,1.81;-0.84,-7.79,0.36;0.54,0.26,-13.98;2.35,0.23,10.08;8.19,-76.20
118.81005239,31.89288237,10.39;-0.65,264.41,1.81;-0.84,-7.79,0.36;0.54,0.26,-13.98;2.35,0.23,10.08;8.19,-76.20
118.81005239,31.89288237,10.39;-0.65,264.41,1.81;-0.84,-7.79,0.36;0.54,0.26,-13.98;2.35,0.23,10.08;8.19,-75.80
118.81005239,31.89288237,10.39;-0.65,264.41,1.81;-0.84,-7.79,0.36;0.54,0.26,-13.98;2.35,0.23,10.08;8.21,-34.50
118.81005239,31.89288237,10.39;-0.65,264.41,1.81;-0.84,-7.79,0.36;0.54,0.26,-13.98;2.35,0.23,10.08;8.21,-29.20
118.81005239,31.89288237,10.39;-0.65,264.41,1.81;-0.84,-7.79,0.36;0.54,0.26,-13.98;2.35,0.23,10.08;8.22,-23.80
118.81005239,31.89288237,10.39;-0.65,264.41,1.81;-0.84,-7.79,0.36;0.54,0.26,-13.98;2.35,0.23,10.08;8.23,-18.50
118.81005239,31.89288237,10.39;-0.65,264.41,1.81;-0.84,-7.79,0.36;0.54,0.26,-13.98;2.35,0.23,10.08;8.24,-13.20
118.81005239,31.89288237,10.39;-0.65,264.41,1.81;-0.84,-7.79,0.36;0.54,0.26,-13.98;2.35,0.23,10.08;8.24,-10.40
118.81005239,31.89288237,10.39;-0.65,264.41,1.81;-0.84,-7.79,0.36;0.54,0.26,-13.98;2.35,0.23,10.08;8.24,-5.40
118.81005239,31.89288237,10.39;-0.65,264.41,1.81;-0.84,-7.79,0.36;1.25,4.59,3.01;0.47,0.75,9.90;8.24,57.80
118.80999432,31.89288057,10.67;0.83,268.18,2.20;-0.10,-7.90,0.43;-0.70,2.69,10.04;-1.20,0.59,10.11;8.24,59.80
118.80999432,31.89288057,10.67;0.83,268.18,2.20;-0.10,-7.90,0.43;-0.70,2.69,10.04;-1.20,0.59,10.11;8.23,63.50
118.80999432,31.89288057,10.67;0.83,268.18,2.20;-0.10,-7.90,0.43;-0.70,2.69,10.04;-1.20,0.59,10.11;8.23,66.90
118.80999432,31.89288057,10.67;0.83,268.18,2.20;-0.10,-7.90,0.43;-0.70,2.69,10.04;-1.20,0.59,10.11;8.22,69.80
118.80999432,31.89288057,10.67;0.83,268.18,2.20;-0.10,-7.90,0.43;-0.70,2.69,10.04;-1.20,0.59,10.11;8.22,72.30
118.80999432,31.89288057,10.67;0.83,268.18,2.20;-0.10,-7.90,0.43;-0.70,2.69,10.04;-1.20,0.59,10.11;8.32,73.40
118.80999432,31.89288057,10.67;0.83,268.18,2.20;-0.10,-7.90,0.43;-0.70,2.69,10.04;-1.20,0.59,10.11;8.32,60.40
118.80999432,31.89288057,10.67;0.83,268.18,2.20;-0.10,-7.90,0.43;-0.70,2.69,10.04;-1.20,0.59,10.11;8.35,55.90
118.80999432,31.89288057,10.67;0.83,268.18,2.20;-0.10,-7.90,0.43;-0.70,2.69,10.04;-1.20,0.59,10.11;8.35,51.30
118.80999432,31.89288057,10.67;0.83,268.18,2.20;-0.10,-7.90,0.43;-0.70,2.69,10.04;-1.20,0.59,10.11;8.34,48.90
118.80999432,31.89288057,10.67;0.83,268.18,2.20;-0.10,-7.90,0.43;-0.70,2.69,10.04;-1.20,0.59,10.11;8.33,44.40
118.80999432,31.89288057,10.67;0.83,268.18,2.20;-0.10,-7.90,0.43;-0.70,2.69,10.04;-1.20,0.59,10.11;8.32,40.00
118.80999432,31.89288057,10.67;0.83,268.18,2.20;-0.10,-7.90,0.43;-0.70,2.69,10.04;-1.20,0.59,10.11;8.31,35.60
118.80999432,31.89288057,10.67;0.83,268.18,2.20;-0.10,-7.90,0.43;7.10,-1.26,9.27;-0.27,1.21,10.06;8.31,31.30
118.80993257,31.89287541,11.11;-0.12,261.44,0.63;-1.18,-7.65,0.58;-17.56,-6.44,-1.10;-0.10,-0.35,4.56;7.92,-7.60
118.80993257,31.89287541,11.11;-0.12,261.44,0.63;-1.18,-7.65,0.58;-17.56,-6.44,-1.10;-0.10,-0.35,4.56;7.91,-8.20
118.80993257,31.89287541,11.11;-0.12,261.44,0.63;-1.18,-7.65,0.58;-17.56,-6.44,-1.10;-0.10,-0.35,4.56;7.93,-8.90
118.80993257,31.89287541,11.11;-0.12,261.44,0.63;-1.18,-7.65,0.58;-17.56,-6.44,-1.10;-0.10,-0.35,4.56;7.97,-9.10
118.80993257,31.89287541,11.11;-0.12,261.44,0.63;-1.18,-7.65,0.58;-17.56,-6.44,-1.10;-0.10,-0.35,4.56;7.99,-9.80
118.80993257,31.89287541,11.11;-0.12,261.44,0.63;-1.18,-7.65,0.58;-17.56,-6.44,-1.10;-0.10,-0.35,4.56;8.01,-10.20
118.80993257,31.89287541,11.11;-0.12,261.44,0.63;-1.18,-7.65,0.58;-17.56,-6.44,-1.10;-0.10,-0.35,4.56;8.04,-11.00
118.80993257,31.89287541,11.11;-0.12,261.44,0.63;-1.18,-7.65,0.58;-17.56,-6.44,-1.10;-0.10,-0.35,4.56;8.04,-19.90
118.80993257,31.89287541,11.11;-0.12,261.44,0.63;-1.18,-7.65,0.58;-17.56,-6.44,-1.10;-0.10,-0.35,4.56;8.02,-20.60
118.80993257,31.89287541,11.11;-0.12,261.44,0.63;-1.18,-7.65,0.58;-17.56,-6.44,-1.10;-0.10,-0.35,4.56;8.00,-22.20
118.80993257,31.89287541,11.11;-0.12,261.44,0.63;-1.18,-7.65,0.58;-17.56,-6.44,-1.10;-0.10,-0.35,4.56;7.99,-23.80
118.80993257,31.89287541,11.11;-0.12,261.44,0.63;-1.18,-7.65,0.58;-17.56,-6.44,-1.10;-0.10,-0.35,4.56;7.98,-25.60
118.80993257,31.89287541,11.11;-0.12,261.44,0.63;-1.18,-7.65,0.58;-17.56,-6.44,-1.10;-0.10,-0.35,4.56;7.97,-27.50
118.80993257,31.89287541,11.11;-0.12,261.44,0.63;-1.18,-7.65,0.58;-6.28,-0.70,-3.72;0.28,-0.15,9.63;7.94,-28.50
118.80993257,31.89287541,11.11;-0.12,261.44,0.63;-1.18,-7.65,0.58;1.14,0.12,-8.22;1.66,-0.29,9.52;7.94,-46.40
118.80987218,31.89286851,11.26;-0.25,264.72,-0.30;-0.73,-7.54,0.12;1.14,0.12,-8.22;1.66,-0.29,9.52;7.93,-46.70
118.80987218,31.89286851,11.26;-0.25,264.72,-0.30;-0.73,-7.54,0.12;1.14,0.12,-8.22;1.66,-0.29,9.52;7.93,-46.70
118.80987218,31.89286851,11.26;-0.25,264.72,-0.30;-0.73,-7.54,0.12;1.14,0.12,-8.22;1.66,-0.29,9.52;7.93,-46.60
118.80987218,31.89286851,11.26;-0.25,264.72,-0.30;-0.73,-7.54,0.12;1.14,0.12,-8.22;1.66,-0.29,9.52;7.93,-46.20
118.80987218,31.89286851,11.26;-0.25,264.72,-0.30;-0.73,-7.54,0.12;1.14,0.12,-8.22;1.66,-0.29,9.52;7.91,-45.70
118.80987218,31.89286851,11.26;-0.25,264.72,-0.30;-0.73,-7.54,0.12;1.14,0.12,-8.22;1.66,-0.29,9.52;7.91,-45.00
118.80987218,31.89286851,11.26;-0.25,264.72,-0.30;-0.73,-7.54,0.12;1.14,0.12,-8.22;1.66,-0.29,9.52;7.91,-44.10
118.80987218,31.89286851,11.26;-0.25,264.72,-0.30;-0.73,-7.54,0.12;1.14,0.12,-8.22;1.66,-0.29,9.52;7.80,-26.70
118.80987218,31.89286851,11.26;-0.25,264.72,-0.30;-0.73,-7.54,0.12;1.14,0.12,-8.22;1.66,-0.29,9.52;7.78,-25.10
118.80987218,31.89286851,11.26;-0.25,264.72,-0.30;-0.73,-7.54,0.12;1.14,0.12,-8.22;1.66,-0.29,9.52;7.78,-23.30
118.80987218,31.89286851,11.26;-0.25,264.72,-0.30;-0.73,-7.54,0.12;1.14,0.12,-8.22;1.66,-0.29,9.52;7.76,-21.50
118.80987218,31.89286851,11.26;-0.25,264.72,-0.30;-0.73,-7.54,0.12;1.14,0.12,-8.22;1.66,-0.29,9.52;7.74,-19.60
