  longitude ,  latitude ,high;roll,yaw,pitch;n_vel,e_vel,u_vel;angleSpeedx_y_z;lineAccx_y_z;speed,steeringAngle
118.81093400,31.89293999,8.67;0.98,269.25,-0.56;-0.01,-2.22,0.02;-0.33,0.42,-0.06;-0.09,-0.22,9.85;2.27,10.20
118.81093400,31.89293999,8.67;0.98,269.25,-0.56;-0.01,-2.22,0.02;-0.33,0.42,-0.06;-0.09,-0.22,9.85;2.27,10.30
118.81093400,31.89293999,8.67;0.98,269.25,-0.56;-0.01,-2.22,0.02;0.42,-0.06,0.58;-0.02,-0.20,10.23;2.27,10.40
118.81093400,31.89293999,8.67;0.98,269.25,-0.56;-0.01,-2.22,0.02;-0.56,-0.40,0.60;-0.36,0.20,10.55;2.27,9.80
118.81093400,31.89293999,8.67;0.98,269.25,-0.56;-0.01,-2.22,0.02;-0.56,-0.40,0.60;-0.36,0.20,10.55;2.35,9.80
118.81093400,31.89293999,8.67;0.98,269.25,-0.56;-0.01,-2.22,0.02;-0.56,-0.40,0.60;-0.36,0.20,10.55;2.38,9.90
118.81093400,31.89293999,8.67;0.98,269.25,-0.56;-0.01,-2.22,0.02;-0.56,-0.40,0.60;-0.36,0.20,10.55;2.39,10.10
118.81093400,31.89293999,8.67;0.98,269.25,-0.56;-0.01,-2.22,0.02;-0.56,-0.40,0.60;-0.36,0.20,10.55;2.40,10.20
118.81093400,31.89293999,8.67;0.98,269.25,-0.56;-0.01,-2.22,0.02;-0.56,-0.40,0.60;-0.36,0.20,10.55;2.40,10.30
118.81093400,31.89293999,8.67;0.98,269.25,-0.56;-0.01,-2.22,0.02;-0.56,-0.40,0.60;-0.36,0.20,10.55;2.43,10.40
118.81093400,31.89293999,8.67;0.98,269.25,-0.56;-0.01,-2.22,0.02;-0.56,-0.40,0.60;-0.36,0.20,10.55;2.43,13.60
118.81093400,31.89293999,8.67;0.98,269.25,-0.56;-0.01,-2.22,0.02;-0.56,-0.40,0.60;-0.36,0.20,10.55;2.66,13.90
118.81093400,31.89293999,8.67;0.98,269.25,-0.56;-0.01,-2.22,0.02;-0.56,-0.40,0.60;-0.36,0.20,10.55;2.66,14.20
118.81093400,31.89293999,8.67;0.98,269.25,-0.56;-0.01,-2.22,0.02;-0.56,-0.40,0.60;-0.36,0.20,10.55;2.69,14.30
118.81091440,31.89293964,8.68;1.00,268.74,-0.51;-0.05,-2.79,0.02;-0.56,-0.40,0.60;-0.36,0.20,10.55;2.71,14.50
118.81091440,31.89293964,8.68;1.00,268.74,-0.51;-0.05,-2.79,0.02;-0.56,-0.40,0.60;-0.36,0.20,10.55;2.73,14.70
118.81091440,31.89293964,8.68;1.00,268.74,-0.51;-0.05,-2.79,0.02;0.38,-0.15,1.29;-0.07,0.99,9.49;2.75,14.90
118.81091440,31.89293964,8.68;1.00,268.74,-0.51;-0.05,-2.79,0.02;0.38,-0.15,1.29;-0.07,0.99,9.49;2.77,15.00
118.81091440,31.89293964,8.68;1.00,268.74,-0.51;-0.05,-2.79,0.02;0.38,-0.15,1.29;-0.07,0.99,9.49;2.96,15.10
118.81091440,31.89293964,8.68;1.00,268.74,-0.51;-0.05,-2.79,0.02;0.38,-0.15,1.29;-0.07,0.99,9.49;2.98,15.20
118.81091440,31.89293964,8.68;1.00,268.74,-0.51;-0.05,-2.79,0.02;0.38,-0.15,1.29;-0.07,0.99,9.49;2.99,15.20
118.81091440,31.89293964,8.68;1.00,268.74,-0.51;-0.05,-2.79,0.02;0.38,-0.15,1.29;-0.07,0.99,9.49;3.02,15.20
118.81091440,31.89293964,8.68;1.00,268.74,-0.51;-0.05,-2.79,0.02;0.38,-0.15,1.29;-0.07,0.99,9.49;3.05,15.20
118.81091440,31.89293964,8.68;1.00,268.74,-0.51;-0.05,-2.79,0.02;0.38,-0.15,1.29;-0.07,0.99,9.49;3.06,15.20
118.81091440,31.89293964,8.68;1.00,268.74,-0.51;-0.05,-2.79,0.02;0.38,-0.15,1.29;-0.07,0.99,9.49;3.07,15.20
118.81091440,31.89293964,8.68;1.00,268.74,-0.51;-0.05,-2.79,0.02;0.38,-0.15,1.29;-0.07,0.99,9.49;3.07,14.90
118.81091440,31.89293964,8.68;1.00,268.74,-0.51;-0.05,-2.79,0.02;0.38,-0.15,1.29;-0.07,0.99,9.49;3.32,15.00
118.81091440,31.89293964,8.68;1.00,268.74,-0.51;-0.05,-2.79,0.02;0.38,-0.15,1.29;-0.07,0.99,9.49;3.33,14.90
118.81091440,31.89293964,8.68;1.00,268.74,-0.51;-0.05,-2.79,0.02;0.38,-0.15,1.29;-0.07,0.99,9.49;3.35,14.90
118.81089157,31.89293923,8.69;1.07,267.95,-0.40;-0.10,-3.38,0.03;0.38,-0.15,1.29;-0.07,0.99,9.49;3.37,14.90
118.81089157,31.89293923,8.69;1.07,267.95,-0.40;-0.10,-3.38,0.03;0.38,-0.15,1.29;-0.07,0.99,9.49;3.38,15.00
118.81089157,31.89293923,8.69;1.07,267.95,-0.40;-0.10,-3.38,0.03;0.47,0.28,1.20;-0.07,0.76,10.23;3.40,15.00
118.81089157,31.89293923,8.69;1.07,267.95,-0.40;-0.10,-3.38,0.03;0.47,0.28,1.20;-0.07,0.76,10.23;3.40,14.80
118.81089157,31.89293923,8.69;1.07,267.95,-0.40;-0.10,-3.38,0.03;0.47,0.28,1.20;-0.07,0.76,10.23;3.60,14.80
118.81089157,31.89293923,8.69;1.07,267.95,-0.40;-0.10,-3.38,0.03;0.47,0.28,1.20;-0.07,0.76,10.23;3.60,14.80
118.81089157,31.89293923,8.69;1.07,267.95,-0.40;-0.10,-3.38,0.03;0.47,0.28,1.20;-0.07,0.76,10.23;3.62,14.80
118.81089157,31.89293923,8.69;1.07,267.95,-0.40;-0.10,-3.38,0.03;0.47,0.28,1.20;-0.07,0.76,10.23;3.64,14.70
118.81089157,31.89293923,8.69;1.07,267.95,-0.40;-0.10,-3.38,0.03;0.47,0.28,1.20;-0.07,0.76,10.23;3.65,14.70
118.81089157,31.89293923,8.69;1.07,267.95,-0.40;-0.10,-3.38,0.03;0.47,0.28,1.20;-0.07,0.76,10.23;3.66,14.60
118.81089157,31.89293923,8.69;1.07,267.95,-0.40;-0.10,-3.38,0.03;0.47,0.28,1.20;-0.07,0.76,10.23;3.66,14.60
118.81089157,31.89293923,8.69;1.07,267.95,-0.40;-0.10,-3.38,0.03;0.47,0.28,1.20;-0.07,0.76,10.23;3.79,13.80
118.81089157,31.89293923,8.69;1.07,267.95,-0.40;-0.10,-3.38,0.03;0.47,0.28,1.20;-0.07,0.76,10.23;3.79,13.60
118.81089157,31.89293923,8.69;1.07,267.95,-0.40;-0.10,-3.38,0.03;0.47,0.28,1.20;-0.07,0.76,10.23;3.81,13.40
118.81086306,31.89293831,8.71;1.02,267.02,-0.26;-0.17,-3.79,0.05;0.47,0.28,1.20;-0.07,0.76,10.23;3.82,13.10
118.81086306,31.89293831,8.71;1.02,267.02,-0.26;-0.17,-3.79,0.05;0.47,0.28,1.20;-0.07,0.76,10.23;3.84,12.80
118.81086306,31.89293831,8.71;1.02,267.02,-0.26;-0.17,-3.79,0.05;-0.89,0.32,1.06;-0.16,0.50,10.34;3.85,12.60
118.81086306,31.89293831,8.71;1.02,267.02,-0.26;-0.17,-3.79,0.05;0.46,0.23,0.95;-0.07,0.53,9.69;3.85,8.60
118.81086306,31.89293831,8.71;1.02,267.02,-0.26;-0.17,-3.79,0.05;0.46,0.23,0.95;-0.07,0.53,9.69;3.98,8.50
118.81086306,31.89293831,8.71;1.02,267.02,-0.26;-0.17,-3.79,0.05;0.46,0.23,0.95;-0.07,0.53,9.69;3.99,8.40
118.81086306,31.89293831,8.71;1.02,267.02,-0.26;-0.17,-3.79,0.05;0.46,0.23,0.95;-0.07,0.53,9.69;4.00,8.40
118.81086306,31.89293831,8.71;1.02,267.02,-0.26;-0.17,-3.79,0.05;0.46,0.23,0.95;-0.07,0.53,9.69;4.01,8.40
118.81086306,31.89293831,8.71;1.02,267.02,-0.26;-0.17,-3.79,0.05;0.46,0.23,0.95;-0.07,0.53,9.69;4.02,8.40
118.81086306,31.89293831,8.71;1.02,267.02,-0.26;-0.17,-3.79,0.05;0.46,0.23,0.95;-0.07,0.53,9.69;4.02,8.30
118.81086306,31.89293831,8.71;1.02,267.02,-0.26;-0.17,-3.79,0.05;0.46,0.23,0.95;-0.07,0.53,9.69;4.02,8.20
118.81086306,31.89293831,8.71;1.02,267.02,-0.26;-0.17,-3.79,0.05;0.46,0.23,0.95;-0.07,0.53,9.69;4.06,5.70
118.81086306,31.89293831,8.71;1.02,267.02,-0.26;-0.17,-3.79,0.05;0.46,0.23,0.95;-0.07,0.53,9.69;4.06,5.50
118.81086306,31.89293831,8.71;1.02,267.02,-0.26;-0.17,-3.79,0.05;0.46,0.23,0.95;-0.07,0.53,9.69;4.06,5.20
118.81086306,31.89293831,8.71;1.02,267.02,-0.26;-0.17,-3.79,0.05;0.46,0.23,0.95;-0.07,0.53,9.69;4.06,5.00
118.81083432,31.89293697,8.75;1.04,266.51,-0.27;-0.21,-3.87,0.06;0.46,0.23,0.95;-0.07,0.53,9.69;4.05,5.00
118.81083432,31.89293697,8.75;1.04,266.51,-0.27;-0.21,-3.87,0.06;-0.19,-0.07,0.55;-0.09,-0.16,9.59;4.05,4.80
118.81083432,31.89293697,8.75;1.04,266.51,-0.27;-0.21,-3.87,0.06;1.00,-0.16,0.41;-0.13,-0.34,9.95;4.05,4.80
118.81083432,31.89293697,8.75;1.04,266.51,-0.27;-0.21,-3.87,0.06;1.00,-0.16,0.41;-0.13,-0.34,9.95;4.05,5.00
118.81083432,31.89293697,8.75;1.04,266.51,-0.27;-0.21,-3.87,0.06;1.00,-0.16,0.41;-0.13,-0.34,9.95;3.98,5.00
118.81083432,31.89293697,8.75;1.04,266.51,-0.27;-0.21,-3.87,0.06;1.00,-0.16,0.41;-0.13,-0.34,9.95;3.97,5.00
118.81083432,31.89293697,8.75;1.04,266.51,-0.27;-0.21,-3.87,0.06;1.00,-0.16,0.41;-0.13,-0.34,9.95;3.96,5.10
118.81083432,31.89293697,8.75;1.04,266.51,-0.27;-0.21,-3.87,0.06;1.00,-0.16,0.41;-0.13,-0.34,9.95;3.95,5.20
118.81083432,31.89293697,8.75;1.04,266.51,-0.27;-0.21,-3.87,0.06;1.00,-0.16,0.41;-0.13,-0.34,9.95;3.95,5.20
118.81083432,31.89293697,8.75;1.04,266.51,-0.27;-0.21,-3.87,0.06;1.00,-0.16,0.41;-0.13,-0.34,9.95;3.94,5.20
118.81083432,31.89293697,8.75;1.04,266.51,-0.27;-0.21,-3.87,0.06;1.00,-0.16,0.41;-0.13,-0.34,9.95;3.94,5.20
118.81083432,31.89293697,8.75;1.04,266.51,-0.27;-0.21,-3.87,0.06;1.00,-0.16,0.41;-0.13,-0.34,9.95;3.81,5.20
118.81083432,31.89293697,8.75;1.04,266.51,-0.27;-0.21,-3.87,0.06;1.00,-0.16,0.41;-0.13,-0.34,9.95;3.80,5.20
118.81083432,31.89293697,8.75;1.04,266.51,-0.27;-0.21,-3.87,0.06;1.00,-0.16,0.41;-0.13,-0.34,9.95;3.78,5.10
118.81080501,31.89293551,8.79;0.97,266.21,-0.22;-0.21,-3.54,0.05;1.00,-0.16,0.41;-0.13,-0.34,9.95;3.78,5.10
118.81080501,31.89293551,8.79;0.97,266.21,-0.22;-0.21,-3.54,0.05;0.08,0.33,0.57;-0.28,-0.28,9.46;3.78,5.10
118.81080501,31.89293551,8.79;0.97,266.21,-0.22;-0.21,-3.54,0.05;-0.36,0.35,0.52;-0.20,-0.55,10.19;3.78,5.00
118.81080501,31.89293551,8.79;0.97,266.21,-0.22;-0.21,-3.54,0.05;-0.36,0.35,0.52;-0.20,-0.55,10.19;3.76,5.00
118.81080501,31.89293551,8.79;0.97,266.21,-0.22;-0.21,-3.54,0.05;-0.36,0.35,0.52;-0.20,-0.55,10.19;3.65,4.60
118.81080501,31.89293551,8.79;0.97,266.21,-0.22;-0.21,-3.54,0.05;-0.36,0.35,0.52;-0.20,-0.55,10.19;3.64,4.60
118.81080501,31.89293551,8.79;0.97,266.21,-0.22;-0.21,-3.54,0.05;-0.36,0.35,0.52;-0.20,-0.55,10.19;3.62,4.60
118.81080501,31.89293551,8.79;0.97,266.21,-0.22;-0.21,-3.54,0.05;-0.36,0.35,0.52;-0.20,-0.55,10.19;3.62,4.60
118.81080501,31.89293551,8.79;0.97,266.21,-0.22;-0.21,-3.54,0.05;-0.36,0.35,0.52;-0.20,-0.55,10.19;3.61,4.50
118.81080501,31.89293551,8.79;0.97,266.21,-0.22;-0.21,-3.54,0.05;-0.36,0.35,0.52;-0.20,-0.55,10.19;3.60,4.50
118.81080501,31.89293551,8.79;0.97,266.21,-0.22;-0.21,-3.54,0.05;-0.36,0.35,0.52;-0.20,-0.55,10.19;3.59,4.40
118.81080501,31.89293551,8.79;0.97,266.21,-0.22;-0.21,-3.54,0.05;-0.36,0.35,0.52;-0.20,-0.55,10.19;3.59,3.70
118.81080501,31.89293551,8.79;0.97,266.21,-0.22;-0.21,-3.54,0.05;-0.36,0.35,0.52;-0.20,-0.55,10.19;3.46,3.70
118.81080501,31.89293551,8.79;0.97,266.21,-0.22;-0.21,-3.54,0.05;-0.36,0.35,0.52;-0.20,-0.55,10.19;3.46,3.60
118.81080501,31.89293551,8.79;0.97,266.21,-0.22;-0.21,-3.54,0.05;-0.36,0.35,0.52;-0.20,-0.55,10.19;3.45,3.60
118.81077989,31.89293416,8.81;1.00,265.98,-0.24;-0.21,-3.24,0.05;-0.36,0.35,0.52;-0.20,-0.55,10.19;3.45,3.60
118.81077989,31.89293416,8.81;1.00,265.98,-0.24;-0.21,-3.24,0.05;-0.16,0.75,0.45;-0.05,-0.43,9.58;3.44,3.60
118.81077989,31.89293416,8.81;1.00,265.98,-0.24;-0.21,-3.24,0.05;-0.16,0.75,0.45;-0.05,-0.43,9.58;3.43,3.60
118.81077989,31.89293416,8.81;1.00,265.98,-0.24;-0.21,-3.24,0.05;-0.16,0.75,0.45;-0.05,-0.43,9.58;3.43,3.10
118.81077989,31.89293416,8.81;1.00,265.98,-0.24;-0.21,-3.24,0.05;-0.16,0.75,0.45;-0.05,-0.43,9.58;3.30,3.10
118.81077989,31.89293416,8.81;1.00,265.98,-0.24;-0.21,-3.24,0.05;-0.16,0.75,0.45;-0.05,-0.43,9.58;3.29,3.00
118.81077989,31.89293416,8.81;1.00,265.98,-0.24;-0.21,-3.24,0.05;-0.16,0.75,0.45;-0.05,-0.43,9.58;3.28,3.00
118.81077989,31.89293416,8.81;1.00,265.98,-0.24;-0.21,-3.24,0.05;-0.16,0.75,0.45;-0.05,-0.43,9.58;3.28,3.00
118.81077989,31.89293416,8.81;1.00,265.98,-0.24;-0.21,-3.24,0.05;-0.16,0.75,0.45;-0.05,-0.43,9.58;3.27,3.00
118.81077989,31.89293416,8.81;1.00,265.98,-0.24;-0.21,-3.24,0.05;-0.16,0.75,0.45;-0.05,-0.43,9.58;3.26,3.00
118.81077989,31.89293416,8.81;1.00,265.98,-0.24;-0.21,-3.24,0.05;-0.16,0.75,0.45;-0.05,-0.43,9.58;3.26,3.00
118.81077989,31.89293416,8.81;1.00,265.98,-0.24;-0.21,-3.24,0.05;-0.16,0.75,0.45;-0.05,-0.43,9.58;3.18,3.00
118.81077989,31.89293416,8.81;1.00,265.98,-0.24;-0.21,-3.24,0.05;-0.16,0.75,0.45;-0.05,-0.43,9.58;3.18,3.00
118.81077989,31.89293416,8.81;1.00,265.98,-0.24;-0.21,-3.24,0.05;-0.16,0.75,0.45;-0.05,-0.43,9.58;3.17,3.00
118.81075527,31.89293274,8.85;1.03,265.79,-0.13;-0.21,-3.05,0.03;-0.16,0.75,0.45;-0.05,-0.43,9.58;3.16,3.00
118.81075527,31.89293274,8.85;1.03,265.79,-0.13;-0.21,-3.05,0.03;2.28,0.42,0.25;0.04,0.84,9.88;3.15,3.00
118.81075527,31.89293274,8.85;1.03,265.79,-0.13;-0.21,-3.05,0.03;2.28,0.42,0.25;0.04,0.84,9.88;3.16,3.00
118.81075527,31.89293274,8.85;1.03,265.79,-0.13;-0.21,-3.05,0.03;2.28,0.42,0.25;0.04,0.84,9.88;3.16,3.00
118.81075527,31.89293274,8.85;1.03,265.79,-0.13;-0.21,-3.05,0.03;2.28,0.42,0.25;0.04,0.84,9.88;3.16,2.90
118.81075527,31.89293274,8.85;1.03,265.79,-0.13;-0.21,-3.05,0.03;2.28,0.42,0.25;0.04,0.84,9.88;3.25,2.90
118.81075527,31.89293274,8.85;1.03,265.79,-0.13;-0.21,-3.05,0.03;2.28,0.42,0.25;0.04,0.84,9.88;3.26,2.90
118.81075527,31.89293274,8.85;1.03,265.79,-0.13;-0.21,-3.05,0.03;2.28,0.42,0.25;0.04,0.84,9.88;3.26,2.90
118.81075527,31.89293274,8.85;1.03,265.79,-0.13;-0.21,-3.05,0.03;2.28,0.42,0.25;0.04,0.84,9.88;3.29,2.90
118.81075527,31.89293274,8.85;1.03,265.79,-0.13;-0.21,-3.05,0.03;2.28,0.42,0.25;0.04,0.84,9.88;3.31,2.90
118.81075527,31.89293274,8.85;1.03,265.79,-0.13;-0.21,-3.05,0.03;2.28,0.42,0.25;0.04,0.84,9.88;3.32,2.90
118.81075527,31.89293274,8.85;1.03,265.79,-0.13;-0.21,-3.05,0.03;2.28,0.42,0.25;0.04,0.84,9.88;3.46,2.80
118.81075527,31.89293274,8.85;1.03,265.79,-0.13;-0.21,-3.05,0.03;2.28,0.42,0.25;0.04,0.84,9.88;3.46,2.70
118.81075527,31.89293274,8.85;1.03,265.79,-0.13;-0.21,-3.05,0.03;2.28,0.42,0.25;0.04,0.84,9.88;3.49,2.70
118.81075527,31.89293274,8.85;1.03,265.79,-0.13;-0.21,-3.05,0.03;2.28,0.42,0.25;0.04,0.84,9.88;3.51,2.60
118.81073137,31.89293124,8.90;0.97,265.64,-0.09;-0.25,-3.47,0.06;-0.99,-0.39,0.37;-0.21,0.65,9.98;3.51,2.60
118.81073137,31.89293124,8.90;0.97,265.64,-0.09;-0.25,-3.47,0.06;-0.69,-0.19,0.32;-0.12,0.25,10.00;3.52,2.60
118.81073137,31.89293124,8.90;0.97,265.64,-0.09;-0.25,-3.47,0.06;-0.69,-0.19,0.32;-0.12,0.25,10.00;3.53,2.50
118.81073137,31.89293124,8.90;0.97,265.64,-0.09;-0.25,-3.47,0.06;-0.69,-0.19,0.32;-0.12,0.25,10.00;3.53,2.50
118.81073137,31.89293124,8.90;0.97,265.64,-0.09;-0.25,-3.47,0.06;-0.69,-0.19,0.32;-0.12,0.25,10.00;3.69,0.60
118.81073137,31.89293124,8.90;0.97,265.64,-0.09;-0.25,-3.47,0.06;-0.69,-0.19,0.32;-0.12,0.25,10.00;3.70,0.30
118.81073137,31.89293124,8.90;0.97,265.64,-0.09;-0.25,-3.47,0.06;-0.69,-0.19,0.32;-0.12,0.25,10.00;3.72,0.00
118.81073137,31.89293124,8.90;0.97,265.64,-0.09;-0.25,-3.47,0.06;-0.69,-0.19,0.32;-0.12,0.25,10.00;3.72,-0.30
118.81073137,31.89293124,8.90;0.97,265.64,-0.09;-0.25,-3.47,0.06;-0.69,-0.19,0.32;-0.12,0.25,10.00;3.72,-0.60
118.81073137,31.89293124,8.90;0.97,265.64,-0.09;-0.25,-3.47,0.06;-0.69,-0.19,0.32;-0.12,0.25,10.00;3.73,-0.80
118.81073137,31.89293124,8.90;0.97,265.64,-0.09;-0.25,-3.47,0.06;-0.69,-0.19,0.32;-0.12,0.25,10.00;3.73,-0.10
118.81073137,31.89293124,8.90;0.97,265.64,-0.09;-0.25,-3.47,0.06;-0.69,-0.19,0.32;-0.12,0.25,10.00;3.87,-0.10
118.81073137,31.89293124,8.90;0.97,265.64,-0.09;-0.25,-3.47,0.06;-0.69,-0.19,0.32;-0.12,0.25,10.00;3.87,-0.20
118.81073137,31.89293124,8.90;0.97,265.64,-0.09;-0.25,-3.47,0.06;-0.69,-0.19,0.32;-0.12,0.25,10.00;3.89,-0.20
118.81070235,31.89292927,8.96;0.91,265.65,-0.09;-0.27,-3.82,0.08;0.13,-0.73,-0.03;-0.09,0.41,9.70;3.89,-0.20
118.81070235,31.89292927,8.96;0.91,265.65,-0.09;-0.27,-3.82,0.08;0.16,-0.19,0.02;0.05,0.42,9.47;3.90,-0.30
118.81070235,31.89292927,8.96;0.91,265.65,-0.09;-0.27,-3.82,0.08;0.16,-0.19,0.02;0.05,0.42,9.47;3.91,-0.30
118.81070235,31.89292927,8.96;0.91,265.65,-0.09;-0.27,-3.82,0.08;0.16,-0.19,0.02;0.05,0.42,9.47;3.92,-0.20
118.81070235,31.89292927,8.96;0.91,265.65,-0.09;-0.27,-3.82,0.08;0.16,-0.19,0.02;0.05,0.42,9.47;4.03,-0.10
118.81070235,31.89292927,8.96;0.91,265.65,-0.09;-0.27,-3.82,0.08;0.16,-0.19,0.02;0.05,0.42,9.47;4.04,-0.20
118.81070235,31.89292927,8.96;0.91,265.65,-0.09;-0.27,-3.82,0.08;0.16,-0.19,0.02;0.05,0.42,9.47;4.05,-0.20
118.81070235,31.89292927,8.96;0.91,265.65,-0.09;-0.27,-3.82,0.08;0.16,-0.19,0.02;0.05,0.42,9.47;4.05,-0.20
118.81070235,31.89292927,8.96;0.91,265.65,-0.09;-0.27,-3.82,0.08;0.16,-0.19,0.02;0.05,0.42,9.47;4.06,-0.10
118.81070235,31.89292927,8.96;0.91,265.65,-0.09;-0.27,-3.82,0.08;0.16,-0.19,0.02;0.05,0.42,9.47;4.08,0.00
118.81070235,31.89292927,8.96;0.91,265.65,-0.09;-0.27,-3.82,0.08;0.16,-0.19,0.02;0.05,0.42,9.47;4.08,0.10
118.81070235,31.89292927,8.96;0.91,265.65,-0.09;-0.27,-3.82,0.08;0.16,-0.19,0.02;0.05,0.42,9.47;4.08,0.20
118.81070235,31.89292927,8.96;0.91,265.65,-0.09;-0.27,-3.82,0.08;0.16,-0.19,0.02;0.05,0.42,9.47;4.18,0.20
118.81070235,31.89292927,8.96;0.91,265.65,-0.09;-0.27,-3.82,0.08;0.16,-0.19,0.02;0.05,0.42,9.47;4.19,0.30
118.81070235,31.89292927,8.96;0.91,265.65,-0.09;-0.27,-3.82,0.08;0.16,-0.19,0.02;0.05,0.42,9.47;4.19,0.40
118.81067299,31.89292735,9.01;0.89,265.66,0.10;-0.30,-4.10,0.07;-0.07,0.20,0.10;-0.06,0.60,10.06;4.21,0.40
118.81067299,31.89292735,9.01;0.89,265.66,0.10;-0.30,-4.10,0.07;-0.07,0.20,0.10;-0.06,0.60,10.06;4.21,0.40
118.81067299,31.89292735,9.01;0.89,265.66,0.10;-0.30,-4.10,0.07;-0.07,0.20,0.10;-0.06,0.60,10.06;4.31,0.40
118.81067299,31.89292735,9.01;0.89,265.66,0.10;-0.30,-4.10,0.07;-0.07,0.20,0.10;-0.06,0.60,10.06;4.31,0.50
118.81067299,31.89292735,9.01;0.89,265.66,0.10;-0.30,-4.10,0.07;-0.07,0.20,0.10;-0.06,0.60,10.06;4.32,0.60
118.81067299,31.89292735,9.01;0.89,265.66,0.10;-0.30,-4.10,0.07;-0.07,0.20,0.10;-0.06,0.60,10.06;4.32,0.60
118.81067299,31.89292735,9.01;0.89,265.66,0.10;-0.30,-4.10,0.07;-0.07,0.20,0.10;-0.06,0.60,10.06;4.33,0.50
118.81067299,31.89292735,9.01;0.89,265.66,0.10;-0.30,-4.10,0.07;-0.07,0.20,0.10;-0.06,0.60,10.06;4.34,0.40
118.81067299,31.89292735,9.01;0.89,265.66,0.10;-0.30,-4.10,0.07;-0.07,0.20,0.10;-0.06,0.60,10.06;4.35,0.30
118.81067299,31.89292735,9.01;0.89,265.66,0.10;-0.30,-4.10,0.07;-0.07,0.20,0.10;-0.06,0.60,10.06;4.35,0.10
118.81067299,31.89292735,9.01;0.89,265.66,0.10;-0.30,-4.10,0.07;-0.07,0.20,0.10;-0.06,0.60,10.06;4.36,-0.10
118.81067299,31.89292735,9.01;0.89,265.66,0.10;-0.30,-4.10,0.07;-0.07,0.20,0.10;-0.06,0.60,10.06;4.46,-2.10
118.81067299,31.89292735,9.01;0.89,265.66,0.10;-0.30,-4.10,0.07;-0.07,0.20,0.10;-0.06,0.60,10.06;4.46,-2.40
118.81067299,31.89292735,9.01;0.89,265.66,0.10;-0.30,-4.10,0.07;-0.07,0.20,0.10;-0.06,0.60,10.06;4.47,-2.70
118.81063949,31.89292521,9.07;0.78,265.70,0.09;-0.32,-4.36,0.08;0.64,0.41,-0.36;-0.00,0.58,10.04;4.48,-3.00
118.81063949,31.89292521,9.07;0.78,265.70,0.09;-0.32,-4.36,0.08;0.64,0.41,-0.36;-0.00,0.58,10.04;4.48,-3.30
118.81063949,31.89292521,9.07;0.78,265.70,0.09;-0.32,-4.36,0.08;0.64,0.41,-0.36;-0.00,0.58,10.04;4.48,-3.50
118.81063949,31.89292521,9.07;0.78,265.70,0.09;-0.32,-4.36,0.08;0.64,0.41,-0.36;-0.00,0.58,10.04;4.50,-4.00
118.81063949,31.89292521,9.07;0.78,265.70,0.09;-0.32,-4.36,0.08;0.64,0.41,-0.36;-0.00,0.58,10.04;4.50,-7.40
118.81063949,31.89292521,9.07;0.78,265.70,0.09;-0.32,-4.36,0.08;0.64,0.41,-0.36;-0.00,0.58,10.04;4.58,-7.40
118.81063949,31.89292521,9.07;0.78,265.70,0.09;-0.32,-4.36,0.08;0.64,0.41,-0.36;-0.00,0.58,10.04;4.60,-7.30
118.81063949,31.89292521,9.07;0.78,265.70,0.09;-0.32,-4.36,0.08;0.64,0.41,-0.36;-0.00,0.58,10.04;4.60,-7.30
118.81063949,31.89292521,9.07;0.78,265.70,0.09;-0.32,-4.36,0.08;0.64,0.41,-0.36;-0.00,0.58,10.04;4.62,-7.20
118.81063949,31.89292521,9.07;0.78,265.70,0.09;-0.32,-4.36,0.08;0.64,0.41,-0.36;-0.00,0.58,10.04;4.63,-7.10
118.81063949,31.89292521,9.07;0.78,265.70,0.09;-0.32,-4.36,0.08;0.64,0.41,-0.36;-0.00,0.58,10.04;4.63,-6.90
118.81063949,31.89292521,9.07;0.78,265.70,0.09;-0.32,-4.36,0.08;0.64,0.41,-0.36;-0.00,0.58,10.04;4.63,-6.10
118.81063949,31.89292521,9.07;0.78,265.70,0.09;-0.32,-4.36,0.08;0.64,0.41,-0.36;-0.00,0.58,10.04;4.72,-6.10
118.81063949,31.89292521,9.07;0.78,265.70,0.09;-0.32,-4.36,0.08;0.64,0.41,-0.36;-0.00,0.58,10.04;4.72,-6.10
118.81063949,31.89292521,9.07;0.78,265.70,0.09;-0.32,-4.36,0.08;0.35,0.24,-0.65;-0.04,0.48,9.88;4.72,-6.00
118.81060621,31.89292319,9.12;0.82,266.19,0.14;-0.30,-4.60,0.08;-0.20,0.49,-0.53;-0.01,0.42,9.96;4.73,-5.80
118.81060621,31.89292319,9.12;0.82,266.19,0.14;-0.30,-4.60,0.08;-0.20,0.49,-0.53;-0.01,0.42,9.96;4.74,-5.70
118.81060621,31.89292319,9.12;0.82,266.19,0.14;-0.30,-4.60,0.08;-0.20,0.49,-0.53;-0.01,0.42,9.96;4.75,-5.50
118.81060621,31.89292319,9.12;0.82,266.19,0.14;-0.30,-4.60,0.08;-0.20,0.49,-0.53;-0.01,0.42,9.96;4.75,-5.30
118.81060621,31.89292319,9.12;0.82,266.19,0.14;-0.30,-4.60,0.08;-0.20,0.49,-0.53;-0.01,0.42,9.96;4.84,-2.60
118.81060621,31.89292319,9.12;0.82,266.19,0.14;-0.30,-4.60,0.08;-0.20,0.49,-0.53;-0.01,0.42,9.96;4.84,-2.30
118.81060621,31.89292319,9.12;0.82,266.19,0.14;-0.30,-4.60,0.08;-0.20,0.49,-0.53;-0.01,0.42,9.96;4.85,-2.10
118.81060621,31.89292319,9.12;0.82,266.19,0.14;-0.30,-4.60,0.08;-0.20,0.49,-0.53;-0.01,0.42,9.96;4.85,-1.80
118.81060621,31.89292319,9.12;0.82,266.19,0.14;-0.30,-4.60,0.08;-0.20,0.49,-0.53;-0.01,0.42,9.96;4.86,-1.70
118.81060621,31.89292319,9.12;0.82,266.19,0.14;-0.30,-4.60,0.08;-0.20,0.49,-0.53;-0.01,0.42,9.96;4.86,-1.50
118.81060621,31.89292319,9.12;0.82,266.19,0.14;-0.30,-4.60,0.08;-0.20,0.49,-0.53;-0.01,0.42,9.96;4.87,-1.40
118.81060621,31.89292319,9.12;0.82,266.19,0.14;-0.30,-4.60,0.08;-0.20,0.49,-0.53;-0.01,0.42,9.96;4.87,-1.00
118.81060621,31.89292319,9.12;0.82,266.19,0.14;-0.30,-4.60,0.08;-0.20,0.49,-0.53;-0.01,0.42,9.96;4.92,-1.00
118.81060621,31.89292319,9.12;0.82,266.19,0.14;-0.30,-4.60,0.08;-0.30,-0.52,-0.08;-0.10,-0.06,9.51;4.92,-1.00
118.81056897,31.89292122,9.18;0.89,266.43,0.05;-0.29,-4.74,0.10;-0.30,-0.52,-0.08;-0.10,-0.06,9.51;4.93,-0.90
118.81056897,31.89292122,9.18;0.89,266.43,0.05;-0.29,-4.74,0.10;-0.30,-0.52,-0.08;-0.10,-0.06,9.51;4.93,-0.90
118.81056897,31.89292122,9.18;0.89,266.43,0.05;-0.29,-4.74,0.10;-0.30,-0.52,-0.08;-0.10,-0.06,9.51;4.93,-0.90
118.81056897,31.89292122,9.18;0.89,266.43,0.05;-0.29,-4.74,0.10;-0.30,-0.52,-0.08;-0.10,-0.06,9.51;4.93,-0.90
118.81056897,31.89292122,9.18;0.89,266.43,0.05;-0.29,-4.74,0.10;-0.30,-0.52,-0.08;-0.10,-0.06,9.51;4.93,2.20
118.81056897,31.89292122,9.18;0.89,266.43,0.05;-0.29,-4.74,0.10;-0.30,-0.52,-0.08;-0.10,-0.06,9.51;4.94,2.30
118.81056897,31.89292122,9.18;0.89,266.43,0.05;-0.29,-4.74,0.10;-0.30,-0.52,-0.08;-0.10,-0.06,9.51;4.94,2.60
118.81056897,31.89292122,9.18;0.89,266.43,0.05;-0.29,-4.74,0.10;-0.30,-0.52,-0.08;-0.10,-0.06,9.51;4.94,2.80
118.81056897,31.89292122,9.18;0.89,266.43,0.05;-0.29,-4.74,0.10;-0.30,-0.52,-0.08;-0.10,-0.06,9.51;4.94,2.90
118.81056897,31.89292122,9.18;0.89,266.43,0.05;-0.29,-4.74,0.10;-0.30,-0.52,-0.08;-0.10,-0.06,9.51;4.94,2.90
118.81056897,31.89292122,9.18;0.89,266.43,0.05;-0.29,-4.74,0.10;-0.30,-0.52,-0.08;-0.10,-0.06,9.51;4.94,2.90
118.81056897,31.89292122,9.18;0.89,266.43,0.05;-0.29,-4.74,0.10;-0.30,-0.52,-0.08;-0.10,-0.06,9.51;4.94,2.90
118.81056897,31.89292122,9.18;0.89,266.43,0.05;-0.29,-4.74,0.10;-0.30,-0.52,-0.08;-0.10,-0.06,9.51;4.98,2.60
118.81056897,31.89292122,9.18;0.89,266.43,0.05;-0.29,-4.74,0.10;-0.30,-0.52,-0.08;-0.10,-0.06,9.51;4.98,2.70
118.81056897,31.89292122,9.18;0.89,266.43,0.05;-0.29,-4.74,0.10;1.66,-1.12,0.32;0.02,0.66,9.43;4.99,2.80
118.81053370,31.89291944,9.23;0.75,266.32,0.13;-0.30,-4.86,0.09;0.50,-0.38,0.32;0.08,0.51,9.35;4.99,2.80
118.81053370,31.89291944,9.23;0.75,266.32,0.13;-0.30,-4.86,0.09;0.50,-0.38,0.32;0.08,0.51,9.35;5.01,2.70
118.81053370,31.89291944,9.23;0.75,266.32,0.13;-0.30,-4.86,0.09;0.50,-0.38,0.32;0.08,0.51,9.35;5.01,2.60
118.81053370,31.89291944,9.23;0.75,266.32,0.13;-0.30,-4.86,0.09;0.50,-0.38,0.32;0.08,0.51,9.35;5.01,2.60
118.81053370,31.89291944,9.23;0.75,266.32,0.13;-0.30,-4.86,0.09;0.50,-0.38,0.32;0.08,0.51,9.35;5.09,2.60
118.81053370,31.89291944,9.23;0.75,266.32,0.13;-0.30,-4.86,0.09;0.50,-0.38,0.32;0.08,0.51,9.35;5.10,2.60
118.81053370,31.89291944,9.23;0.75,266.32,0.13;-0.30,-4.86,0.09;0.50,-0.38,0.32;0.08,0.51,9.35;5.11,2.60
118.81053370,31.89291944,9.23;0.75,266.32,0.13;-0.30,-4.86,0.09;0.50,-0.38,0.32;0.08,0.51,9.35;5.11,2.60
118.81053370,31.89291944,9.23;0.75,266.32,0.13;-0.30,-4.86,0.09;0.50,-0.38,0.32;0.08,0.51,9.35;5.12,2.50
118.81053370,31.89291944,9.23;0.75,266.32,0.13;-0.30,-4.86,0.09;0.50,-0.38,0.32;0.08,0.51,9.35;5.12,2.50
118.81053370,31.89291944,9.23;0.75,266.32,0.13;-0.30,-4.86,0.09;0.50,-0.38,0.32;0.08,0.51,9.35;5.12,2.50
118.81053370,31.89291944,9.23;0.75,266.32,0.13;-0.30,-4.86,0.09;0.50,-0.38,0.32;0.08,0.51,9.35;5.21,2.60
118.81053370,31.89291944,9.23;0.75,266.32,0.13;-0.30,-4.86,0.09;0.50,-0.38,0.32;0.08,0.51,9.35;5.22,2.60
118.81053370,31.89291944,9.23;0.75,266.32,0.13;-0.30,-4.86,0.09;0.47,0.27,0.30;0.01,0.53,9.69;5.23,2.60
118.81049415,31.89291750,9.32;0.63,266.15,0.03;-0.32,-5.11,0.07;-1.08,-0.37,0.14;-0.01,0.34,9.67;5.24,2.60
118.81049415,31.89291750,9.32;0.63,266.15,0.03;-0.32,-5.11,0.07;-1.08,-0.37,0.14;-0.01,0.34,9.67;5.25,2.60
118.81049415,31.89291750,9.32;0.63,266.15,0.03;-0.32,-5.11,0.07;-1.08,-0.37,0.14;-0.01,0.34,9.67;5.25,2.60
118.81049415,31.89291750,9.32;0.63,266.15,0.03;-0.32,-5.11,0.07;-1.08,-0.37,0.14;-0.01,0.34,9.67;5.25,2.50
118.81049415,31.89291750,9.32;0.63,266.15,0.03;-0.32,-5.11,0.07;-1.08,-0.37,0.14;-0.01,0.34,9.67;5.34,2.60
118.81049415,31.89291750,9.32;0.63,266.15,0.03;-0.32,-5.11,0.07;-1.08,-0.37,0.14;-0.01,0.34,9.67;5.34,2.60
118.81049415,31.89291750,9.32;0.63,266.15,0.03;-0.32,-5.11,0.07;-1.08,-0.37,0.14;-0.01,0.34,9.67;5.35,2.70
118.81049415,31.89291750,9.32;0.63,266.15,0.03;-0.32,-5.11,0.07;-1.08,-0.37,0.14;-0.01,0.34,9.67;5.34,2.70
118.81049415,31.89291750,9.32;0.63,266.15,0.03;-0.32,-5.11,0.07;-1.08,-0.37,0.14;-0.01,0.34,9.67;5.48,3.30
118.81049415,31.89291750,9.32;0.63,266.15,0.03;-0.32,-5.11,0.07;-1.08,-0.37,0.14;-0.01,0.34,9.67;5.54,3.60
118.81049415,31.89291750,9.32;0.63,266.15,0.03;-0.32,-5.11,0.07;-1.08,-0.37,0.14;-0.01,0.34,9.67;5.41,3.80
118.81049415,31.89291750,9.32;0.63,266.15,0.03;-0.32,-5.11,0.07;-1.08,-0.37,0.14;-0.01,0.34,9.67;5.44,4.30
118.81049415,31.89291750,9.32;0.63,266.15,0.03;-0.32,-5.11,0.07;-1.08,-0.37,0.14;-0.01,0.34,9.67;5.46,3.70
118.81049415,31.89291750,9.32;0.63,266.15,0.03;-0.32,-5.11,0.07;-13.57,-5.73,0.35;0.30,1.86,9.60;5.46,3.20
118.81049415,31.89291750,9.32;0.63,266.15,0.03;-0.32,-5.11,0.07;-13.57,-5.73,0.35;0.30,1.86,9.60;5.47,2.70
118.81045574,31.89291540,9.38;0.61,265.70,-0.37;-0.39,-5.37,0.13;-13.57,-5.73,0.35;0.30,1.86,9.60;5.47,2.20
118.81045574,31.89291540,9.38;0.61,265.70,-0.37;-0.39,-5.37,0.13;-13.57,-5.73,0.35;0.30,1.86,9.60;5.49,2.00
118.81045574,31.89291540,9.38;0.61,265.70,-0.37;-0.39,-5.37,0.13;-13.57,-5.73,0.35;0.30,1.86,9.60;5.50,1.80
118.81045574,31.89291540,9.38;0.61,265.70,-0.37;-0.39,-5.37,0.13;-13.57,-5.73,0.35;0.30,1.86,9.60;5.50,1.20
118.81045574,31.89291540,9.38;0.61,265.70,-0.37;-0.39,-5.37,0.13;-13.57,-5.73,0.35;0.30,1.86,9.60;5.67,1.20
118.81045574,31.89291540,9.38;0.61,265.70,-0.37;-0.39,-5.37,0.13;-13.57,-5.73,0.35;0.30,1.86,9.60;5.68,1.30
118.81045574,31.89291540,9.38;0.61,265.70,-0.37;-0.39,-5.37,0.13;-13.57,-5.73,0.35;0.30,1.86,9.60;5.69,1.40
118.81045574,31.89291540,9.38;0.61,265.70,-0.37;-0.39,-5.37,0.13;-13.57,-5.73,0.35;0.30,1.86,9.60;5.71,1.50
118.81045574,31.89291540,9.38;0.61,265.70,-0.37;-0.39,-5.37,0.13;-13.57,-5.73,0.35;0.30,1.86,9.60;5.72,1.50
118.81045574,31.89291540,9.38;0.61,265.70,-0.37;-0.39,-5.37,0.13;-13.57,-5.73,0.35;0.30,1.86,9.60;5.73,1.40
118.81045574,31.89291540,9.38;0.61,265.70,-0.37;-0.39,-5.37,0.13;-13.57,-5.73,0.35;0.30,1.86,9.60;6.11,1.50
118.81045574,31.89291540,9.38;0.61,265.70,-0.37;-0.39,-5.37,0.13;-13.57,-5.73,0.35;0.30,1.86,9.60;6.15,1.60
118.81045574,31.89291540,9.38;0.61,265.70,-0.37;-0.39,-5.37,0.13;-13.57,-5.73,0.35;0.30,1.86,9.60;6.18,1.70
118.81045574,31.89291540,9.38;0.61,265.70,-0.37;-0.39,-5.37,0.13;1.32,-1.33,0.56;-0.13,2.05,9.96;6.21,1.80
118.81041045,31.89291264,9.45;0.11,265.56,0.86;-0.47,-6.31,0.13;1.32,-1.33,0.56;-0.13,2.05,9.96;6.25,1.70
118.81041045,31.89291264,9.45;0.11,265.56,0.86;-0.47,-6.31,0.13;1.32,-1.33,0.56;-0.13,2.05,9.96;6.29,1.50
118.81041045,31.89291264,9.45;0.11,265.56,0.86;-0.47,-6.31,0.13;1.32,-1.33,0.56;-0.13,2.05,9.96;6.34,1.20
118.81041045,31.89291264,9.45;0.11,265.56,0.86;-0.47,-6.31,0.13;1.32,-1.33,0.56;-0.13,2.05,9.96;6.37,0.90
118.81041045,31.89291264,9.45;0.11,265.56,0.86;-0.47,-6.31,0.13;1.32,-1.33,0.56;-0.13,2.05,9.96;6.78,1.60
118.81041045,31.89291264,9.45;0.11,265.56,0.86;-0.47,-6.31,0.13;1.32,-1.33,0.56;-0.13,2.05,9.96;6.81,1.50
118.81041045,31.89291264,9.45;0.11,265.56,0.86;-0.47,-6.31,0.13;1.32,-1.33,0.56;-0.13,2.05,9.96;6.84,1.40
118.81041045,31.89291264,9.45;0.11,265.56,0.86;-0.47,-6.31,0.13;1.32,-1.33,0.56;-0.13,2.05,9.96;6.88,1.30
118.81041045,31.89291264,9.45;0.11,265.56,0.86;-0.47,-6.31,0.13;1.32,-1.33,0.56;-0.13,2.05,9.96;6.90,1.10
118.81041045,31.89291264,9.45;0.11,265.56,0.86;-0.47,-6.31,0.13;1.32,-1.33,0.56;-0.13,2.05,9.96;6.94,1.00
118.81041045,31.89291264,9.45;0.11,265.56,0.86;-0.47,-6.31,0.13;1.32,-1.33,0.56;-0.13,2.05,9.96;6.96,0.90
118.81041045,31.89291264,9.45;0.11,265.56,0.86;-0.47,-6.31,0.13;1.32,-1.33,0.56;-0.13,2.05,9.96;6.96,1.20
118.81041045,31.89291264,9.45;0.11,265.56,0.86;-0.47,-6.31,0.13;1.32,-1.33,0.56;-0.13,2.05,9.96;7.23,1.20
118.81041045,31.89291264,9.45;0.11,265.56,0.86;-0.47,-6.31,0.13;-1.54,1.33,0.16;-0.02,-0.08,10.14;7.23,1.00
118.81041045,31.89291264,9.45;0.11,265.56,0.86;-0.47,-6.31,0.13;-1.54,1.33,0.16;-0.02,-0.08,10.14;7.24,1.00
118.81035671,31.89290929,9.57;0.37,265.42,0.19;-0.51,-6.92,0.15;-1.54,1.33,0.16;-0.02,-0.08,10.14;7.25,1.00
118.81035671,31.89290929,9.57;0.37,265.42,0.19;-0.51,-6.92,0.15;-1.54,1.33,0.16;-0.02,-0.08,10.14;7.25,1.10
118.81035671,31.89290929,9.57;0.37,265.42,0.19;-0.51,-6.92,0.15;-1.54,1.33,0.16;-0.02,-0.08,10.14;7.25,1.20
118.81035671,31.89290929,9.57;0.37,265.42,0.19;-0.51,-6.92,0.15;-1.54,1.33,0.16;-0.02,-0.08,10.14;7.25,1.30
118.81035671,31.89290929,9.57;0.37,265.42,0.19;-0.51,-6.92,0.15;-1.54,1.33,0.16;-0.02,-0.08,10.14;7.21,1.30
118.81035671,31.89290929,9.57;0.37,265.42,0.19;-0.51,-6.92,0.15;-1.54,1.33,0.16;-0.02,-0.08,10.14;7.20,1.30
118.81035671,31.89290929,9.57;0.37,265.42,0.19;-0.51,-6.92,0.15;-1.54,1.33,0.16;-0.02,-0.08,10.14;7.20,1.30
118.81035671,31.89290929,9.57;0.37,265.42,0.19;-0.51,-6.92,0.15;-1.54,1.33,0.16;-0.02,-0.08,10.14;7.19,1.30
118.81035671,31.89290929,9.57;0.37,265.42,0.19;-0.51,-6.92,0.15;-1.54,1.33,0.16;-0.02,-0.08,10.14;7.18,1.30
118.81035671,31.89290929,9.57;0.37,265.42,0.19;-0.51,-6.92,0.15;-1.54,1.33,0.16;-0.02,-0.08,10.14;7.16,1.30
118.81035671,31.89290929,9.57;0.37,265.42,0.19;-0.51,-6.92,0.15;-1.54,1.33,0.16;-0.02,-0.08,10.14;7.14,1.20
118.81035671,31.89290929,9.57;0.37,265.42,0.19;-0.51,-6.92,0.15;-1.54,1.33,0.16;-0.02,-0.08,10.14;7.01,1.30
118.81035671,31.89290929,9.57;0.37,265.42,0.19;-0.51,-6.92,0.15;-1.93,-0.70,0.11;0.02,-0.69,9.66;6.99,1.30
118.81035671,31.89290929,9.57;0.37,265.42,0.19;-0.51,-6.92,0.15;-0.16,-0.03,-0.02;-0.43,-0.91,8.95;6.98,1.20
118.81035671,31.89290929,9.57;0.37,265.42,0.19;-0.51,-6.92,0.15;-0.16,-0.03,-0.02;-0.43,-0.91,8.95;6.96,1.20
118.81030659,31.89290617,9.67;0.71,265.33,-0.01;-0.51,-6.56,0.13;-0.16,-0.03,-0.02;-0.43,-0.91,8.95;6.95,1.20
118.81030659,31.89290617,9.67;0.71,265.33,-0.01;-0.51,-6.56,0.13;-0.16,-0.03,-0.02;-0.43,-0.91,8.95;6.94,1.20
118.81030659,31.89290617,9.67;0.71,265.33,-0.01;-0.51,-6.56,0.13;-0.16,-0.03,-0.02;-0.43,-0.91,8.95;6.94,1.20
118.81030659,31.89290617,9.67;0.71,265.33,-0.01;-0.51,-6.56,0.13;-0.16,-0.03,-0.02;-0.43,-0.91,8.95;6.79,1.10
118.81030659,31.89290617,9.67;0.71,265.33,-0.01;-0.51,-6.56,0.13;-0.16,-0.03,-0.02;-0.43,-0.91,8.95;6.77,1.10
118.81030659,31.89290617,9.67;0.71,265.33,-0.01;-0.51,-6.56,0.13;-0.16,-0.03,-0.02;-0.43,-0.91,8.95;6.76,1.00
118.81030659,31.89290617,9.67;0.71,265.33,-0.01;-0.51,-6.56,0.13;-0.16,-0.03,-0.02;-0.43,-0.91,8.95;6.75,0.80
118.81030659,31.89290617,9.67;0.71,265.33,-0.01;-0.51,-6.56,0.13;-0.16,-0.03,-0.02;-0.43,-0.91,8.95;6.74,0.80
118.81030659,31.89290617,9.67;0.71,265.33,-0.01;-0.51,-6.56,0.13;-0.16,-0.03,-0.02;-0.43,-0.91,8.95;6.73,0.80
118.81030659,31.89290617,9.67;0.71,265.33,-0.01;-0.51,-6.56,0.13;-0.16,-0.03,-0.02;-0.43,-0.91,8.95;6.72,0.90
118.81030659,31.89290617,9.67;0.71,265.33,-0.01;-0.51,-6.56,0.13;-0.16,-0.03,-0.02;-0.43,-0.91,8.95;6.72,1.10
118.81030659,31.89290617,9.67;0.71,265.33,-0.01;-0.51,-6.56,0.13;-2.55,2.19,0.35;-0.15,0.70,8.96;6.70,1.10
118.81030659,31.89290617,9.67;0.71,265.33,-0.01;-0.51,-6.56,0.13;-1.25,-0.89,0.38;-0.29,0.86,10.48;6.73,1.00
118.81030659,31.89290617,9.67;0.71,265.33,-0.01;-0.51,-6.56,0.13;-1.25,-0.89,0.38;-0.29,0.86,10.48;6.74,1.00
118.81025531,31.89290272,9.79;0.63,265.16,0.04;-0.52,-6.71,0.07;-1.25,-0.89,0.38;-0.29,0.86,10.48;6.74,1.10
118.81025531,31.89290272,9.79;0.63,265.16,0.04;-0.52,-6.71,0.07;-1.25,-0.89,0.38;-0.29,0.86,10.48;6.74,1.10
118.81025531,31.89290272,9.79;0.63,265.16,0.04;-0.52,-6.71,0.07;-1.25,-0.89,0.38;-0.29,0.86,10.48;6.77,1.20
118.81025531,31.89290272,9.79;0.63,265.16,0.04;-0.52,-6.71,0.07;-1.25,-0.89,0.38;-0.29,0.86,10.48;6.78,1.30
118.81025531,31.89290272,9.79;0.63,265.16,0.04;-0.52,-6.71,0.07;-1.25,-0.89,0.38;-0.29,0.86,10.48;7.25,1.10
118.81025531,31.89290272,9.79;0.63,265.16,0.04;-0.52,-6.71,0.07;-1.25,-0.89,0.38;-0.29,0.86,10.48;7.29,1.20
118.81025531,31.89290272,9.79;0.63,265.16,0.04;-0.52,-6.71,0.07;-1.25,-0.89,0.38;-0.29,0.86,10.48;7.31,1.40
118.81025531,31.89290272,9.79;0.63,265.16,0.04;-0.52,-6.71,0.07;-1.25,-0.89,0.38;-0.29,0.86,10.48;7.34,1.60
118.81025531,31.89290272,9.79;0.63,265.16,0.04;-0.52,-6.71,0.07;-1.25,-0.89,0.38;-0.29,0.86,10.48;7.35,1.70
118.81025531,31.89290272,9.79;0.63,265.16,0.04;-0.52,-6.71,0.07;-1.25,-0.89,0.38;-0.29,0.86,10.48;7.38,1.70
118.81025531,31.89290272,9.79;0.63,265.16,0.04;-0.52,-6.71,0.07;-1.25,-0.89,0.38;-0.29,0.86,10.48;7.40,1.70
118.81025531,31.89290272,9.79;0.63,265.16,0.04;-0.52,-6.71,0.07;-1.25,-0.89,0.38;-0.29,0.86,10.48;7.47,0.30
118.81025531,31.89290272,9.79;0.63,265.16,0.04;-0.52,-6.71,0.07;-0.23,0.57,-0.16;0.24,-0.29,8.70;7.46,0.30
118.81025531,31.89290272,9.79;0.63,265.16,0.04;-0.52,-6.71,0.07;-0.23,0.57,-0.16;0.24,-0.29,8.70;7.47,0.50
118.81025531,31.89290272,9.79;0.63,265.16,0.04;-0.52,-6.71,0.07;-0.23,0.57,-0.16;0.24,-0.29,8.70;7.46,0.60
118.81020310,31.89289907,9.90;0.62,265.09,0.77;-0.57,-7.08,0.24;-0.23,0.57,-0.16;0.24,-0.29,8.70;7.46,0.80
118.81020310,31.89289907,9.90;0.62,265.09,0.77;-0.57,-7.08,0.24;-0.23,0.57,-0.16;0.24,-0.29,8.70;7.46,0.80
118.81020310,31.89289907,9.90;0.62,265.09,0.77;-0.57,-7.08,0.24;-0.23,0.57,-0.16;0.24,-0.29,8.70;7.46,0.90
118.81020310,31.89289907,9.90;0.62,265.09,0.77;-0.57,-7.08,0.24;-0.23,0.57,-0.16;0.24,-0.29,8.70;7.28,0.80
118.81020310,31.89289907,9.90;0.62,265.09,0.77;-0.57,-7.08,0.24;-0.23,0.57,-0.16;0.24,-0.29,8.70;7.24,0.80
118.81020310,31.89289907,9.90;0.62,265.09,0.77;-0.57,-7.08,0.24;-0.23,0.57,-0.16;0.24,-0.29,8.70;7.20,0.70
118.81020310,31.89289907,9.90;0.62,265.09,0.77;-0.57,-7.08,0.24;-0.23,0.57,-0.16;0.24,-0.29,8.70;7.14,0.60
118.81020310,31.89289907,9.90;0.62,265.09,0.77;-0.57,-7.08,0.24;-0.23,0.57,-0.16;0.24,-0.29,8.70;7.14,0.50
118.81020310,31.89289907,9.90;0.62,265.09,0.77;-0.57,-7.08,0.24;-0.23,0.57,-0.16;0.24,-0.29,8.70;7.08,0.40
118.81020310,31.89289907,9.90;0.62,265.09,0.77;-0.57,-7.08,0.24;-0.23,0.57,-0.16;0.24,-0.29,8.70;7.03,0.30
118.81020310,31.89289907,9.90;0.62,265.09,0.77;-0.57,-7.08,0.24;-0.23,0.57,-0.16;0.24,-0.29,8.70;6.98,0.30
118.81020310,31.89289907,9.90;0.62,265.09,0.77;-0.57,-7.08,0.24;-0.31,-0.08,0.16;-0.21,-3.39,8.86;6.19,1.00
118.81020310,31.89289907,9.90;0.62,265.09,0.77;-0.57,-7.08,0.24;-0.31,-0.08,0.16;-0.21,-3.39,8.86;6.12,0.90
118.81020310,31.89289907,9.90;0.62,265.09,0.77;-0.57,-7.08,0.24;-0.31,-0.08,0.16;-0.21,-3.39,8.86;6.06,0.80
118.81015320,31.89289545,10.08;0.08,265.03,-0.34;-0.44,-5.12,0.13;-0.31,-0.08,0.16;-0.21,-3.39,8.86;5.98,0.70
118.81015320,31.89289545,10.08;0.08,265.03,-0.34;-0.44,-5.12,0.13;-0.31,-0.08,0.16;-0.21,-3.39,8.86;5.90,0.60
118.81015320,31.89289545,10.08;0.08,265.03,-0.34;-0.44,-5.12,0.13;-0.31,-0.08,0.16;-0.21,-3.39,8.86;5.82,0.60
118.81015320,31.89289545,10.08;0.08,265.03,-0.34;-0.44,-5.12,0.13;-0.31,-0.08,0.16;-0.21,-3.39,8.86;5.77,0.60
118.81015320,31.89289545,10.08;0.08,265.03,-0.34;-0.44,-5.12,0.13;-0.31,-0.08,0.16;-0.21,-3.39,8.86;5.12,1.60
118.81015320,31.89289545,10.08;0.08,265.03,-0.34;-0.44,-5.12,0.13;-0.31,-0.08,0.16;-0.21,-3.39,8.86;5.08,1.60
118.81015320,31.89289545,10.08;0.08,265.03,-0.34;-0.44,-5.12,0.13;-0.31,-0.08,0.16;-0.21,-3.39,8.86;5.06,1.60
118.81015320,31.89289545,10.08;0.08,265.03,-0.34;-0.44,-5.12,0.13;-0.31,-0.08,0.16;-0.21,-3.39,8.86;5.02,1.70
118.81015320,31.89289545,10.08;0.08,265.03,-0.34;-0.44,-5.12,0.13;-0.31,-0.08,0.16;-0.21,-3.39,8.86;4.99,1.70
118.81015320,31.89289545,10.08;0.08,265.03,-0.34;-0.44,-5.12,0.13;-0.31,-0.08,0.16;-0.21,-3.39,8.86;4.97,1.80
118.81015320,31.89289545,10.08;0.08,265.03,-0.34;-0.44,-5.12,0.13;-0.31,-0.08,0.16;-0.21,-3.39,8.86;4.95,1.90
118.81015320,31.89289545,10.08;0.08,265.03,-0.34;-0.44,-5.12,0.13;-0.53,0.48,0.06;0.03,-0.70,9.56;4.71,1.30
118.81015320,31.89289545,10.08;0.08,265.03,-0.34;-0.44,-5.12,0.13;-0.53,0.48,0.06;0.03,-0.70,9.56;4.69,1.30
118.81015320,31.89289545,10.08;0.08,265.03,-0.34;-0.44,-5.12,0.13;-0.53,0.48,0.06;0.03,-0.70,9.56;4.67,1.40
118.81015320,31.89289545,10.08;0.08,265.03,-0.34;-0.44,-5.12,0.13;-0.53,0.48,0.06;0.03,-0.70,9.56;4.66,1.40
118.81011902,31.89289286,10.18;0.27,264.93,0.58;-0.37,-4.33,0.17;-0.53,0.48,0.06;0.03,-0.70,9.56;4.66,1.40
118.81011902,31.89289286,10.18;0.27,264.93,0.58;-0.37,-4.33,0.17;-0.53,0.48,0.06;0.03,-0.70,9.56;4.65,1.30
118.81011902,31.89289286,10.18;0.27,264.93,0.58;-0.37,-4.33,0.17;-0.53,0.48,0.06;0.03,-0.70,9.56;4.64,1.20
118.81011902,31.89289286,10.18;0.27,264.93,0.58;-0.37,-4.33,0.17;-0.53,0.48,0.06;0.03,-0.70,9.56;4.61,1.10
118.81011902,31.89289286,10.18;0.27,264.93,0.58;-0.37,-4.33,0.17;-0.53,0.48,0.06;0.03,-0.70,9.56;4.48,1.30
118.81011902,31.89289286,10.18;0.27,264.93,0.58;-0.37,-4.33,0.17;-0.53,0.48,0.06;0.03,-0.70,9.56;4.47,1.30
118.81011902,31.89289286,10.18;0.27,264.93,0.58;-0.37,-4.33,0.17;-0.53,0.48,0.06;0.03,-0.70,9.56;4.47,1.30
118.81011902,31.89289286,10.18;0.27,264.93,0.58;-0.37,-4.33,0.17;-0.53,0.48,0.06;0.03,-0.70,9.56;4.47,1.30
118.81011902,31.89289286,10.18;0.27,264.93,0.58;-0.37,-4.33,0.17;-0.53,0.48,0.06;0.03,-0.70,9.56;4.48,1.30
118.81011902,31.89289286,10.18;0.27,264.93,0.58;-0.37,-4.33,0.17;-0.53,0.48,0.06;0.03,-0.70,9.56;4.49,1.30
118.81011902,31.89289286,10.18;0.27,264.93,0.58;-0.37,-4.33,0.17;0.26,-0.09,0.23;0.07,1.73,10.58;4.50,1.30
118.81011902,31.89289286,10.18;0.27,264.93,0.58;-0.37,-4.33,0.17;-1.08,0.63,0.36;0.01,2.39,10.12;4.50,1.30
118.81011902,31.89289286,10.18;0.27,264.93,0.58;-0.37,-4.33,0.17;-1.08,0.63,0.36;0.01,2.39,10.12;4.83,1.30
118.81011902,31.89289286,10.18;0.27,264.93,0.58;-0.37,-4.33,0.17;-1.08,0.63,0.36;0.01,2.39,10.12;4.86,1.40
118.81008338,31.89289029,10.29;0.06,264.75,1.92;-0.45,-4.97,0.22;-1.08,0.63,0.36;0.01,2.39,10.12;4.90,1.40
118.81008338,31.89289029,10.29;0.06,264.75,1.92;-0.45,-4.97,0.22;-1.08,0.63,0.36;0.01,2.39,10.12;4.93,1.40
118.81008338,31.89289029,10.29;0.06,264.75,1.92;-0.45,-4.97,0.22;-1.08,0.63,0.36;0.01,2.39,10.12;4.97,1.30
118.81008338,31.89289029,10.29;0.06,264.75,1.92;-0.45,-4.97,0.22;-1.08,0.63,0.36;0.01,2.39,10.12;5.01,1.30
118.81008338,31.89289029,10.29;0.06,264.75,1.92;-0.45,-4.97,0.22;-1.08,0.63,0.36;0.01,2.39,10.12;5.38,1.20
118.81008338,31.89289029,10.29;0.06,264.75,1.92;-0.45,-4.97,0.22;-1.08,0.63,0.36;0.01,2.39,10.12;5.42,1.10
118.81008338,31.89289029,10.29;0.06,264.75,1.92;-0.45,-4.97,0.22;-1.08,0.63,0.36;0.01,2.39,10.12;5.45,1.00
118.81008338,31.89289029,10.29;0.06,264.75,1.92;-0.45,-4.97,0.22;-1.08,0.63,0.36;0.01,2.39,10.12;5.48,0.90
118.81008338,31.89289029,10.29;0.06,264.75,1.92;-0.45,-4.97,0.22;-1.08,0.63,0.36;0.01,2.39,10.12;5.48,0.90
118.81008338,31.89289029,10.29;0.06,264.75,1.92;-0.45,-4.97,0.22;-1.08,0.63,0.36;0.01,2.39,10.12;5.54,0.90
118.81008338,31.89289029,10.29;0.06,264.75,1.92;-0.45,-4.97,0.22;-1.08,0.63,0.36;0.01,2.39,10.12;5.54,0.90
118.81008338,31.89289029,10.29;0.06,264.75,1.92;-0.45,-4.97,0.22;0.87,0.91,0.37;0.00,1.29,9.50;5.58,0.90
118.81008338,31.89289029,10.29;0.06,264.75,1.92;-0.45,-4.97,0.22;0.27,-0.31,0.43;0.11,1.46,9.53;5.89,0.90
118.81008338,31.89289029,10.29;0.06,264.75,1.92;-0.45,-4.97,0.22;0.27,-0.31,0.43;0.11,1.46,9.53;5.90,0.80
118.81008338,31.89289029,10.29;0.06,264.75,1.92;-0.45,-4.97,0.22;0.27,-0.31,0.43;0.11,1.46,9.53;5.90,0.80
118.81004303,31.89288731,10.45;0.10,264.57,1.98;-0.53,-5.71,0.27;0.27,-0.31,0.43;0.11,1.46,9.53;5.91,0.80
118.81004303,31.89288731,10.45;0.10,264.57,1.98;-0.53,-5.71,0.27;0.27,-0.31,0.43;0.11,1.46,9.53;5.92,0.90
118.81004303,31.89288731,10.45;0.10,264.57,1.98;-0.53,-5.71,0.27;0.27,-0.31,0.43;0.11,1.46,9.53;5.94,0.90
118.81004303,31.89288731,10.45;0.10,264.57,1.98;-0.53,-5.71,0.27;0.27,-0.31,0.43;0.11,1.46,9.53;5.94,0.90
118.81004303,31.89288731,10.45;0.10,264.57,1.98;-0.53,-5.71,0.27;0.27,-0.31,0.43;0.11,1.46,9.53;5.90,0.90
118.81004303,31.89288731,10.45;0.10,264.57,1.98;-0.53,-5.71,0.27;0.27,-0.31,0.43;0.11,1.46,9.53;5.89,0.90
118.81004303,31.89288731,10.45;0.10,264.57,1.98;-0.53,-5.71,0.27;0.27,-0.31,0.43;0.11,1.46,9.53;5.89,1.00
118.81004303,31.89288731,10.45;0.10,264.57,1.98;-0.53,-5.71,0.27;0.27,-0.31,0.43;0.11,1.46,9.53;5.89,1.00
118.81004303,31.89288731,10.45;0.10,264.57,1.98;-0.53,-5.71,0.27;0.27,-0.31,0.43;0.11,1.46,9.53;5.89,1.00
118.81004303,31.89288731,10.45;0.10,264.57,1.98;-0.53,-5.71,0.27;0.27,-0.31,0.43;0.11,1.46,9.53;5.87,1.00
118.81004303,31.89288731,10.45;0.10,264.57,1.98;-0.53,-5.71,0.27;-1.98,0.07,0.26;0.16,-0.26,10.29;5.86,1.00
118.81004303,31.89288731,10.45;0.10,264.57,1.98;-0.53,-5.71,0.27;-2.01,-0.13,0.19;0.15,-2.09,10.06;5.56,0.70
118.81004303,31.89288731,10.45;0.10,264.57,1.98;-0.53,-5.71,0.27;-2.01,-0.13,0.19;0.15,-2.09,10.06;5.52,0.70
118.81004303,31.89288731,10.45;0.10,264.57,1.98;-0.53,-5.71,0.27;-2.01,-0.13,0.19;0.15,-2.09,10.06;5.46,0.70
118.81000019,31.89288395,10.67;0.04,264.45,1.18;-0.44,-4.65,0.28;-2.01,-0.13,0.19;0.15,-2.09,10.06;5.41,0.80
118.81000019,31.89288395,10.67;0.04,264.45,1.18;-0.44,-4.65,0.28;-2.01,-0.13,0.19;0.15,-2.09,10.06;5.36,0.80
118.81000019,31.89288395,10.67;0.04,264.45,1.18;-0.44,-4.65,0.28;-2.01,-0.13,0.19;0.15,-2.09,10.06;5.30,0.90
118.81000019,31.89288395,10.67;0.04,264.45,1.18;-0.44,-4.65,0.28;-2.01,-0.13,0.19;0.15,-2.09,10.06;5.24,1.00
118.81000019,31.89288395,10.67;0.04,264.45,1.18;-0.44,-4.65,0.28;-2.01,-0.13,0.19;0.15,-2.09,10.06;5.24,1.20
118.81000019,31.89288395,10.67;0.04,264.45,1.18;-0.44,-4.65,0.28;-2.01,-0.13,0.19;0.15,-2.09,10.06;4.57,1.30
118.81000019,31.89288395,10.67;0.04,264.45,1.18;-0.44,-4.65,0.28;-2.01,-0.13,0.19;0.15,-2.09,10.06;4.54,1.50
118.81000019,31.89288395,10.67;0.04,264.45,1.18;-0.44,-4.65,0.28;-2.01,-0.13,0.19;0.15,-2.09,10.06;4.51,1.60
118.81000019,31.89288395,10.67;0.04,264.45,1.18;-0.44,-4.65,0.28;-2.01,-0.13,0.19;0.15,-2.09,10.06;4.48,1.80
118.81000019,31.89288395,10.67;0.04,264.45,1.18;-0.44,-4.65,0.28;-2.01,-0.13,0.19;0.15,-2.09,10.06;4.46,1.90
118.81000019,31.89288395,10.67;0.04,264.45,1.18;-0.44,-4.65,0.28;-0.56,0.99,0.39;0.29,-2.55,9.44;4.43,1.90
118.81000019,31.89288395,10.67;0.04,264.45,1.18;-0.44,-4.65,0.28;2.95,4.06,0.41;0.09,-0.80,9.29;4.19,0.40
118.81000019,31.89288395,10.67;0.04,264.45,1.18;-0.44,-4.65,0.28;2.95,4.06,0.41;0.09,-0.80,9.29;4.18,0.50
118.81000019,31.89288395,10.67;0.04,264.45,1.18;-0.44,-4.65,0.28;2.95,4.06,0.41;0.09,-0.80,9.29;4.16,0.60
118.81000019,31.89288395,10.67;0.04,264.45,1.18;-0.44,-4.65,0.28;2.95,4.06,0.41;0.09,-0.80,9.29;4.13,0.50
118.80996988,31.89288141,10.82;-0.13,264.35,3.02;-0.41,-3.71,0.19;2.95,4.06,0.41;0.09,-0.80,9.29;4.13,0.40
118.80996988,31.89288141,10.82;-0.13,264.35,3.02;-0.41,-3.71,0.19;2.95,4.06,0.41;0.09,-0.80,9.29;4.11,0.30
118.80996988,31.89288141,10.82;-0.13,264.35,3.02;-0.41,-3.71,0.19;2.95,4.06,0.41;0.09,-0.80,9.29;4.09,0.20
118.80996988,31.89288141,10.82;-0.13,264.35,3.02;-0.41,-3.71,0.19;2.95,4.06,0.41;0.09,-0.80,9.29;4.08,0.10
118.80996988,31.89288141,10.82;-0.13,264.35,3.02;-0.41,-3.71,0.19;2.95,4.06,0.41;0.09,-0.80,9.29;3.88,0.20
118.80996988,31.89288141,10.82;-0.13,264.35,3.02;-0.41,-3.71,0.19;2.95,4.06,0.41;0.09,-0.80,9.29;3.87,0.10
118.80996988,31.89288141,10.82;-0.13,264.35,3.02;-0.41,-3.71,0.19;2.95,4.06,0.41;0.09,-0.80,9.29;3.85,0.10
118.80996988,31.89288141,10.82;-0.13,264.35,3.02;-0.41,-3.71,0.19;2.95,4.06,0.41;0.09,-0.80,9.29;3.85,0.10
118.80996988,31.89288141,10.82;-0.13,264.35,3.02;-0.41,-3.71,0.19;2.95,4.06,0.41;0.09,-0.80,9.29;3.85,0.20
118.80996988,31.89288141,10.82;-0.13,264.35,3.02;-0.41,-3.71,0.19;2.18,2.45,0.77;0.32,1.12,9.16;3.85,0.30
118.80996988,31.89288141,10.82;-0.13,264.35,3.02;-0.41,-3.71,0.19;-6.00,-3.06,-0.07;-0.08,1.30,10.53;3.85,0.40
118.80996988,31.89288141,10.82;-0.13,264.35,3.02;-0.41,-3.71,0.19;-6.00,-3.06,-0.07;-0.08,1.30,10.53;3.85,-0.60
118.80996988,31.89288141,10.82;-0.13,264.35,3.02;-0.41,-3.71,0.19;-6.00,-3.06,-0.07;-0.08,1.30,10.53;3.85,-0.60
118.80996988,31.89288141,10.82;-0.13,264.35,3.02;-0.41,-3.71,0.19;-6.00,-3.06,-0.07;-0.08,1.30,10.53;3.86,-0.60
118.80994047,31.89287907,11.05;0.45,264.28,2.21;-0.36,-3.95,0.30;-6.00,-3.06,-0.07;-0.08,1.30,10.53;3.88,-0.60
118.80994047,31.89287907,11.05;0.45,264.28,2.21;-0.36,-3.95,0.30;-6.00,-3.06,-0.07;-0.08,1.30,10.53;3.91,-0.60
118.80994047,31.89287907,11.05;0.45,264.28,2.21;-0.36,-3.95,0.30;-6.00,-3.06,-0.07;-0.08,1.30,10.53;3.91,-0.50
118.80994047,31.89287907,11.05;0.45,264.28,2.21;-0.36,-3.95,0.30;-6.00,-3.06,-0.07;-0.08,1.30,10.53;3.94,-0.50
118.80994047,31.89287907,11.05;0.45,264.28,2.21;-0.36,-3.95,0.30;-6.00,-3.06,-0.07;-0.08,1.30,10.53;4.28,-1.10
118.80994047,31.89287907,11.05;0.45,264.28,2.21;-0.36,-3.95,0.30;-6.00,-3.06,-0.07;-0.08,1.30,10.53;4.31,-0.90
118.80994047,31.89287907,11.05;0.45,264.28,2.21;-0.36,-3.95,0.30;-6.00,-3.06,-0.07;-0.08,1.30,10.53;4.33,-0.80
118.80994047,31.89287907,11.05;0.45,264.28,2.21;-0.36,-3.95,0.30;-6.00,-3.06,-0.07;-0.08,1.30,10.53;4.34,-0.70
118.80994047,31.89287907,11.05;0.45,264.28,2.21;-0.36,-3.95,0.30;-6.00,-3.06,-0.07;-0.08,1.30,10.53;4.34,-0.70
118.80994047,31.89287907,11.05;0.45,264.28,2.21;-0.36,-3.95,0.30;-6.00,-3.06,-0.07;-0.08,1.30,10.53;4.34,-0.70
118.80994047,31.89287907,11.05;0.45,264.28,2.21;-0.36,-3.95,0.30;-0.65,0.30,-0.39;0.16,1.94,10.73;4.36,-0.90
118.80994047,31.89287907,11.05;0.45,264.28,2.21;-0.36,-3.95,0.30;1.32,0.81,-0.00;0.25,1.57,9.00;4.38,-1.10
118.80994047,31.89287907,11.05;0.45,264.28,2.21;-0.36,-3.95,0.30;1.32,0.81,-0.00;0.25,1.57,9.00;4.64,-0.90
118.80994047,31.89287907,11.05;0.45,264.28,2.21;-0.36,-3.95,0.30;1.32,0.81,-0.00;0.25,1.57,9.00;4.66,-1.00
118.80994047,31.89287907,11.05;0.45,264.28,2.21;-0.36,-3.95,0.30;1.32,0.81,-0.00;0.25,1.57,9.00;4.68,-1.10
118.80990612,31.89287632,11.22;0.24,264.35,0.86;-0.44,-4.71,0.25;1.32,0.81,-0.00;0.25,1.57,9.00;4.69,-1.20
118.80990612,31.89287632,11.22;0.24,264.35,0.86;-0.44,-4.71,0.25;1.32,0.81,-0.00;0.25,1.57,9.00;4.70,-1.30
118.80990612,31.89287632,11.22;0.24,264.35,0.86;-0.44,-4.71,0.25;1.32,0.81,-0.00;0.25,1.57,9.00;4.72,-1.40
118.80990612,31.89287632,11.22;0.24,264.35,0.86;-0.44,-4.71,0.25;1.32,0.81,-0.00;0.25,1.57,9.00;4.72,-1.40
118.80990612,31.89287632,11.22;0.24,264.35,0.86;-0.44,-4.71,0.25;1.32,0.81,-0.00;0.25,1.57,9.00;4.72,-1.40
118.80990612,31.89287632,11.22;0.24,264.35,0.86;-0.44,-4.71,0.25;1.32,0.81,-0.00;0.25,1.57,9.00;4.97,-1.40
118.80990612,31.89287632,11.22;0.24,264.35,0.86;-0.44,-4.71,0.25;1.32,0.81,-0.00;0.25,1.57,9.00;4.98,-1.40
118.80990612,31.89287632,11.22;0.24,264.35,0.86;-0.44,-4.71,0.25;1.32,0.81,-0.00;0.25,1.57,9.00;4.99,-1.50
118.80990612,31.89287632,11.22;0.24,264.35,0.86;-0.44,-4.71,0.25;1.32,0.81,-0.00;0.25,1.57,9.00;5.00,-1.50
118.80990612,31.89287632,11.22;0.24,264.35,0.86;-0.44,-4.71,0.25;-3.30,-0.63,0.01;-0.01,0.47,8.92;5.01,-1.60
118.80990612,31.89287632,11.22;0.24,264.35,0.86;-0.44,-4.71,0.25;0.29,-0.15,-0.01;0.05,-0.24,9.33;5.02,-1.60
118.80990612,31.89287632,11.22;0.24,264.35,0.86;-0.44,-4.71,0.25;0.29,-0.15,-0.01;0.05,-0.24,9.33;5.00,-1.40
118.80990612,31.89287632,11.22;0.24,264.35,0.86;-0.44,-4.71,0.25;0.29,-0.15,-0.01;0.05,-0.24,9.33;4.99,-1.30
118.80990612,31.89287632,11.22;0.24,264.35,0.86;-0.44,-4.71,0.25;0.29,-0.15,-0.01;0.05,-0.24,9.33;4.99,-1.30
118.80990612,31.89287632,11.22;0.24,264.35,0.86;-0.44,-4.71,0.25;0.29,-0.15,-0.01;0.05,-0.24,9.33;4.99,-1.20
118.80987057,31.89287347,11.29;0.25,264.47,-0.14;-0.44,-4.72,0.10;0.29,-0.15,-0.01;0.05,-0.24,9.33;4.99,-1.20
118.80987057,31.89287347,11.29;0.25,264.47,-0.14;-0.44,-4.72,0.10;0.29,-0.15,-0.01;0.05,-0.24,9.33;4.98,-1.30
118.80987057,31.89287347,11.29;0.25,264.47,-0.14;-0.44,-4.72,0.10;0.29,-0.15,-0.01;0.05,-0.24,9.33;4.98,-1.30
118.80987057,31.89287347,11.29;0.25,264.47,-0.14;-0.44,-4.72,0.10;0.29,-0.15,-0.01;0.05,-0.24,9.33;4.98,-1.30
118.80987057,31.89287347,11.29;0.25,264.47,-0.14;-0.44,-4.72,0.10;0.29,-0.15,-0.01;0.05,-0.24,9.33;4.87,-1.20
118.80987057,31.89287347,11.29;0.25,264.47,-0.14;-0.44,-4.72,0.10;0.29,-0.15,-0.01;0.05,-0.24,9.33;4.86,-1.20
118.80987057,31.89287347,11.29;0.25,264.47,-0.14;-0.44,-4.72,0.10;0.29,-0.15,-0.01;0.05,-0.24,9.33;4.85,-1.20
118.80987057,31.89287347,11.29;0.25,264.47,-0.14;-0.44,-4.72,0.10;0.29,-0.15,-0.01;0.05,-0.24,9.33;4.84,-1.20
118.80987057,31.89287347,11.29;0.25,264.47,-0.14;-0.44,-4.72,0.10;-1.62,0.80,-0.10;-0.06,-1.38,9.75;4.83,-1.20
118.80987057,31.89287347,11.29;0.25,264.47,-0.14;-0.44,-4.72,0.10;-1.62,0.80,-0.10;-0.06,-1.38,9.75;4.82,-1.20
118.80987057,31.89287347,11.29;0.25,264.47,-0.14;-0.44,-4.72,0.10;-1.62,0.80,-0.10;-0.06,-1.38,9.75;4.59,-1.30
