  longitude ,  latitude ,high;roll,yaw,pitch;n_vel,e_vel,u_vel;angleSpeedx_y_z;lineAccx_y_z;speed,steeringAngle
118.81099042,31.89293975,8.57;1.07,268.22,-0.38;-0.09,-4.27,0.05;1.48,0.58,0.59;-0.30,0.76,9.98;4.40,6.00
118.81099042,31.89293975,8.57;1.07,268.22,-0.38;-0.09,-4.27,0.05;1.48,0.58,0.59;-0.30,0.76,9.98;4.41,6.00
118.81099042,31.89293975,8.57;1.07,268.22,-0.38;-0.09,-4.27,0.05;1.48,0.58,0.59;-0.30,0.76,9.98;4.56,6.00
118.81099042,31.89293975,8.57;1.07,268.22,-0.38;-0.09,-4.27,0.05;1.48,0.58,0.59;-0.30,0.76,9.98;4.57,6.50
118.81099042,31.89293975,8.57;1.07,268.22,-0.38;-0.09,-4.27,0.05;1.48,0.58,0.59;-0.30,0.76,9.98;4.58,6.50
118.81099042,31.89293975,8.57;1.07,268.22,-0.38;-0.09,-4.27,0.05;1.48,0.58,0.59;-0.30,0.76,9.98;4.58,6.50
118.81099042,31.89293975,8.57;1.07,268.22,-0.38;-0.09,-4.27,0.05;1.48,0.58,0.59;-0.30,0.76,9.98;4.60,6.50
118.81099042,31.89293975,8.57;1.07,268.22,-0.38;-0.09,-4.27,0.05;1.48,0.58,0.59;-0.30,0.76,9.98;4.60,6.50
118.81099042,31.89293975,8.57;1.07,268.22,-0.38;-0.09,-4.27,0.05;1.48,0.58,0.59;-0.30,0.76,9.98;4.61,6.50
118.81099042,31.89293975,8.57;1.07,268.22,-0.38;-0.09,-4.27,0.05;1.48,0.58,0.59;-0.30,0.76,9.98;4.61,6.60
118.81099042,31.89293975,8.57;1.07,268.22,-0.38;-0.09,-4.27,0.05;1.48,0.58,0.59;-0.30,0.76,9.98;4.72,6.70
118.81099042,31.89293975,8.57;1.07,268.22,-0.38;-0.09,-4.27,0.05;1.48,0.58,0.59;-0.30,0.76,9.98;4.72,6.70
118.81095766,31.89293899,8.63;0.96,267.84,-0.26;-0.14,-4.57,0.08;1.48,0.58,0.59;-0.30,0.76,9.98;4.74,6.80
118.81095766,31.89293899,8.63;0.96,267.84,-0.26;-0.14,-4.57,0.08;1.48,0.58,0.59;-0.30,0.76,9.98;4.74,6.80
118.81095766,31.89293899,8.63;0.96,267.84,-0.26;-0.14,-4.57,0.08;0.60,0.11,0.72;-0.00,0.25,10.23;4.75,6.80
118.81095766,31.89293899,8.63;0.96,267.84,-0.26;-0.14,-4.57,0.08;-1.12,-0.92,0.81;0.00,0.37,10.19;4.76,6.90
118.81095766,31.89293899,8.63;0.96,267.84,-0.26;-0.14,-4.57,0.08;-1.12,-0.92,0.81;0.00,0.37,10.19;4.77,6.90
118.81095766,31.89293899,8.63;0.96,267.84,-0.26;-0.14,-4.57,0.08;-1.12,-0.92,0.81;0.00,0.37,10.19;4.77,7.30
118.81095766,31.89293899,8.63;0.96,267.84,-0.26;-0.14,-4.57,0.08;-1.12,-0.92,0.81;0.00,0.37,10.19;4.87,7.30
118.81095766,31.89293899,8.63;0.96,267.84,-0.26;-0.14,-4.57,0.08;-1.12,-0.92,0.81;0.00,0.37,10.19;4.88,7.30
118.81095766,31.89293899,8.63;0.96,267.84,-0.26;-0.14,-4.57,0.08;-1.12,-0.92,0.81;0.00,0.37,10.19;4.90,7.40
118.81095766,31.89293899,8.63;0.96,267.84,-0.26;-0.14,-4.57,0.08;-1.12,-0.92,0.81;0.00,0.37,10.19;4.91,7.40
118.81095766,31.89293899,8.63;0.96,267.84,-0.26;-0.14,-4.57,0.08;-1.12,-0.92,0.81;0.00,0.37,10.19;4.92,7.40
118.81095766,31.89293899,8.63;0.96,267.84,-0.26;-0.14,-4.57,0.08;-1.12,-0.92,0.81;0.00,0.37,10.19;5.03,7.30
118.81095766,31.89293899,8.63;0.96,267.84,-0.26;-0.14,-4.57,0.08;-1.12,-0.92,0.81;0.00,0.37,10.19;5.03,7.30
118.81095766,31.89293899,8.63;0.96,267.84,-0.26;-0.14,-4.57,0.08;-1.12,-0.92,0.81;0.00,0.37,10.19;5.04,7.00
118.81092001,31.89293789,8.67;0.99,267.32,-0.42;-0.19,-4.89,0.04;-1.12,-0.92,0.81;0.00,0.37,10.19;5.05,7.00
118.81092001,31.89293789,8.67;0.99,267.32,-0.42;-0.19,-4.89,0.04;-1.12,-0.92,0.81;0.00,0.37,10.19;5.06,7.00
118.81092001,31.89293789,8.67;0.99,267.32,-0.42;-0.19,-4.89,0.04;0.47,-0.85,0.75;-0.46,0.48,9.98;5.07,7.00
118.81092001,31.89293789,8.67;0.99,267.32,-0.42;-0.19,-4.89,0.04;0.11,0.64,0.86;-0.27,0.34,9.44;5.07,7.10
118.81092001,31.89293789,8.67;0.99,267.32,-0.42;-0.19,-4.89,0.04;0.11,0.64,0.86;-0.27,0.34,9.44;5.09,7.00
118.81092001,31.89293789,8.67;0.99,267.32,-0.42;-0.19,-4.89,0.04;0.11,0.64,0.86;-0.27,0.34,9.44;5.09,7.00
118.81092001,31.89293789,8.67;0.99,267.32,-0.42;-0.19,-4.89,0.04;0.11,0.64,0.86;-0.27,0.34,9.44;5.21,6.60
118.81092001,31.89293789,8.67;0.99,267.32,-0.42;-0.19,-4.89,0.04;0.11,0.64,0.86;-0.27,0.34,9.44;5.22,6.50
118.81092001,31.89293789,8.67;0.99,267.32,-0.42;-0.19,-4.89,0.04;0.11,0.64,0.86;-0.27,0.34,9.44;5.23,6.50
118.81092001,31.89293789,8.67;0.99,267.32,-0.42;-0.19,-4.89,0.04;0.11,0.64,0.86;-0.27,0.34,9.44;5.24,6.50
118.81092001,31.89293789,8.67;0.99,267.32,-0.42;-0.19,-4.89,0.04;0.11,0.64,0.86;-0.27,0.34,9.44;5.25,6.50
118.81092001,31.89293789,8.67;0.99,267.32,-0.42;-0.19,-4.89,0.04;0.11,0.64,0.86;-0.27,0.34,9.44;5.27,6.50
118.81092001,31.89293789,8.67;0.99,267.32,-0.42;-0.19,-4.89,0.04;0.11,0.64,0.86;-0.27,0.34,9.44;5.27,6.40
118.81092001,31.89293789,8.67;0.99,267.32,-0.42;-0.19,-4.89,0.04;0.11,0.64,0.86;-0.27,0.34,9.44;5.27,6.40
118.81092001,31.89293789,8.67;0.99,267.32,-0.42;-0.19,-4.89,0.04;0.11,0.64,0.86;-0.27,0.34,9.44;5.38,6.40
118.81088223,31.89293661,8.67;1.10,266.81,-0.28;-0.25,-5.19,0.06;0.11,0.64,0.86;-0.27,0.34,9.44;5.39,6.40
118.81088223,31.89293661,8.67;1.10,266.81,-0.28;-0.25,-5.19,0.06;0.11,0.64,0.86;-0.27,0.34,9.44;5.39,6.50
118.81088223,31.89293661,8.67;1.10,266.81,-0.28;-0.25,-5.19,0.06;1.15,0.44,0.91;-0.07,0.42,9.52;5.41,6.40
118.81088223,31.89293661,8.67;1.10,266.81,-0.28;-0.25,-5.19,0.06;1.15,0.44,0.91;-0.07,0.42,9.52;5.41,6.40
118.81088223,31.89293661,8.67;1.10,266.81,-0.28;-0.25,-5.19,0.06;1.15,0.44,0.91;-0.07,0.42,9.52;5.42,6.40
118.81088223,31.89293661,8.67;1.10,266.81,-0.28;-0.25,-5.19,0.06;1.15,0.44,0.91;-0.07,0.42,9.52;5.47,6.40
118.81088223,31.89293661,8.67;1.10,266.81,-0.28;-0.25,-5.19,0.06;1.15,0.44,0.91;-0.07,0.42,9.52;5.48,5.90
118.81088223,31.89293661,8.67;1.10,266.81,-0.28;-0.25,-5.19,0.06;1.15,0.44,0.91;-0.07,0.42,9.52;5.48,5.90
118.81088223,31.89293661,8.67;1.10,266.81,-0.28;-0.25,-5.19,0.06;1.15,0.44,0.91;-0.07,0.42,9.52;5.47,5.90
118.81088223,31.89293661,8.67;1.10,266.81,-0.28;-0.25,-5.19,0.06;1.15,0.44,0.91;-0.07,0.42,9.52;5.48,5.90
118.81088223,31.89293661,8.67;1.10,266.81,-0.28;-0.25,-5.19,0.06;1.15,0.44,0.91;-0.07,0.42,9.52;5.48,5.80
118.81088223,31.89293661,8.67;1.10,266.81,-0.28;-0.25,-5.19,0.06;1.15,0.44,0.91;-0.07,0.42,9.52;5.49,5.70
118.81088223,31.89293661,8.67;1.10,266.81,-0.28;-0.25,-5.19,0.06;1.15,0.44,0.91;-0.07,0.42,9.52;5.49,5.60
118.81088223,31.89293661,8.67;1.10,266.81,-0.28;-0.25,-5.19,0.06;1.15,0.44,0.91;-0.07,0.42,9.52;5.47,4.60
118.81084064,31.89293480,8.72;1.06,266.33,-0.21;-0.28,-5.23,0.07;1.15,0.44,0.91;-0.07,0.42,9.52;5.47,4.60
118.81084064,31.89293480,8.72;1.06,266.33,-0.21;-0.28,-5.23,0.07;1.15,0.44,0.91;-0.07,0.42,9.52;5.47,4.70
118.81084064,31.89293480,8.72;1.06,266.33,-0.21;-0.28,-5.23,0.07;-0.80,1.05,0.70;-0.14,-0.15,10.22;5.47,4.60
118.81084064,31.89293480,8.72;1.06,266.33,-0.21;-0.28,-5.23,0.07;-0.80,1.05,0.70;-0.14,-0.15,10.22;5.47,4.60
118.81084064,31.89293480,8.72;1.06,266.33,-0.21;-0.28,-5.23,0.07;-0.80,1.05,0.70;-0.14,-0.15,10.22;5.47,4.60
118.81084064,31.89293480,8.72;1.06,266.33,-0.21;-0.28,-5.23,0.07;-0.80,1.05,0.70;-0.14,-0.15,10.22;5.46,4.50
118.81084064,31.89293480,8.72;1.06,266.33,-0.21;-0.28,-5.23,0.07;-0.80,1.05,0.70;-0.14,-0.15,10.22;5.46,4.30
118.81084064,31.89293480,8.72;1.06,266.33,-0.21;-0.28,-5.23,0.07;-0.80,1.05,0.70;-0.14,-0.15,10.22;5.46,4.30
118.81084064,31.89293480,8.72;1.06,266.33,-0.21;-0.28,-5.23,0.07;-0.80,1.05,0.70;-0.14,-0.15,10.22;5.45,4.30
118.81084064,31.89293480,8.72;1.06,266.33,-0.21;-0.28,-5.23,0.07;-0.80,1.05,0.70;-0.14,-0.15,10.22;5.45,4.30
118.81084064,31.89293480,8.72;1.06,266.33,-0.21;-0.28,-5.23,0.07;-0.80,1.05,0.70;-0.14,-0.15,10.22;5.45,4.30
118.81084064,31.89293480,8.72;1.06,266.33,-0.21;-0.28,-5.23,0.07;-0.80,1.05,0.70;-0.14,-0.15,10.22;5.45,4.30
118.81084064,31.89293480,8.72;1.06,266.33,-0.21;-0.28,-5.23,0.07;-0.80,1.05,0.70;-0.14,-0.15,10.22;5.43,4.30
118.81084064,31.89293480,8.72;1.06,266.33,-0.21;-0.28,-5.23,0.07;-0.80,1.05,0.70;-0.14,-0.15,10.22;5.43,4.30
118.81084064,31.89293480,8.72;1.06,266.33,-0.21;-0.28,-5.23,0.07;-0.80,1.05,0.70;-0.14,-0.15,10.22;5.42,3.30
118.81080218,31.89293282,8.77;1.04,266.00,-0.10;-0.31,-5.17,0.10;-0.80,1.05,0.70;-0.14,-0.15,10.22;5.42,3.40
118.81080218,31.89293282,8.77;1.04,266.00,-0.10;-0.31,-5.17,0.10;0.13,-1.10,0.64;-0.03,-0.03,9.76;5.42,3.40
118.81080218,31.89293282,8.77;1.04,266.00,-0.10;-0.31,-5.17,0.10;0.28,-0.28,0.57;-0.22,0.07,9.99;5.41,3.40
118.81080218,31.89293282,8.77;1.04,266.00,-0.10;-0.31,-5.17,0.10;0.28,-0.28,0.57;-0.22,0.07,9.99;5.41,3.30
118.81080218,31.89293282,8.77;1.04,266.00,-0.10;-0.31,-5.17,0.10;0.28,-0.28,0.57;-0.22,0.07,9.99;5.41,3.20
118.81080218,31.89293282,8.77;1.04,266.00,-0.10;-0.31,-5.17,0.10;0.28,-0.28,0.57;-0.22,0.07,9.99;5.41,3.10
118.81080218,31.89293282,8.77;1.04,266.00,-0.10;-0.31,-5.17,0.10;0.28,-0.28,0.57;-0.22,0.07,9.99;5.39,2.80
118.81080218,31.89293282,8.77;1.04,266.00,-0.10;-0.31,-5.17,0.10;0.28,-0.28,0.57;-0.22,0.07,9.99;5.39,2.70
118.81080218,31.89293282,8.77;1.04,266.00,-0.10;-0.31,-5.17,0.10;0.28,-0.28,0.57;-0.22,0.07,9.99;5.39,2.70
118.81080218,31.89293282,8.77;1.04,266.00,-0.10;-0.31,-5.17,0.10;0.28,-0.28,0.57;-0.22,0.07,9.99;5.38,2.70
118.81080218,31.89293282,8.77;1.04,266.00,-0.10;-0.31,-5.17,0.10;0.28,-0.28,0.57;-0.22,0.07,9.99;5.38,2.70
118.81080218,31.89293282,8.77;1.04,266.00,-0.10;-0.31,-5.17,0.10;0.28,-0.28,0.57;-0.22,0.07,9.99;5.38,2.70
118.81080218,31.89293282,8.77;1.04,266.00,-0.10;-0.31,-5.17,0.10;0.28,-0.28,0.57;-0.22,0.07,9.99;5.38,2.70
118.81080218,31.89293282,8.77;1.04,266.00,-0.10;-0.31,-5.17,0.10;0.28,-0.28,0.57;-0.22,0.07,9.99;5.36,2.80
118.81076140,31.89293047,8.83;1.04,265.78,-0.15;-0.33,-5.10,0.08;0.28,-0.28,0.57;-0.22,0.07,9.99;5.36,2.70
118.81076140,31.89293047,8.83;1.04,265.78,-0.15;-0.33,-5.10,0.08;0.11,0.04,0.43;-0.27,0.12,9.97;5.35,2.70
118.81076140,31.89293047,8.83;1.04,265.78,-0.15;-0.33,-5.10,0.08;0.11,0.04,0.43;-0.27,0.12,9.97;5.35,2.60
118.81076140,31.89293047,8.83;1.04,265.78,-0.15;-0.33,-5.10,0.08;0.11,0.04,0.43;-0.27,0.12,9.97;5.35,2.60
118.81076140,31.89293047,8.83;1.04,265.78,-0.15;-0.33,-5.10,0.08;0.11,0.04,0.43;-0.27,0.12,9.97;5.35,2.60
118.81076140,31.89293047,8.83;1.04,265.78,-0.15;-0.33,-5.10,0.08;0.11,0.04,0.43;-0.27,0.12,9.97;5.36,2.60
118.81076140,31.89293047,8.83;1.04,265.78,-0.15;-0.33,-5.10,0.08;0.11,0.04,0.43;-0.27,0.12,9.97;5.36,2.60
118.81076140,31.89293047,8.83;1.04,265.78,-0.15;-0.33,-5.10,0.08;0.11,0.04,0.43;-0.27,0.12,9.97;5.37,2.70
118.81076140,31.89293047,8.83;1.04,265.78,-0.15;-0.33,-5.10,0.08;0.11,0.04,0.43;-0.27,0.12,9.97;5.37,2.60
118.81076140,31.89293047,8.83;1.04,265.78,-0.15;-0.33,-5.10,0.08;0.11,0.04,0.43;-0.27,0.12,9.97;5.37,2.60
118.81076140,31.89293047,8.83;1.04,265.78,-0.15;-0.33,-5.10,0.08;0.11,0.04,0.43;-0.27,0.12,9.97;5.37,2.60
118.81076140,31.89293047,8.83;1.04,265.78,-0.15;-0.33,-5.10,0.08;0.11,0.04,0.43;-0.27,0.12,9.97;5.37,2.60
118.81076140,31.89293047,8.83;1.04,265.78,-0.15;-0.33,-5.10,0.08;0.11,0.04,0.43;-0.27,0.12,9.97;5.38,2.70
118.81076140,31.89293047,8.83;1.04,265.78,-0.15;-0.33,-5.10,0.08;0.11,0.04,0.43;-0.27,0.12,9.97;5.38,2.70
118.81076140,31.89293047,8.83;1.04,265.78,-0.15;-0.33,-5.10,0.08;0.11,0.04,0.43;-0.27,0.12,9.97;5.43,2.70
118.81072300,31.89292807,8.89;0.92,265.57,-0.08;-0.36,-5.21,0.09;0.11,0.04,0.43;-0.27,0.12,9.97;5.43,2.70
118.81072300,31.89292807,8.89;0.92,265.57,-0.08;-0.36,-5.21,0.09;-0.90,-0.34,0.41;-0.18,0.12,9.27;5.44,2.70
118.81072300,31.89292807,8.89;0.92,265.57,-0.08;-0.36,-5.21,0.09;-0.90,-0.34,0.41;-0.18,0.12,9.27;5.45,2.60
118.81072300,31.89292807,8.89;0.92,265.57,-0.08;-0.36,-5.21,0.09;-0.90,-0.34,0.41;-0.18,0.12,9.27;5.45,2.60
118.81072300,31.89292807,8.89;0.92,265.57,-0.08;-0.36,-5.21,0.09;-0.90,-0.34,0.41;-0.18,0.12,9.27;5.45,2.60
118.81072300,31.89292807,8.89;0.92,265.57,-0.08;-0.36,-5.21,0.09;-0.90,-0.34,0.41;-0.18,0.12,9.27;5.45,2.50
118.81072300,31.89292807,8.89;0.92,265.57,-0.08;-0.36,-5.21,0.09;-0.90,-0.34,0.41;-0.18,0.12,9.27;5.45,0.40
118.81072300,31.89292807,8.89;0.92,265.57,-0.08;-0.36,-5.21,0.09;-0.90,-0.34,0.41;-0.18,0.12,9.27;5.50,0.20
118.81072300,31.89292807,8.89;0.92,265.57,-0.08;-0.36,-5.21,0.09;-0.90,-0.34,0.41;-0.18,0.12,9.27;5.50,-0.30
118.81072300,31.89292807,8.89;0.92,265.57,-0.08;-0.36,-5.21,0.09;-0.90,-0.34,0.41;-0.18,0.12,9.27;5.51,-0.70
118.81072300,31.89292807,8.89;0.92,265.57,-0.08;-0.36,-5.21,0.09;-0.90,-0.34,0.41;-0.18,0.12,9.27;5.52,-1.10
118.81072300,31.89292807,8.89;0.92,265.57,-0.08;-0.36,-5.21,0.09;-0.90,-0.34,0.41;-0.18,0.12,9.27;5.52,-1.50
118.81072300,31.89292807,8.89;0.92,265.57,-0.08;-0.36,-5.21,0.09;-0.90,-0.34,0.41;-0.18,0.12,9.27;5.57,-1.60
118.81072300,31.89292807,8.89;0.92,265.57,-0.08;-0.36,-5.21,0.09;-0.90,-0.34,0.41;-0.18,0.12,9.27;5.57,-1.60
118.81068087,31.89292539,8.94;0.91,265.56,0.09;-0.38,-5.35,0.09;-0.90,-0.34,0.41;-0.18,0.12,9.27;5.57,-0.70
118.81068087,31.89292539,8.94;0.91,265.56,0.09;-0.38,-5.35,0.09;-0.40,-0.62,-0.06;-0.22,0.40,10.38;5.58,-0.90
118.81068087,31.89292539,8.94;0.91,265.56,0.09;-0.38,-5.35,0.09;-0.40,-0.62,-0.06;-0.22,0.40,10.38;5.58,-1.10
118.81068087,31.89292539,8.94;0.91,265.56,0.09;-0.38,-5.35,0.09;-0.40,-0.62,-0.06;-0.22,0.40,10.38;5.58,-1.40
118.81068087,31.89292539,8.94;0.91,265.56,0.09;-0.38,-5.35,0.09;-0.40,-0.62,-0.06;-0.22,0.40,10.38;5.58,-1.60
118.81068087,31.89292539,8.94;0.91,265.56,0.09;-0.38,-5.35,0.09;-0.40,-0.62,-0.06;-0.22,0.40,10.38;5.58,-1.70
118.81068087,31.89292539,8.94;0.91,265.56,0.09;-0.38,-5.35,0.09;-0.40,-0.62,-0.06;-0.22,0.40,10.38;5.58,-1.80
118.81068087,31.89292539,8.94;0.91,265.56,0.09;-0.38,-5.35,0.09;-0.40,-0.62,-0.06;-0.22,0.40,10.38;5.62,-1.00
118.81068087,31.89292539,8.94;0.91,265.56,0.09;-0.38,-5.35,0.09;-0.40,-0.62,-0.06;-0.22,0.40,10.38;5.62,-1.10
118.81068087,31.89292539,8.94;0.91,265.56,0.09;-0.38,-5.35,0.09;-0.40,-0.62,-0.06;-0.22,0.40,10.38;5.63,-1.10
118.81068087,31.89292539,8.94;0.91,265.56,0.09;-0.38,-5.35,0.09;-0.40,-0.62,-0.06;-0.22,0.40,10.38;5.63,-1.10
118.81068087,31.89292539,8.94;0.91,265.56,0.09;-0.38,-5.35,0.09;-0.40,-0.62,-0.06;-0.22,0.40,10.38;5.63,-1.10
118.81068087,31.89292539,8.94;0.91,265.56,0.09;-0.38,-5.35,0.09;-0.40,-0.62,-0.06;-0.22,0.40,10.38;5.63,-1.20
118.81068087,31.89292539,8.94;0.91,265.56,0.09;-0.38,-5.35,0.09;-0.40,-0.62,-0.06;-0.22,0.40,10.38;5.63,-1.20
118.81068087,31.89292539,8.94;0.91,265.56,0.09;-0.38,-5.35,0.09;-0.40,-0.62,-0.06;-0.22,0.40,10.38;5.63,-1.20
118.81064073,31.89292290,9.01;0.77,265.69,0.04;-0.38,-5.46,0.12;0.83,-0.10,-0.21;0.11,0.14,9.20;5.69,-1.20
118.81064073,31.89292290,9.01;0.77,265.69,0.04;-0.38,-5.46,0.12;0.83,-0.10,-0.21;0.11,0.14,9.20;5.69,-1.20
118.81064073,31.89292290,9.01;0.77,265.69,0.04;-0.38,-5.46,0.12;0.83,-0.10,-0.21;0.11,0.14,9.20;5.69,-1.20
118.81064073,31.89292290,9.01;0.77,265.69,0.04;-0.38,-5.46,0.12;0.83,-0.10,-0.21;0.11,0.14,9.20;5.69,-1.20
118.81064073,31.89292290,9.01;0.77,265.69,0.04;-0.38,-5.46,0.12;0.83,-0.10,-0.21;0.11,0.14,9.20;5.70,-1.20
118.81064073,31.89292290,9.01;0.77,265.69,0.04;-0.38,-5.46,0.12;0.83,-0.10,-0.21;0.11,0.14,9.20;5.70,-1.20
118.81064073,31.89292290,9.01;0.77,265.69,0.04;-0.38,-5.46,0.12;0.83,-0.10,-0.21;0.11,0.14,9.20;5.72,-1.20
118.81064073,31.89292290,9.01;0.77,265.69,0.04;-0.38,-5.46,0.12;0.83,-0.10,-0.21;0.11,0.14,9.20;5.72,-1.20
118.81064073,31.89292290,9.01;0.77,265.69,0.04;-0.38,-5.46,0.12;0.83,-0.10,-0.21;0.11,0.14,9.20;5.72,-1.20
118.81064073,31.89292290,9.01;0.77,265.69,0.04;-0.38,-5.46,0.12;0.83,-0.10,-0.21;0.11,0.14,9.20;5.72,-1.20
118.81064073,31.89292290,9.01;0.77,265.69,0.04;-0.38,-5.46,0.12;0.83,-0.10,-0.21;0.11,0.14,9.20;5.72,-1.20
118.81064073,31.89292290,9.01;0.77,265.69,0.04;-0.38,-5.46,0.12;0.83,-0.10,-0.21;0.11,0.14,9.20;5.72,-1.20
118.81064073,31.89292290,9.01;0.77,265.69,0.04;-0.38,-5.46,0.12;0.83,-0.10,-0.21;0.11,0.14,9.20;5.72,-1.20
118.81064073,31.89292290,9.01;0.77,265.69,0.04;-0.38,-5.46,0.12;0.83,-0.10,-0.21;0.11,0.14,9.20;5.72,-1.30
118.81059726,31.89292032,9.08;0.82,265.85,0.19;-0.37,-5.45,0.09;-0.26,0.32,-0.18;0.08,0.17,9.82;5.70,-1.10
118.81059726,31.89292032,9.08;0.82,265.85,0.19;-0.37,-5.45,0.09;0.13,0.32,-0.17;-0.18,0.28,10.65;5.70,-1.00
118.81059726,31.89292032,9.08;0.82,265.85,0.19;-0.37,-5.45,0.09;0.13,0.32,-0.17;-0.18,0.28,10.65;5.71,-0.90
118.81059726,31.89292032,9.08;0.82,265.85,0.19;-0.37,-5.45,0.09;0.13,0.32,-0.17;-0.18,0.28,10.65;5.71,-0.90
118.81059726,31.89292032,9.08;0.82,265.85,0.19;-0.37,-5.45,0.09;0.13,0.32,-0.17;-0.18,0.28,10.65;5.71,-0.90
118.81059726,31.89292032,9.08;0.82,265.85,0.19;-0.37,-5.45,0.09;0.13,0.32,-0.17;-0.18,0.28,10.65;5.71,-1.00
118.81059726,31.89292032,9.08;0.82,265.85,0.19;-0.37,-5.45,0.09;0.13,0.32,-0.17;-0.18,0.28,10.65;5.71,-1.10
118.81059726,31.89292032,9.08;0.82,265.85,0.19;-0.37,-5.45,0.09;0.13,0.32,-0.17;-0.18,0.28,10.65;5.71,-0.90
118.81059726,31.89292032,9.08;0.82,265.85,0.19;-0.37,-5.45,0.09;0.13,0.32,-0.17;-0.18,0.28,10.65;5.74,-0.90
118.81059726,31.89292032,9.08;0.82,265.85,0.19;-0.37,-5.45,0.09;0.13,0.32,-0.17;-0.18,0.28,10.65;5.75,-1.00
118.81059726,31.89292032,9.08;0.82,265.85,0.19;-0.37,-5.45,0.09;0.13,0.32,-0.17;-0.18,0.28,10.65;5.76,-1.00
118.81059726,31.89292032,9.08;0.82,265.85,0.19;-0.37,-5.45,0.09;0.13,0.32,-0.17;-0.18,0.28,10.65;5.76,-1.20
118.81059726,31.89292032,9.08;0.82,265.85,0.19;-0.37,-5.45,0.09;0.13,0.32,-0.17;-0.18,0.28,10.65;5.76,-1.30
118.81059726,31.89292032,9.08;0.82,265.85,0.19;-0.37,-5.45,0.09;0.13,0.32,-0.17;-0.18,0.28,10.65;5.76,-1.40
118.81059726,31.89292032,9.08;0.82,265.85,0.19;-0.37,-5.45,0.09;0.13,0.32,-0.17;-0.18,0.28,10.65;5.76,-1.40
118.81055627,31.89291810,9.15;0.77,265.98,0.08;-0.36,-5.52,0.09;0.21,0.59,-0.07;0.16,0.11,10.09;5.76,-0.90
118.81055627,31.89291810,9.15;0.77,265.98,0.08;-0.36,-5.52,0.09;0.21,0.59,-0.07;0.16,0.11,10.09;5.76,-1.00
118.81055627,31.89291810,9.15;0.77,265.98,0.08;-0.36,-5.52,0.09;0.21,0.59,-0.07;0.16,0.11,10.09;5.76,-1.00
118.81055627,31.89291810,9.15;0.77,265.98,0.08;-0.36,-5.52,0.09;0.21,0.59,-0.07;0.16,0.11,10.09;5.76,-1.00
118.81055627,31.89291810,9.15;0.77,265.98,0.08;-0.36,-5.52,0.09;0.21,0.59,-0.07;0.16,0.11,10.09;5.76,-1.00
118.81055627,31.89291810,9.15;0.77,265.98,0.08;-0.36,-5.52,0.09;0.21,0.59,-0.07;0.16,0.11,10.09;5.76,-0.60
118.81055627,31.89291810,9.15;0.77,265.98,0.08;-0.36,-5.52,0.09;0.21,0.59,-0.07;0.16,0.11,10.09;5.76,-0.60
118.81055627,31.89291810,9.15;0.77,265.98,0.08;-0.36,-5.52,0.09;0.21,0.59,-0.07;0.16,0.11,10.09;5.76,-0.60
118.81055627,31.89291810,9.15;0.77,265.98,0.08;-0.36,-5.52,0.09;0.21,0.59,-0.07;0.16,0.11,10.09;5.76,-0.70
118.81055627,31.89291810,9.15;0.77,265.98,0.08;-0.36,-5.52,0.09;0.21,0.59,-0.07;0.16,0.11,10.09;5.76,-0.70
118.81055627,31.89291810,9.15;0.77,265.98,0.08;-0.36,-5.52,0.09;0.21,0.59,-0.07;0.16,0.11,10.09;5.76,-0.80
118.81055627,31.89291810,9.15;0.77,265.98,0.08;-0.36,-5.52,0.09;0.21,0.59,-0.07;0.16,0.11,10.09;5.76,-0.80
118.81055627,31.89291810,9.15;0.77,265.98,0.08;-0.36,-5.52,0.09;0.21,0.59,-0.07;0.16,0.11,10.09;5.76,-0.90
118.81055627,31.89291810,9.15;0.77,265.98,0.08;-0.36,-5.52,0.09;0.21,0.59,-0.07;0.16,0.11,10.09;5.76,-0.90
118.81051246,31.89291572,9.22;0.53,266.12,0.00;-0.34,-5.52,0.13;-0.43,0.22,0.05;0.26,0.12,9.47;5.76,0.00
118.81051246,31.89291572,9.22;0.53,266.12,0.00;-0.34,-5.52,0.13;-0.43,0.22,0.05;0.26,0.12,9.47;5.76,0.00
118.81051246,31.89291572,9.22;0.53,266.12,0.00;-0.34,-5.52,0.13;-0.43,0.22,0.05;0.26,0.12,9.47;5.76,-0.10
118.81051246,31.89291572,9.22;0.53,266.12,0.00;-0.34,-5.52,0.13;-0.43,0.22,0.05;0.26,0.12,9.47;5.76,-0.20
118.81051246,31.89291572,9.22;0.53,266.12,0.00;-0.34,-5.52,0.13;-0.43,0.22,0.05;0.26,0.12,9.47;5.76,-0.30
118.81051246,31.89291572,9.22;0.53,266.12,0.00;-0.34,-5.52,0.13;-0.43,0.22,0.05;0.26,0.12,9.47;5.75,-0.30
118.81051246,31.89291572,9.22;0.53,266.12,0.00;-0.34,-5.52,0.13;-0.43,0.22,0.05;0.26,0.12,9.47;5.75,-0.40
118.81051246,31.89291572,9.22;0.53,266.12,0.00;-0.34,-5.52,0.13;-0.43,0.22,0.05;0.26,0.12,9.47;5.76,1.80
118.81051246,31.89291572,9.22;0.53,266.12,0.00;-0.34,-5.52,0.13;-0.43,0.22,0.05;0.26,0.12,9.47;5.74,1.90
118.81051246,31.89291572,9.22;0.53,266.12,0.00;-0.34,-5.52,0.13;-0.43,0.22,0.05;0.26,0.12,9.47;5.74,2.00
118.81051246,31.89291572,9.22;0.53,266.12,0.00;-0.34,-5.52,0.13;-0.43,0.22,0.05;0.26,0.12,9.47;5.76,1.90
118.81051246,31.89291572,9.22;0.53,266.12,0.00;-0.34,-5.52,0.13;-0.43,0.22,0.05;0.26,0.12,9.47;5.75,1.90
118.81051246,31.89291572,9.22;0.53,266.12,0.00;-0.34,-5.52,0.13;-0.43,0.22,0.05;0.26,0.12,9.47;5.74,1.80
118.81051246,31.89291572,9.22;0.53,266.12,0.00;-0.34,-5.52,0.13;-0.43,0.22,0.05;0.26,0.12,9.47;5.75,1.70
118.81051246,31.89291572,9.22;0.53,266.12,0.00;-0.34,-5.52,0.13;-0.19,-0.37,0.34;-0.39,0.16,9.33;5.75,2.20
118.81047173,31.89291362,9.28;0.61,265.86,0.16;-0.41,-5.52,0.08;-3.79,-1.28,-0.20;0.00,-1.10,10.05;5.75,2.10
118.81047173,31.89291362,9.28;0.61,265.86,0.16;-0.41,-5.52,0.08;-3.79,-1.28,-0.20;0.00,-1.10,10.05;5.72,1.80
118.81047173,31.89291362,9.28;0.61,265.86,0.16;-0.41,-5.52,0.08;-3.79,-1.28,-0.20;0.00,-1.10,10.05;5.72,1.50
118.81047173,31.89291362,9.28;0.61,265.86,0.16;-0.41,-5.52,0.08;-3.79,-1.28,-0.20;0.00,-1.10,10.05;5.73,1.20
118.81047173,31.89291362,9.28;0.61,265.86,0.16;-0.41,-5.52,0.08;-3.79,-1.28,-0.20;0.00,-1.10,10.05;5.71,0.90
118.81047173,31.89291362,9.28;0.61,265.86,0.16;-0.41,-5.52,0.08;-3.79,-1.28,-0.20;0.00,-1.10,10.05;5.78,0.80
118.81047173,31.89291362,9.28;0.61,265.86,0.16;-0.41,-5.52,0.08;-3.79,-1.28,-0.20;0.00,-1.10,10.05;5.78,0.80
118.81047173,31.89291362,9.28;0.61,265.86,0.16;-0.41,-5.52,0.08;-3.79,-1.28,-0.20;0.00,-1.10,10.05;5.77,1.50
118.81047173,31.89291362,9.28;0.61,265.86,0.16;-0.41,-5.52,0.08;-3.79,-1.28,-0.20;0.00,-1.10,10.05;5.80,1.70
118.81047173,31.89291362,9.28;0.61,265.86,0.16;-0.41,-5.52,0.08;-3.79,-1.28,-0.20;0.00,-1.10,10.05;5.82,1.80
118.81047173,31.89291362,9.28;0.61,265.86,0.16;-0.41,-5.52,0.08;-3.79,-1.28,-0.20;0.00,-1.10,10.05;5.82,1.70
118.81047173,31.89291362,9.28;0.61,265.86,0.16;-0.41,-5.52,0.08;-3.79,-1.28,-0.20;0.00,-1.10,10.05;5.83,1.70
118.81047173,31.89291362,9.28;0.61,265.86,0.16;-0.41,-5.52,0.08;-3.79,-1.28,-0.20;0.00,-1.10,10.05;5.84,1.70
118.81047173,31.89291362,9.28;0.61,265.86,0.16;-0.41,-5.52,0.08;-4.68,-8.45,-0.30;-0.25,-0.88,1.38;5.84,1.70
118.81042707,31.89291118,9.37;0.22,265.74,0.35;-0.40,-5.92,0.11;0.05,-1.23,0.50;-0.21,1.11,9.31;6.07,1.10
118.81042707,31.89291118,9.37;0.22,265.74,0.35;-0.40,-5.92,0.11;0.05,-1.23,0.50;-0.21,1.11,9.31;6.09,1.30
118.81042707,31.89291118,9.37;0.22,265.74,0.35;-0.40,-5.92,0.11;0.05,-1.23,0.50;-0.21,1.11,9.31;6.10,1.60
118.81042707,31.89291118,9.37;0.22,265.74,0.35;-0.40,-5.92,0.11;0.05,-1.23,0.50;-0.21,1.11,9.31;6.13,1.90
118.81042707,31.89291118,9.37;0.22,265.74,0.35;-0.40,-5.92,0.11;0.05,-1.23,0.50;-0.21,1.11,9.31;6.15,2.10
118.81042707,31.89291118,9.37;0.22,265.74,0.35;-0.40,-5.92,0.11;0.05,-1.23,0.50;-0.21,1.11,9.31;6.19,2.30
118.81042707,31.89291118,9.37;0.22,265.74,0.35;-0.40,-5.92,0.11;0.05,-1.23,0.50;-0.21,1.11,9.31;6.22,2.60
118.81042707,31.89291118,9.37;0.22,265.74,0.35;-0.40,-5.92,0.11;0.05,-1.23,0.50;-0.21,1.11,9.31;6.22,1.80
118.81042707,31.89291118,9.37;0.22,265.74,0.35;-0.40,-5.92,0.11;0.05,-1.23,0.50;-0.21,1.11,9.31;6.47,1.90
118.81042707,31.89291118,9.37;0.22,265.74,0.35;-0.40,-5.92,0.11;0.05,-1.23,0.50;-0.21,1.11,9.31;6.49,2.10
118.81042707,31.89291118,9.37;0.22,265.74,0.35;-0.40,-5.92,0.11;0.05,-1.23,0.50;-0.21,1.11,9.31;6.52,2.20
118.81042707,31.89291118,9.37;0.22,265.74,0.35;-0.40,-5.92,0.11;0.05,-1.23,0.50;-0.21,1.11,9.31;6.55,2.40
118.81042707,31.89291118,9.37;0.22,265.74,0.35;-0.40,-5.92,0.11;0.05,-1.23,0.50;-0.21,1.11,9.31;6.56,2.40
118.81042707,31.89291118,9.37;0.22,265.74,0.35;-0.40,-5.92,0.11;0.05,-1.23,0.50;-0.21,1.11,9.31;6.58,2.40
118.81042707,31.89291118,9.37;0.22,265.74,0.35;-0.40,-5.92,0.11;-1.24,-0.48,0.64;0.20,1.27,10.58;6.58,2.40
118.81038072,31.89290837,9.45;0.22,265.49,0.61;-0.47,-6.63,0.13;0.88,0.08,0.31;-0.03,1.21,10.84;6.88,2.20
118.81038072,31.89290837,9.45;0.22,265.49,0.61;-0.47,-6.63,0.13;0.88,0.08,0.31;-0.03,1.21,10.84;6.90,2.30
118.81038072,31.89290837,9.45;0.22,265.49,0.61;-0.47,-6.63,0.13;0.88,0.08,0.31;-0.03,1.21,10.84;6.92,2.30
118.81038072,31.89290837,9.45;0.22,265.49,0.61;-0.47,-6.63,0.13;0.88,0.08,0.31;-0.03,1.21,10.84;6.94,2.20
118.81038072,31.89290837,9.45;0.22,265.49,0.61;-0.47,-6.63,0.13;0.88,0.08,0.31;-0.03,1.21,10.84;6.95,2.10
118.81038072,31.89290837,9.45;0.22,265.49,0.61;-0.47,-6.63,0.13;0.88,0.08,0.31;-0.03,1.21,10.84;6.97,2.00
118.81038072,31.89290837,9.45;0.22,265.49,0.61;-0.47,-6.63,0.13;0.88,0.08,0.31;-0.03,1.21,10.84;6.97,1.80
118.81038072,31.89290837,9.45;0.22,265.49,0.61;-0.47,-6.63,0.13;0.88,0.08,0.31;-0.03,1.21,10.84;7.27,1.80
118.81038072,31.89290837,9.45;0.22,265.49,0.61;-0.47,-6.63,0.13;0.88,0.08,0.31;-0.03,1.21,10.84;7.30,1.60
118.81038072,31.89290837,9.45;0.22,265.49,0.61;-0.47,-6.63,0.13;0.88,0.08,0.31;-0.03,1.21,10.84;7.32,1.50
118.81038072,31.89290837,9.45;0.22,265.49,0.61;-0.47,-6.63,0.13;0.88,0.08,0.31;-0.03,1.21,10.84;7.34,1.40
118.81038072,31.89290837,9.45;0.22,265.49,0.61;-0.47,-6.63,0.13;0.88,0.08,0.31;-0.03,1.21,10.84;7.36,1.40
118.81038072,31.89290837,9.45;0.22,265.49,0.61;-0.47,-6.63,0.13;0.88,0.08,0.31;-0.03,1.21,10.84;7.38,1.40
118.81038072,31.89290837,9.45;0.22,265.49,0.61;-0.47,-6.63,0.13;0.53,0.31,0.38;-0.09,0.77,10.24;7.40,1.50
118.81032542,31.89290464,9.56;0.47,265.24,0.54;-0.54,-7.14,0.22;-1.98,1.66,0.34;-0.02,-0.01,10.20;7.40,1.30
118.81032542,31.89290464,9.56;0.47,265.24,0.54;-0.54,-7.14,0.22;-1.98,1.66,0.34;-0.02,-0.01,10.20;7.45,1.30
118.81032542,31.89290464,9.56;0.47,265.24,0.54;-0.54,-7.14,0.22;-1.98,1.66,0.34;-0.02,-0.01,10.20;7.45,1.40
118.81032542,31.89290464,9.56;0.47,265.24,0.54;-0.54,-7.14,0.22;-1.98,1.66,0.34;-0.02,-0.01,10.20;7.46,1.40
118.81032542,31.89290464,9.56;0.47,265.24,0.54;-0.54,-7.14,0.22;-1.98,1.66,0.34;-0.02,-0.01,10.20;7.44,1.50
118.81032542,31.89290464,9.56;0.47,265.24,0.54;-0.54,-7.14,0.22;-1.98,1.66,0.34;-0.02,-0.01,10.20;7.44,1.60
118.81032542,31.89290464,9.56;0.47,265.24,0.54;-0.54,-7.14,0.22;-1.98,1.66,0.34;-0.02,-0.01,10.20;7.43,1.60
118.81032542,31.89290464,9.56;0.47,265.24,0.54;-0.54,-7.14,0.22;-1.98,1.66,0.34;-0.02,-0.01,10.20;7.36,1.60
118.81032542,31.89290464,9.56;0.47,265.24,0.54;-0.54,-7.14,0.22;-1.98,1.66,0.34;-0.02,-0.01,10.20;7.34,1.60
118.81032542,31.89290464,9.56;0.47,265.24,0.54;-0.54,-7.14,0.22;-1.98,1.66,0.34;-0.02,-0.01,10.20;7.34,1.50
118.81032542,31.89290464,9.56;0.47,265.24,0.54;-0.54,-7.14,0.22;-1.98,1.66,0.34;-0.02,-0.01,10.20;7.33,1.40
118.81032542,31.89290464,9.56;0.47,265.24,0.54;-0.54,-7.14,0.22;-1.98,1.66,0.34;-0.02,-0.01,10.20;7.31,1.40
118.81032542,31.89290464,9.56;0.47,265.24,0.54;-0.54,-7.14,0.22;-1.98,1.66,0.34;-0.02,-0.01,10.20;7.29,1.40
118.81032542,31.89290464,9.56;0.47,265.24,0.54;-0.54,-7.14,0.22;0.27,-0.77,0.04;0.05,-0.78,8.46;7.28,1.40
118.81032542,31.89290464,9.56;0.47,265.24,0.54;-0.54,-7.14,0.22;-5.31,-0.75,0.26;0.22,-0.62,8.99;7.28,1.40
118.81027370,31.89290091,9.70;0.67,265.12,0.09;-0.53,-6.82,0.21;-5.31,-0.75,0.26;0.22,-0.62,8.99;7.10,1.40
118.81027370,31.89290091,9.70;0.67,265.12,0.09;-0.53,-6.82,0.21;-5.31,-0.75,0.26;0.22,-0.62,8.99;7.09,1.40
118.81027370,31.89290091,9.70;0.67,265.12,0.09;-0.53,-6.82,0.21;-5.31,-0.75,0.26;0.22,-0.62,8.99;7.08,1.50
118.81027370,31.89290091,9.70;0.67,265.12,0.09;-0.53,-6.82,0.21;-5.31,-0.75,0.26;0.22,-0.62,8.99;7.07,1.50
118.81027370,31.89290091,9.70;0.67,265.12,0.09;-0.53,-6.82,0.21;-5.31,-0.75,0.26;0.22,-0.62,8.99;7.05,1.50
118.81027370,31.89290091,9.70;0.67,265.12,0.09;-0.53,-6.82,0.21;-5.31,-0.75,0.26;0.22,-0.62,8.99;7.04,1.50
118.81027370,31.89290091,9.70;0.67,265.12,0.09;-0.53,-6.82,0.21;-5.31,-0.75,0.26;0.22,-0.62,8.99;7.04,1.50
118.81027370,31.89290091,9.70;0.67,265.12,0.09;-0.53,-6.82,0.21;-5.31,-0.75,0.26;0.22,-0.62,8.99;6.86,1.10
118.81027370,31.89290091,9.70;0.67,265.12,0.09;-0.53,-6.82,0.21;-5.31,-0.75,0.26;0.22,-0.62,8.99;6.86,0.90
118.81027370,31.89290091,9.70;0.67,265.12,0.09;-0.53,-6.82,0.21;-5.31,-0.75,0.26;0.22,-0.62,8.99;6.83,0.80
118.81027370,31.89290091,9.70;0.67,265.12,0.09;-0.53,-6.82,0.21;-5.31,-0.75,0.26;0.22,-0.62,8.99;6.83,0.80
118.81027370,31.89290091,9.70;0.67,265.12,0.09;-0.53,-6.82,0.21;-5.31,-0.75,0.26;0.22,-0.62,8.99;6.80,0.90
118.81027370,31.89290091,9.70;0.67,265.12,0.09;-0.53,-6.82,0.21;1.82,-0.96,0.08;0.27,-0.62,10.37;6.78,1.10
118.81027370,31.89290091,9.70;0.67,265.12,0.09;-0.53,-6.82,0.21;0.35,0.39,0.28;0.02,-1.51,9.66;6.75,1.30
118.81022236,31.89289741,9.80;0.88,264.99,-0.10;-0.49,-6.02,0.10;0.35,0.39,0.28;0.02,-1.51,9.66;6.45,1.10
118.81022236,31.89289741,9.80;0.88,264.99,-0.10;-0.49,-6.02,0.10;0.35,0.39,0.28;0.02,-1.51,9.66;6.41,1.20
118.81022236,31.89289741,9.80;0.88,264.99,-0.10;-0.49,-6.02,0.10;0.35,0.39,0.28;0.02,-1.51,9.66;6.39,1.20
118.81022236,31.89289741,9.80;0.88,264.99,-0.10;-0.49,-6.02,0.10;0.35,0.39,0.28;0.02,-1.51,9.66;6.35,1.20
118.81022236,31.89289741,9.80;0.88,264.99,-0.10;-0.49,-6.02,0.10;0.35,0.39,0.28;0.02,-1.51,9.66;6.32,1.20
118.81022236,31.89289741,9.80;0.88,264.99,-0.10;-0.49,-6.02,0.10;0.35,0.39,0.28;0.02,-1.51,9.66;6.28,1.30
118.81022236,31.89289741,9.80;0.88,264.99,-0.10;-0.49,-6.02,0.10;0.35,0.39,0.28;0.02,-1.51,9.66;6.25,1.40
118.81022236,31.89289741,9.80;0.88,264.99,-0.10;-0.49,-6.02,0.10;0.35,0.39,0.28;0.02,-1.51,9.66;5.84,1.00
118.81022236,31.89289741,9.80;0.88,264.99,-0.10;-0.49,-6.02,0.10;0.35,0.39,0.28;0.02,-1.51,9.66;5.80,1.10
118.81022236,31.89289741,9.80;0.88,264.99,-0.10;-0.49,-6.02,0.10;0.35,0.39,0.28;0.02,-1.51,9.66;5.76,1.20
118.81022236,31.89289741,9.80;0.88,264.99,-0.10;-0.49,-6.02,0.10;0.35,0.39,0.28;0.02,-1.51,9.66;5.72,1.40
118.81022236,31.89289741,9.80;0.88,264.99,-0.10;-0.49,-6.02,0.10;0.35,0.39,0.28;0.02,-1.51,9.66;5.69,1.50
118.81022236,31.89289741,9.80;0.88,264.99,-0.10;-0.49,-6.02,0.10;0.35,0.39,0.28;0.02,-1.51,9.66;5.64,1.70
118.81022236,31.89289741,9.80;0.88,264.99,-0.10;-0.49,-6.02,0.10;-1.05,-1.82,0.20;-0.14,-2.04,9.04;5.62,1.70
118.81022236,31.89289741,9.80;0.88,264.99,-0.10;-0.49,-6.02,0.10;-1.05,-1.82,0.20;-0.14,-2.04,9.04;5.11,1.70
118.81018207,31.89289438,9.91;0.32,264.92,0.02;-0.42,-4.77,0.12;-1.05,-1.82,0.20;-0.14,-2.04,9.04;5.08,1.50
118.81018207,31.89289438,9.91;0.32,264.92,0.02;-0.42,-4.77,0.12;-1.05,-1.82,0.20;-0.14,-2.04,9.04;5.04,1.50
118.81018207,31.89289438,9.91;0.32,264.92,0.02;-0.42,-4.77,0.12;-1.05,-1.82,0.20;-0.14,-2.04,9.04;5.01,1.50
118.81018207,31.89289438,9.91;0.32,264.92,0.02;-0.42,-4.77,0.12;-1.05,-1.82,0.20;-0.14,-2.04,9.04;4.98,1.50
118.81018207,31.89289438,9.91;0.32,264.92,0.02;-0.42,-4.77,0.12;-1.05,-1.82,0.20;-0.14,-2.04,9.04;4.95,1.50
118.81018207,31.89289438,9.91;0.32,264.92,0.02;-0.42,-4.77,0.12;-1.05,-1.82,0.20;-0.14,-2.04,9.04;4.91,1.50
118.81018207,31.89289438,9.91;0.32,264.92,0.02;-0.42,-4.77,0.12;-1.05,-1.82,0.20;-0.14,-2.04,9.04;4.91,1.60
118.81018207,31.89289438,9.91;0.32,264.92,0.02;-0.42,-4.77,0.12;-1.05,-1.82,0.20;-0.14,-2.04,9.04;4.55,1.60
118.81018207,31.89289438,9.91;0.32,264.92,0.02;-0.42,-4.77,0.12;-1.05,-1.82,0.20;-0.14,-2.04,9.04;4.54,1.70
118.81018207,31.89289438,9.91;0.32,264.92,0.02;-0.42,-4.77,0.12;-1.05,-1.82,0.20;-0.14,-2.04,9.04;4.51,1.80
118.81018207,31.89289438,9.91;0.32,264.92,0.02;-0.42,-4.77,0.12;-1.05,-1.82,0.20;-0.14,-2.04,9.04;4.48,2.00
118.81018207,31.89289438,9.91;0.32,264.92,0.02;-0.42,-4.77,0.12;-1.05,-1.82,0.20;-0.14,-2.04,9.04;4.47,2.10
118.81018207,31.89289438,9.91;0.32,264.92,0.02;-0.42,-4.77,0.12;1.95,-3.44,-0.37;-0.30,-0.73,8.89;4.45,2.20
118.81018207,31.89289438,9.91;0.32,264.92,0.02;-0.42,-4.77,0.12;0.50,1.42,0.45;0.73,-0.49,10.96;4.44,2.20
118.81014765,31.89289177,10.00;0.22,264.82,0.66;-0.32,-4.04,0.20;0.50,1.42,0.45;0.73,-0.49,10.96;4.44,1.20
118.81014765,31.89289177,10.00;0.22,264.82,0.66;-0.32,-4.04,0.20;0.50,1.42,0.45;0.73,-0.49,10.96;4.25,1.30
118.81014765,31.89289177,10.00;0.22,264.82,0.66;-0.32,-4.04,0.20;0.50,1.42,0.45;0.73,-0.49,10.96;4.23,1.30
118.81014765,31.89289177,10.00;0.22,264.82,0.66;-0.32,-4.04,0.20;0.50,1.42,0.45;0.73,-0.49,10.96;4.21,1.30
118.81014765,31.89289177,10.00;0.22,264.82,0.66;-0.32,-4.04,0.20;0.50,1.42,0.45;0.73,-0.49,10.96;4.19,1.20
118.81014765,31.89289177,10.00;0.22,264.82,0.66;-0.32,-4.04,0.20;0.50,1.42,0.45;0.73,-0.49,10.96;4.18,1.10
118.81014765,31.89289177,10.00;0.22,264.82,0.66;-0.32,-4.04,0.20;0.50,1.42,0.45;0.73,-0.49,10.96;4.07,1.10
118.81014765,31.89289177,10.00;0.22,264.82,0.66;-0.32,-4.04,0.20;0.50,1.42,0.45;0.73,-0.49,10.96;4.07,1.10
118.81014765,31.89289177,10.00;0.22,264.82,0.66;-0.32,-4.04,0.20;0.50,1.42,0.45;0.73,-0.49,10.96;4.07,0.80
118.81014765,31.89289177,10.00;0.22,264.82,0.66;-0.32,-4.04,0.20;0.50,1.42,0.45;0.73,-0.49,10.96;4.07,0.80
118.81014765,31.89289177,10.00;0.22,264.82,0.66;-0.32,-4.04,0.20;0.50,1.42,0.45;0.73,-0.49,10.96;4.07,0.80
118.81014765,31.89289177,10.00;0.22,264.82,0.66;-0.32,-4.04,0.20;0.50,1.42,0.45;0.73,-0.49,10.96;4.05,0.90
118.81014765,31.89289177,10.00;0.22,264.82,0.66;-0.32,-4.04,0.20;-0.62,-0.24,0.18;0.20,-0.20,10.80;4.05,0.90
118.81014765,31.89289177,10.00;0.22,264.82,0.66;-0.32,-4.04,0.20;0.97,0.28,0.14;-0.16,1.08,9.71;4.05,1.00
118.81014765,31.89289177,10.00;0.22,264.82,0.66;-0.32,-4.04,0.20;0.97,0.28,0.14;-0.16,1.08,9.71;4.05,1.00
118.81011867,31.89288979,10.09;0.30,264.75,0.96;-0.36,-4.01,0.16;0.97,0.28,0.14;-0.16,1.08,9.71;4.18,1.20
118.81011867,31.89288979,10.09;0.30,264.75,0.96;-0.36,-4.01,0.16;0.97,0.28,0.14;-0.16,1.08,9.71;4.20,1.20
118.81011867,31.89288979,10.09;0.30,264.75,0.96;-0.36,-4.01,0.16;0.97,0.28,0.14;-0.16,1.08,9.71;4.22,1.10
118.81011867,31.89288979,10.09;0.30,264.75,0.96;-0.36,-4.01,0.16;0.97,0.28,0.14;-0.16,1.08,9.71;4.24,1.00
118.81011867,31.89288979,10.09;0.30,264.75,0.96;-0.36,-4.01,0.16;0.97,0.28,0.14;-0.16,1.08,9.71;4.26,0.90
118.81011867,31.89288979,10.09;0.30,264.75,0.96;-0.36,-4.01,0.16;0.97,0.28,0.14;-0.16,1.08,9.71;4.29,0.70
118.81011867,31.89288979,10.09;0.30,264.75,0.96;-0.36,-4.01,0.16;0.97,0.28,0.14;-0.16,1.08,9.71;4.31,0.60
118.81011867,31.89288979,10.09;0.30,264.75,0.96;-0.36,-4.01,0.16;0.97,0.28,0.14;-0.16,1.08,9.71;4.31,0.70
118.81011867,31.89288979,10.09;0.30,264.75,0.96;-0.36,-4.01,0.16;0.97,0.28,0.14;-0.16,1.08,9.71;4.55,0.60
118.81011867,31.89288979,10.09;0.30,264.75,0.96;-0.36,-4.01,0.16;0.97,0.28,0.14;-0.16,1.08,9.71;4.58,0.50
118.81011867,31.89288979,10.09;0.30,264.75,0.96;-0.36,-4.01,0.16;0.97,0.28,0.14;-0.16,1.08,9.71;4.59,0.30
118.81011867,31.89288979,10.09;0.30,264.75,0.96;-0.36,-4.01,0.16;3.67,-1.50,0.29;-0.17,1.47,9.69;4.62,0.20
118.81011867,31.89288979,10.09;0.30,264.75,0.96;-0.36,-4.01,0.16;0.92,0.12,0.11;0.06,1.21,10.11;4.64,0.20
118.81011867,31.89288979,10.09;0.30,264.75,0.96;-0.36,-4.01,0.16;0.92,0.12,0.11;0.06,1.21,10.11;4.66,0.20
118.81008393,31.89288704,10.22;0.08,264.68,1.77;-0.45,-4.74,0.22;0.92,0.12,0.11;0.06,1.21,10.11;4.88,0.20
118.81008393,31.89288704,10.22;0.08,264.68,1.77;-0.45,-4.74,0.22;0.92,0.12,0.11;0.06,1.21,10.11;4.90,0.30
118.81008393,31.89288704,10.22;0.08,264.68,1.77;-0.45,-4.74,0.22;0.92,0.12,0.11;0.06,1.21,10.11;4.91,0.20
118.81008393,31.89288704,10.22;0.08,264.68,1.77;-0.45,-4.74,0.22;0.92,0.12,0.11;0.06,1.21,10.11;4.93,0.20
118.81008393,31.89288704,10.22;0.08,264.68,1.77;-0.45,-4.74,0.22;0.92,0.12,0.11;0.06,1.21,10.11;4.96,0.20
118.81008393,31.89288704,10.22;0.08,264.68,1.77;-0.45,-4.74,0.22;0.92,0.12,0.11;0.06,1.21,10.11;4.98,0.30
118.81008393,31.89288704,10.22;0.08,264.68,1.77;-0.45,-4.74,0.22;0.92,0.12,0.11;0.06,1.21,10.11;5.00,0.40
118.81008393,31.89288704,10.22;0.08,264.68,1.77;-0.45,-4.74,0.22;0.92,0.12,0.11;0.06,1.21,10.11;5.00,0.40
118.81008393,31.89288704,10.22;0.08,264.68,1.77;-0.45,-4.74,0.22;0.92,0.12,0.11;0.06,1.21,10.11;5.23,0.60
118.81008393,31.89288704,10.22;0.08,264.68,1.77;-0.45,-4.74,0.22;0.92,0.12,0.11;0.06,1.21,10.11;5.25,0.60
118.81008393,31.89288704,10.22;0.08,264.68,1.77;-0.45,-4.74,0.22;0.92,0.12,0.11;0.06,1.21,10.11;5.28,0.60
118.81008393,31.89288704,10.22;0.08,264.68,1.77;-0.45,-4.74,0.22;0.92,0.12,0.11;0.06,1.21,10.11;5.29,0.60
118.81008393,31.89288704,10.22;0.08,264.68,1.77;-0.45,-4.74,0.22;0.07,0.86,0.40;0.17,1.39,10.42;5.31,0.60
118.81008393,31.89288704,10.22;0.08,264.68,1.77;-0.45,-4.74,0.22;0.04,-1.03,0.22;0.07,1.39,9.80;5.32,0.60
118.81008393,31.89288704,10.22;0.08,264.68,1.77;-0.45,-4.74,0.22;0.04,-1.03,0.22;0.07,1.39,9.80;5.32,0.60
118.81004661,31.89288416,10.38;0.08,264.59,1.92;-0.49,-5.30,0.24;0.04,-1.03,0.22;0.07,1.39,9.80;5.52,0.30
118.81004661,31.89288416,10.38;0.08,264.59,1.92;-0.49,-5.30,0.24;0.04,-1.03,0.22;0.07,1.39,9.80;5.53,0.30
118.81004661,31.89288416,10.38;0.08,264.59,1.92;-0.49,-5.30,0.24;0.04,-1.03,0.22;0.07,1.39,9.80;5.53,0.40
118.81004661,31.89288416,10.38;0.08,264.59,1.92;-0.49,-5.30,0.24;0.04,-1.03,0.22;0.07,1.39,9.80;5.53,0.40
118.81004661,31.89288416,10.38;0.08,264.59,1.92;-0.49,-5.30,0.24;0.04,-1.03,0.22;0.07,1.39,9.80;5.53,0.40
118.81004661,31.89288416,10.38;0.08,264.59,1.92;-0.49,-5.30,0.24;0.04,-1.03,0.22;0.07,1.39,9.80;5.54,0.40
118.81004661,31.89288416,10.38;0.08,264.59,1.92;-0.49,-5.30,0.24;0.04,-1.03,0.22;0.07,1.39,9.80;5.54,0.40
118.81004661,31.89288416,10.38;0.08,264.59,1.92;-0.49,-5.30,0.24;0.04,-1.03,0.22;0.07,1.39,9.80;5.46,0.50
118.81004661,31.89288416,10.38;0.08,264.59,1.92;-0.49,-5.30,0.24;0.04,-1.03,0.22;0.07,1.39,9.80;5.45,0.50
118.81004661,31.89288416,10.38;0.08,264.59,1.92;-0.49,-5.30,0.24;0.04,-1.03,0.22;0.07,1.39,9.80;5.45,0.40
118.81004661,31.89288416,10.38;0.08,264.59,1.92;-0.49,-5.30,0.24;0.04,-1.03,0.22;0.07,1.39,9.80;5.45,0.40
118.81004661,31.89288416,10.38;0.08,264.59,1.92;-0.49,-5.30,0.24;0.97,-0.12,0.11;-0.02,-0.39,9.74;5.43,0.40
118.81004661,31.89288416,10.38;0.08,264.59,1.92;-0.49,-5.30,0.24;0.97,-0.12,0.11;-0.02,-0.39,9.74;5.43,0.40
118.81004661,31.89288416,10.38;0.08,264.59,1.92;-0.49,-5.30,0.24;0.97,-0.12,0.11;-0.02,-0.39,9.74;5.41,0.30
118.81000572,31.89288105,10.57;0.10,264.59,1.98;-0.45,-4.93,0.28;0.97,-0.12,0.11;-0.02,-0.39,9.74;5.41,0.50
118.81000572,31.89288105,10.57;0.10,264.59,1.98;-0.45,-4.93,0.28;0.97,-0.12,0.11;-0.02,-0.39,9.74;5.22,0.50
118.81000572,31.89288105,10.57;0.10,264.59,1.98;-0.45,-4.93,0.28;0.97,-0.12,0.11;-0.02,-0.39,9.74;5.19,0.50
118.81000572,31.89288105,10.57;0.10,264.59,1.98;-0.45,-4.93,0.28;0.97,-0.12,0.11;-0.02,-0.39,9.74;5.19,0.50
118.81000572,31.89288105,10.57;0.10,264.59,1.98;-0.45,-4.93,0.28;0.97,-0.12,0.11;-0.02,-0.39,9.74;5.17,0.50
118.81000572,31.89288105,10.57;0.10,264.59,1.98;-0.45,-4.93,0.28;0.97,-0.12,0.11;-0.02,-0.39,9.74;5.16,0.40
118.81000572,31.89288105,10.57;0.10,264.59,1.98;-0.45,-4.93,0.28;0.97,-0.12,0.11;-0.02,-0.39,9.74;4.87,0.40
118.81000572,31.89288105,10.57;0.10,264.59,1.98;-0.45,-4.93,0.28;0.97,-0.12,0.11;-0.02,-0.39,9.74;4.87,0.40
118.81000572,31.89288105,10.57;0.10,264.59,1.98;-0.45,-4.93,0.28;0.97,-0.12,0.11;-0.02,-0.39,9.74;4.86,0.30
118.81000572,31.89288105,10.57;0.10,264.59,1.98;-0.45,-4.93,0.28;0.97,-0.12,0.11;-0.02,-0.39,9.74;4.83,0.30
118.81000572,31.89288105,10.57;0.10,264.59,1.98;-0.45,-4.93,0.28;0.97,-0.12,0.11;-0.02,-0.39,9.74;4.80,0.30
118.81000572,31.89288105,10.57;0.10,264.59,1.98;-0.45,-4.93,0.28;1.06,5.90,-0.01;0.08,-1.48,9.51;4.80,0.30
118.81000572,31.89288105,10.57;0.10,264.59,1.98;-0.45,-4.93,0.28;1.06,5.90,-0.01;0.08,-1.48,9.51;4.76,0.30
118.81000572,31.89288105,10.57;0.10,264.59,1.98;-0.45,-4.93,0.28;1.06,5.90,-0.01;0.08,-1.48,9.51;4.76,0.30
118.81000572,31.89288105,10.57;0.10,264.59,1.98;-0.45,-4.93,0.28;1.06,5.90,-0.01;0.08,-1.48,9.51;4.74,0.30
118.80997203,31.89287852,10.74;0.26,264.58,2.34;-0.39,-4.04,0.23;1.06,5.90,-0.01;0.08,-1.48,9.51;4.39,-0.30
118.80997203,31.89287852,10.74;0.26,264.58,2.34;-0.39,-4.04,0.23;1.06,5.90,-0.01;0.08,-1.48,9.51;4.37,-0.30
118.80997203,31.89287852,10.74;0.26,264.58,2.34;-0.39,-4.04,0.23;1.06,5.90,-0.01;0.08,-1.48,9.51;4.34,-0.20
118.80997203,31.89287852,10.74;0.26,264.58,2.34;-0.39,-4.04,0.23;1.06,5.90,-0.01;0.08,-1.48,9.51;4.32,0.00
118.80997203,31.89287852,10.74;0.26,264.58,2.34;-0.39,-4.04,0.23;1.06,5.90,-0.01;0.08,-1.48,9.51;4.28,0.10
118.80997203,31.89287852,10.74;0.26,264.58,2.34;-0.39,-4.04,0.23;1.06,5.90,-0.01;0.08,-1.48,9.51;4.26,0.40
118.80997203,31.89287852,10.74;0.26,264.58,2.34;-0.39,-4.04,0.23;1.06,5.90,-0.01;0.08,-1.48,9.51;4.23,0.70
118.80997203,31.89287852,10.74;0.26,264.58,2.34;-0.39,-4.04,0.23;1.06,5.90,-0.01;0.08,-1.48,9.51;3.75,0.20
118.80997203,31.89287852,10.74;0.26,264.58,2.34;-0.39,-4.04,0.23;1.06,5.90,-0.01;0.08,-1.48,9.51;3.72,0.20
118.80997203,31.89287852,10.74;0.26,264.58,2.34;-0.39,-4.04,0.23;1.06,5.90,-0.01;0.08,-1.48,9.51;3.68,0.40
118.80997203,31.89287852,10.74;0.26,264.58,2.34;-0.39,-4.04,0.23;1.06,5.90,-0.01;0.08,-1.48,9.51;3.64,0.60
118.80997203,31.89287852,10.74;0.26,264.58,2.34;-0.39,-4.04,0.23;-6.21,-2.02,-0.71;-0.91,-0.86,10.54;3.60,0.70
118.80997203,31.89287852,10.74;0.26,264.58,2.34;-0.39,-4.04,0.23;-6.26,-2.78,-0.41;-0.26,-0.71,10.07;3.57,0.70
118.80997203,31.89287852,10.74;0.26,264.58,2.34;-0.39,-4.04,0.23;-6.26,-2.78,-0.41;-0.26,-0.71,10.07;3.16,0.70
118.80994443,31.89287633,10.95;0.50,264.53,2.03;-0.23,-2.99,0.31;-6.26,-2.78,-0.41;-0.26,-0.71,10.07;3.16,0.70
118.80994443,31.89287633,10.95;0.50,264.53,2.03;-0.23,-2.99,0.31;-6.26,-2.78,-0.41;-0.26,-0.71,10.07;3.13,-0.50
118.80994443,31.89287633,10.95;0.50,264.53,2.03;-0.23,-2.99,0.31;-6.26,-2.78,-0.41;-0.26,-0.71,10.07;3.12,-0.50
118.80994443,31.89287633,10.95;0.50,264.53,2.03;-0.23,-2.99,0.31;-6.26,-2.78,-0.41;-0.26,-0.71,10.07;3.08,-0.60
118.80994443,31.89287633,10.95;0.50,264.53,2.03;-0.23,-2.99,0.31;-6.26,-2.78,-0.41;-0.26,-0.71,10.07;3.06,-0.70
118.80994443,31.89287633,10.95;0.50,264.53,2.03;-0.23,-2.99,0.31;-6.26,-2.78,-0.41;-0.26,-0.71,10.07;3.05,-0.80
118.80994443,31.89287633,10.95;0.50,264.53,2.03;-0.23,-2.99,0.31;-6.26,-2.78,-0.41;-0.26,-0.71,10.07;3.04,-0.80
118.80994443,31.89287633,10.95;0.50,264.53,2.03;-0.23,-2.99,0.31;-6.26,-2.78,-0.41;-0.26,-0.71,10.07;3.04,-0.90
118.80994443,31.89287633,10.95;0.50,264.53,2.03;-0.23,-2.99,0.31;-6.26,-2.78,-0.41;-0.26,-0.71,10.07;2.89,-0.50
118.80994443,31.89287633,10.95;0.50,264.53,2.03;-0.23,-2.99,0.31;-6.26,-2.78,-0.41;-0.26,-0.71,10.07;2.87,-0.60
118.80994443,31.89287633,10.95;0.50,264.53,2.03;-0.23,-2.99,0.31;-6.26,-2.78,-0.41;-0.26,-0.71,10.07;2.86,-0.70
118.80994443,31.89287633,10.95;0.50,264.53,2.03;-0.23,-2.99,0.31;-0.27,0.73,0.22;-0.14,0.57,9.69;2.85,-0.80
118.80994443,31.89287633,10.95;0.50,264.53,2.03;-0.23,-2.99,0.31;-0.27,0.73,0.22;-0.14,0.57,9.69;2.84,-0.90
118.80994443,31.89287633,10.95;0.50,264.53,2.03;-0.23,-2.99,0.31;-0.27,0.73,0.22;-0.14,0.57,9.69;2.83,-0.90
118.80994443,31.89287633,10.95;0.50,264.53,2.03;-0.23,-2.99,0.31;-0.27,0.73,0.22;-0.14,0.57,9.69;2.83,-0.90
118.80992382,31.89287473,11.06;0.41,264.58,1.30;-0.24,-2.81,0.12;-0.27,0.73,0.22;-0.14,0.57,9.69;2.83,-0.70
118.80992382,31.89287473,11.06;0.41,264.58,1.30;-0.24,-2.81,0.12;-0.27,0.73,0.22;-0.14,0.57,9.69;2.93,-0.80
118.80992382,31.89287473,11.06;0.41,264.58,1.30;-0.24,-2.81,0.12;-0.27,0.73,0.22;-0.14,0.57,9.69;2.94,-0.90
118.80992382,31.89287473,11.06;0.41,264.58,1.30;-0.24,-2.81,0.12;-0.27,0.73,0.22;-0.14,0.57,9.69;2.97,-1.10
118.80992382,31.89287473,11.06;0.41,264.58,1.30;-0.24,-2.81,0.12;-0.27,0.73,0.22;-0.14,0.57,9.69;2.99,-1.20
118.80992382,31.89287473,11.06;0.41,264.58,1.30;-0.24,-2.81,0.12;-0.27,0.73,0.22;-0.14,0.57,9.69;3.02,-1.20
118.80992382,31.89287473,11.06;0.41,264.58,1.30;-0.24,-2.81,0.12;-0.27,0.73,0.22;-0.14,0.57,9.69;3.05,-1.20
118.80992382,31.89287473,11.06;0.41,264.58,1.30;-0.24,-2.81,0.12;-0.27,0.73,0.22;-0.14,0.57,9.69;3.27,-1.40
118.80992382,31.89287473,11.06;0.41,264.58,1.30;-0.24,-2.81,0.12;-0.27,0.73,0.22;-0.14,0.57,9.69;3.30,-1.50
118.80992382,31.89287473,11.06;0.41,264.58,1.30;-0.24,-2.81,0.12;-0.27,0.73,0.22;-0.14,0.57,9.69;3.32,-1.80
118.80992382,31.89287473,11.06;0.41,264.58,1.30;-0.24,-2.81,0.12;-0.34,0.43,-0.04;-0.02,1.59,8.55;3.35,-2.00
118.80992382,31.89287473,11.06;0.41,264.58,1.30;-0.24,-2.81,0.12;-0.34,0.43,-0.04;-0.02,1.59,8.55;3.38,-2.20
118.80992382,31.89287473,11.06;0.41,264.58,1.30;-0.24,-2.81,0.12;-0.34,0.43,-0.04;-0.02,1.59,8.55;3.39,-2.40
118.80992382,31.89287473,11.06;0.41,264.58,1.30;-0.24,-2.81,0.12;-0.34,0.43,-0.04;-0.02,1.59,8.55;3.42,-2.50
118.80989810,31.89287275,11.15;0.27,264.63,0.44;-0.33,-3.66,0.09;-0.34,0.43,-0.04;-0.02,1.59,8.55;3.42,-2.50
118.80989810,31.89287275,11.15;0.27,264.63,0.44;-0.33,-3.66,0.09;-0.34,0.43,-0.04;-0.02,1.59,8.55;3.74,-3.80
118.80989810,31.89287275,11.15;0.27,264.63,0.44;-0.33,-3.66,0.09;-0.34,0.43,-0.04;-0.02,1.59,8.55;3.77,-4.10
118.80989810,31.89287275,11.15;0.27,264.63,0.44;-0.33,-3.66,0.09;-0.34,0.43,-0.04;-0.02,1.59,8.55;3.80,-4.50
118.80989810,31.89287275,11.15;0.27,264.63,0.44;-0.33,-3.66,0.09;-0.34,0.43,-0.04;-0.02,1.59,8.55;3.83,-5.00
118.80989810,31.89287275,11.15;0.27,264.63,0.44;-0.33,-3.66,0.09;-0.34,0.43,-0.04;-0.02,1.59,8.55;3.85,-5.50
118.80989810,31.89287275,11.15;0.27,264.63,0.44;-0.33,-3.66,0.09;-0.34,0.43,-0.04;-0.02,1.59,8.55;4.15,-5.80
118.80989810,31.89287275,11.15;0.27,264.63,0.44;-0.33,-3.66,0.09;-0.34,0.43,-0.04;-0.02,1.59,8.55;4.15,-5.80
118.80989810,31.89287275,11.15;0.27,264.63,0.44;-0.33,-3.66,0.09;-0.34,0.43,-0.04;-0.02,1.59,8.55;4.17,-11.30
118.80989810,31.89287275,11.15;0.27,264.63,0.44;-0.33,-3.66,0.09;-0.34,0.43,-0.04;-0.02,1.59,8.55;4.19,-11.40
118.80989810,31.89287275,11.15;0.27,264.63,0.44;-0.33,-3.66,0.09;0.56,-1.01,-0.13;0.04,1.38,9.74;4.21,-11.40
118.80989810,31.89287275,11.15;0.27,264.63,0.44;-0.33,-3.66,0.09;-0.47,0.97,-1.05;0.24,1.07,10.61;4.21,-11.50
118.80989810,31.89287275,11.15;0.27,264.63,0.44;-0.33,-3.66,0.09;-0.47,0.97,-1.05;0.24,1.07,10.61;4.23,-11.60
118.80989810,31.89287275,11.15;0.27,264.63,0.44;-0.33,-3.66,0.09;-0.47,0.97,-1.05;0.24,1.07,10.61;4.26,-11.70
118.80989810,31.89287275,11.15;0.27,264.63,0.44;-0.33,-3.66,0.09;-0.47,0.97,-1.05;0.24,1.07,10.61;4.29,-11.80
118.80986796,31.89287058,11.21;0.27,265.23,0.40;-0.34,-4.43,0.05;-0.47,0.97,-1.05;0.24,1.07,10.61;4.59,-12.80
118.80986796,31.89287058,11.21;0.27,265.23,0.40;-0.34,-4.43,0.05;-0.47,0.97,-1.05;0.24,1.07,10.61;4.61,-13.10
118.80986796,31.89287058,11.21;0.27,265.23,0.40;-0.34,-4.43,0.05;-0.47,0.97,-1.05;0.24,1.07,10.61;4.63,-13.40
118.80986796,31.89287058,11.21;0.27,265.23,0.40;-0.34,-4.43,0.05;-0.47,0.97,-1.05;0.24,1.07,10.61;4.65,-13.80
118.80986796,31.89287058,11.21;0.27,265.23,0.40;-0.34,-4.43,0.05;-0.47,0.97,-1.05;0.24,1.07,10.61;4.67,-14.00
118.80986796,31.89287058,11.21;0.27,265.23,0.40;-0.34,-4.43,0.05;-0.47,0.97,-1.05;0.24,1.07,10.61;4.68,-14.40
118.80986796,31.89287058,11.21;0.27,265.23,0.40;-0.34,-4.43,0.05;-0.47,0.97,-1.05;0.24,1.07,10.61;4.70,-14.80
118.80986796,31.89287058,11.21;0.27,265.23,0.40;-0.34,-4.43,0.05;-0.47,0.97,-1.05;0.24,1.07,10.61;4.70,-23.10
118.80986796,31.89287058,11.21;0.27,265.23,0.40;-0.34,-4.43,0.05;-0.47,0.97,-1.05;0.24,1.07,10.61;4.93,-23.50
118.80986796,31.89287058,11.21;0.27,265.23,0.40;-0.34,-4.43,0.05;-0.47,0.97,-1.05;0.24,1.07,10.61;4.95,-24.20
118.80986796,31.89287058,11.21;0.27,265.23,0.40;-0.34,-4.43,0.05;-1.92,0.02,-3.25;-0.01,0.56,9.81;4.96,-24.90
118.80986796,31.89287058,11.21;0.27,265.23,0.40;-0.34,-4.43,0.05;-1.92,0.02,-3.25;-0.01,0.56,9.81;4.97,-25.60
118.80986796,31.89287058,11.21;0.27,265.23,0.40;-0.34,-4.43,0.05;-1.92,0.02,-3.25;-0.01,0.56,9.81;4.98,-26.30
118.80986796,31.89287058,11.21;0.27,265.23,0.40;-0.34,-4.43,0.05;-1.92,0.02,-3.25;-0.01,0.56,9.81;5.08,-26.60
118.80983031,31.89286836,11.28;0.44,267.10,-0.07;-0.24,-4.95,0.07;-1.92,0.02,-3.25;-0.01,0.56,9.81;5.08,-26.60
118.80983031,31.89286836,11.28;0.44,267.10,-0.07;-0.24,-4.95,0.07;-1.92,0.02,-3.25;-0.01,0.56,9.81;5.10,-34.60
118.80983031,31.89286836,11.28;0.44,267.10,-0.07;-0.24,-4.95,0.07;-1.92,0.02,-3.25;-0.01,0.56,9.81;5.11,-35.10
118.80983031,31.89286836,11.28;0.44,267.10,-0.07;-0.24,-4.95,0.07;-1.92,0.02,-3.25;-0.01,0.56,9.81;5.12,-35.50
118.80983031,31.89286836,11.28;0.44,267.10,-0.07;-0.24,-4.95,0.07;-1.92,0.02,-3.25;-0.01,0.56,9.81;5.13,-35.90
118.80983031,31.89286836,11.28;0.44,267.10,-0.07;-0.24,-4.95,0.07;-1.92,0.02,-3.25;-0.01,0.56,9.81;5.13,-36.20
118.80983031,31.89286836,11.28;0.44,267.10,-0.07;-0.24,-4.95,0.07;-1.92,0.02,-3.25;-0.01,0.56,9.81;5.15,-36.50
118.80983031,31.89286836,11.28;0.44,267.10,-0.07;-0.24,-4.95,0.07;-1.92,0.02,-3.25;-0.01,0.56,9.81;5.16,-36.90
