  longitude ,  latitude ,high;roll,yaw,pitch;n_vel,e_vel,u_vel;angleSpeedx_y_z;lineAccx_y_z;speed,steeringAngle
118.81098869,31.89294274,8.56;0.98,266.70,-0.41;-0.16,-3.57,0.05;-0.32,0.41,0.49;-0.01,0.28,9.36;3.55,5.60
118.81098869,31.89294274,8.56;0.98,266.70,-0.41;-0.16,-3.57,0.05;-0.32,0.41,0.49;-0.01,0.28,9.36;3.70,5.60
118.81098869,31.89294274,8.56;0.98,266.70,-0.41;-0.16,-3.57,0.05;-0.32,0.41,0.49;-0.01,0.28,9.36;3.72,5.60
118.81098869,31.89294274,8.56;0.98,266.70,-0.41;-0.16,-3.57,0.05;0.05,-0.32,0.51;-0.13,0.69,9.90;3.72,5.70
118.81098869,31.89294274,8.56;0.98,266.70,-0.41;-0.16,-3.57,0.05;0.05,-0.32,0.51;-0.13,0.69,9.90;3.73,5.70
118.81098869,31.89294274,8.56;0.98,266.70,-0.41;-0.16,-3.57,0.05;0.05,-0.32,0.51;-0.13,0.69,9.90;3.75,5.80
118.81098869,31.89294274,8.56;0.98,266.70,-0.41;-0.16,-3.57,0.05;0.05,-0.32,0.51;-0.13,0.69,9.90;3.77,5.80
118.81098869,31.89294274,8.56;0.98,266.70,-0.41;-0.16,-3.57,0.05;0.05,-0.32,0.51;-0.13,0.69,9.90;3.92,5.60
118.81098869,31.89294274,8.56;0.98,266.70,-0.41;-0.16,-3.57,0.05;0.05,-0.32,0.51;-0.13,0.69,9.90;3.92,5.60
118.81098869,31.89294274,8.56;0.98,266.70,-0.41;-0.16,-3.57,0.05;0.05,-0.32,0.51;-0.13,0.69,9.90;3.95,5.60
118.81098869,31.89294274,8.56;0.98,266.70,-0.41;-0.16,-3.57,0.05;0.05,-0.32,0.51;-0.13,0.69,9.90;3.96,5.60
118.81098869,31.89294274,8.56;0.98,266.70,-0.41;-0.16,-3.57,0.05;0.05,-0.32,0.51;-0.13,0.69,9.90;3.98,5.60
118.81098869,31.89294274,8.56;0.98,266.70,-0.41;-0.16,-3.57,0.05;0.05,-0.32,0.51;-0.13,0.69,9.90;3.98,5.60
118.81098869,31.89294274,8.56;0.98,266.70,-0.41;-0.16,-3.57,0.05;0.05,-0.32,0.51;-0.13,0.69,9.90;4.00,5.60
118.81095848,31.89294098,8.62;0.92,266.34,-0.29;-0.24,-4.10,0.07;0.05,-0.32,0.51;-0.13,0.69,9.90;4.02,5.50
118.81095848,31.89294098,8.62;0.92,266.34,-0.29;-0.24,-4.10,0.07;0.05,-0.32,0.51;-0.13,0.69,9.90;4.24,5.50
118.81095848,31.89294098,8.62;0.92,266.34,-0.29;-0.24,-4.10,0.07;0.05,-0.32,0.51;-0.13,0.69,9.90;4.25,5.40
118.81095848,31.89294098,8.62;0.92,266.34,-0.29;-0.24,-4.10,0.07;-1.67,-0.62,0.55;-0.18,0.59,10.47;4.28,5.40
118.81095848,31.89294098,8.62;0.92,266.34,-0.29;-0.24,-4.10,0.07;-1.67,-0.62,0.55;-0.18,0.59,10.47;4.30,5.30
118.81095848,31.89294098,8.62;0.92,266.34,-0.29;-0.24,-4.10,0.07;-1.67,-0.62,0.55;-0.18,0.59,10.47;4.31,5.30
118.81095848,31.89294098,8.62;0.92,266.34,-0.29;-0.24,-4.10,0.07;-1.67,-0.62,0.55;-0.18,0.59,10.47;4.31,5.20
118.81095848,31.89294098,8.62;0.92,266.34,-0.29;-0.24,-4.10,0.07;-1.67,-0.62,0.55;-0.18,0.59,10.47;4.31,5.10
118.81095848,31.89294098,8.62;0.92,266.34,-0.29;-0.24,-4.10,0.07;-1.67,-0.62,0.55;-0.18,0.59,10.47;4.31,5.00
118.81095848,31.89294098,8.62;0.92,266.34,-0.29;-0.24,-4.10,0.07;-1.67,-0.62,0.55;-0.18,0.59,10.47;4.51,5.00
118.81095848,31.89294098,8.62;0.92,266.34,-0.29;-0.24,-4.10,0.07;-1.67,-0.62,0.55;-0.18,0.59,10.47;4.53,4.90
118.81095848,31.89294098,8.62;0.92,266.34,-0.29;-0.24,-4.10,0.07;-1.67,-0.62,0.55;-0.18,0.59,10.47;4.54,4.90
118.81095848,31.89294098,8.62;0.92,266.34,-0.29;-0.24,-4.10,0.07;-1.67,-0.62,0.55;-0.18,0.59,10.47;4.57,4.90
118.81095848,31.89294098,8.62;0.92,266.34,-0.29;-0.24,-4.10,0.07;-1.67,-0.62,0.55;-0.18,0.59,10.47;4.59,4.90
118.81095848,31.89294098,8.62;0.92,266.34,-0.29;-0.24,-4.10,0.07;-1.67,-0.62,0.55;-0.18,0.59,10.47;4.60,5.00
118.81092632,31.89293897,8.69;0.92,266.01,-0.35;-0.32,-4.65,0.06;-1.67,-0.62,0.55;-0.18,0.59,10.47;4.84,4.80
118.81092632,31.89293897,8.69;0.92,266.01,-0.35;-0.32,-4.65,0.06;-1.67,-0.62,0.55;-0.18,0.59,10.47;4.84,4.80
118.81092632,31.89293897,8.69;0.92,266.01,-0.35;-0.32,-4.65,0.06;-1.67,-0.62,0.55;-0.18,0.59,10.47;4.86,4.90
118.81092632,31.89293897,8.69;0.92,266.01,-0.35;-0.32,-4.65,0.06;0.44,0.26,0.49;0.01,0.92,9.70;4.87,4.90
118.81092632,31.89293897,8.69;0.92,266.01,-0.35;-0.32,-4.65,0.06;0.44,0.26,0.49;0.01,0.92,9.70;4.88,4.90
118.81092632,31.89293897,8.69;0.92,266.01,-0.35;-0.32,-4.65,0.06;0.44,0.26,0.49;0.01,0.92,9.70;4.91,4.90
118.81092632,31.89293897,8.69;0.92,266.01,-0.35;-0.32,-4.65,0.06;0.44,0.26,0.49;0.01,0.92,9.70;4.92,4.90
118.81092632,31.89293897,8.69;0.92,266.01,-0.35;-0.32,-4.65,0.06;0.44,0.26,0.49;0.01,0.92,9.70;4.94,4.80
118.81092632,31.89293897,8.69;0.92,266.01,-0.35;-0.32,-4.65,0.06;0.44,0.26,0.49;0.01,0.92,9.70;5.16,4.50
118.81092632,31.89293897,8.69;0.92,266.01,-0.35;-0.32,-4.65,0.06;0.44,0.26,0.49;0.01,0.92,9.70;5.19,4.40
118.81092632,31.89293897,8.69;0.92,266.01,-0.35;-0.32,-4.65,0.06;0.44,0.26,0.49;0.01,0.92,9.70;5.20,4.40
118.81092632,31.89293897,8.69;0.92,266.01,-0.35;-0.32,-4.65,0.06;0.44,0.26,0.49;0.01,0.92,9.70;5.22,4.40
118.81092632,31.89293897,8.69;0.92,266.01,-0.35;-0.32,-4.65,0.06;0.44,0.26,0.49;0.01,0.92,9.70;5.24,4.40
118.81092632,31.89293897,8.69;0.92,266.01,-0.35;-0.32,-4.65,0.06;0.44,0.26,0.49;0.01,0.92,9.70;5.24,4.40
118.81088716,31.89293670,8.76;1.10,265.66,-0.26;-0.37,-5.23,0.06;0.44,0.26,0.49;0.01,0.92,9.70;5.25,4.50
118.81088716,31.89293670,8.76;1.10,265.66,-0.26;-0.37,-5.23,0.06;0.44,0.26,0.49;0.01,0.92,9.70;5.27,4.40
118.81088716,31.89293670,8.76;1.10,265.66,-0.26;-0.37,-5.23,0.06;0.44,0.26,0.49;0.01,0.92,9.70;5.47,4.40
118.81088716,31.89293670,8.76;1.10,265.66,-0.26;-0.37,-5.23,0.06;-1.06,-0.66,0.45;-0.11,0.59,10.36;5.48,4.40
118.81088716,31.89293670,8.76;1.10,265.66,-0.26;-0.37,-5.23,0.06;-1.06,-0.66,0.45;-0.11,0.59,10.36;5.50,4.40
118.81088716,31.89293670,8.76;1.10,265.66,-0.26;-0.37,-5.23,0.06;-1.06,-0.66,0.45;-0.11,0.59,10.36;5.51,4.30
118.81088716,31.89293670,8.76;1.10,265.66,-0.26;-0.37,-5.23,0.06;-1.06,-0.66,0.45;-0.11,0.59,10.36;5.52,4.30
118.81088716,31.89293670,8.76;1.10,265.66,-0.26;-0.37,-5.23,0.06;-1.06,-0.66,0.45;-0.11,0.59,10.36;5.53,4.30
118.81088716,31.89293670,8.76;1.10,265.66,-0.26;-0.37,-5.23,0.06;-1.06,-0.66,0.45;-0.11,0.59,10.36;5.70,3.30
118.81088716,31.89293670,8.76;1.10,265.66,-0.26;-0.37,-5.23,0.06;-1.06,-0.66,0.45;-0.11,0.59,10.36;5.70,3.30
118.81088716,31.89293670,8.76;1.10,265.66,-0.26;-0.37,-5.23,0.06;-1.06,-0.66,0.45;-0.11,0.59,10.36;5.72,3.10
118.81088716,31.89293670,8.76;1.10,265.66,-0.26;-0.37,-5.23,0.06;-1.06,-0.66,0.45;-0.11,0.59,10.36;5.73,3.10
118.81088716,31.89293670,8.76;1.10,265.66,-0.26;-0.37,-5.23,0.06;-1.06,-0.66,0.45;-0.11,0.59,10.36;5.74,3.00
118.81088716,31.89293670,8.76;1.10,265.66,-0.26;-0.37,-5.23,0.06;-1.06,-0.66,0.45;-0.11,0.59,10.36;5.76,3.00
118.81088716,31.89293670,8.76;1.10,265.66,-0.26;-0.37,-5.23,0.06;-1.06,-0.66,0.45;-0.11,0.59,10.36;5.77,3.00
118.81084386,31.89293409,8.79;1.08,265.37,-0.12;-0.43,-5.70,0.09;-1.06,-0.66,0.45;-0.11,0.59,10.36;5.79,3.00
118.81084386,31.89293409,8.79;1.08,265.37,-0.12;-0.43,-5.70,0.09;-1.06,-0.66,0.45;-0.11,0.59,10.36;5.95,2.60
118.81084386,31.89293409,8.79;1.08,265.37,-0.12;-0.43,-5.70,0.09;0.23,-0.07,0.29;-0.25,0.79,10.51;5.96,2.60
118.81084386,31.89293409,8.79;1.08,265.37,-0.12;-0.43,-5.70,0.09;0.23,-0.07,0.29;-0.25,0.79,10.51;5.96,2.60
118.81084386,31.89293409,8.79;1.08,265.37,-0.12;-0.43,-5.70,0.09;0.23,-0.07,0.29;-0.25,0.79,10.51;5.98,2.60
118.81084386,31.89293409,8.79;1.08,265.37,-0.12;-0.43,-5.70,0.09;0.23,-0.07,0.29;-0.25,0.79,10.51;6.00,2.60
118.81084386,31.89293409,8.79;1.08,265.37,-0.12;-0.43,-5.70,0.09;0.23,-0.07,0.29;-0.25,0.79,10.51;6.00,2.70
118.81084386,31.89293409,8.79;1.08,265.37,-0.12;-0.43,-5.70,0.09;0.23,-0.07,0.29;-0.25,0.79,10.51;6.00,2.70
118.81084386,31.89293409,8.79;1.08,265.37,-0.12;-0.43,-5.70,0.09;0.23,-0.07,0.29;-0.25,0.79,10.51;6.14,2.70
118.81084386,31.89293409,8.79;1.08,265.37,-0.12;-0.43,-5.70,0.09;0.23,-0.07,0.29;-0.25,0.79,10.51;6.15,2.70
118.81084386,31.89293409,8.79;1.08,265.37,-0.12;-0.43,-5.70,0.09;0.23,-0.07,0.29;-0.25,0.79,10.51;6.15,2.70
118.81084386,31.89293409,8.79;1.08,265.37,-0.12;-0.43,-5.70,0.09;0.23,-0.07,0.29;-0.25,0.79,10.51;6.16,2.70
118.81084386,31.89293409,8.79;1.08,265.37,-0.12;-0.43,-5.70,0.09;0.23,-0.07,0.29;-0.25,0.79,10.51;6.16,2.80
118.81084386,31.89293409,8.79;1.08,265.37,-0.12;-0.43,-5.70,0.09;0.23,-0.07,0.29;-0.25,0.79,10.51;6.18,2.80
118.81084386,31.89293409,8.79;1.08,265.37,-0.12;-0.43,-5.70,0.09;0.23,-0.07,0.29;-0.25,0.79,10.51;6.18,2.70
118.81080050,31.89293115,8.86;1.01,265.16,0.01;-0.48,-6.00,0.12;0.23,-0.07,0.29;-0.25,0.79,10.51;6.18,2.70
118.81080050,31.89293115,8.86;1.01,265.16,0.01;-0.48,-6.00,0.12;0.25,0.62,0.40;-0.16,0.61,9.41;6.18,2.70
118.81080050,31.89293115,8.86;1.01,265.16,0.01;-0.48,-6.00,0.12;0.25,0.62,0.40;-0.16,0.61,9.41;6.28,2.70
118.81080050,31.89293115,8.86;1.01,265.16,0.01;-0.48,-6.00,0.12;0.25,0.62,0.40;-0.16,0.61,9.41;6.28,2.70
118.81080050,31.89293115,8.86;1.01,265.16,0.01;-0.48,-6.00,0.12;0.25,0.62,0.40;-0.16,0.61,9.41;6.28,2.70
118.81080050,31.89293115,8.86;1.01,265.16,0.01;-0.48,-6.00,0.12;0.25,0.62,0.40;-0.16,0.61,9.41;6.30,2.80
118.81080050,31.89293115,8.86;1.01,265.16,0.01;-0.48,-6.00,0.12;0.25,0.62,0.40;-0.16,0.61,9.41;6.31,2.80
118.81080050,31.89293115,8.86;1.01,265.16,0.01;-0.48,-6.00,0.12;0.25,0.62,0.40;-0.16,0.61,9.41;6.32,2.80
118.81080050,31.89293115,8.86;1.01,265.16,0.01;-0.48,-6.00,0.12;0.25,0.62,0.40;-0.16,0.61,9.41;6.42,2.70
118.81080050,31.89293115,8.86;1.01,265.16,0.01;-0.48,-6.00,0.12;0.25,0.62,0.40;-0.16,0.61,9.41;6.43,2.60
118.81080050,31.89293115,8.86;1.01,265.16,0.01;-0.48,-6.00,0.12;0.25,0.62,0.40;-0.16,0.61,9.41;6.45,2.60
118.81080050,31.89293115,8.86;1.01,265.16,0.01;-0.48,-6.00,0.12;0.25,0.62,0.40;-0.16,0.61,9.41;6.45,2.70
118.81080050,31.89293115,8.86;1.01,265.16,0.01;-0.48,-6.00,0.12;0.25,0.62,0.40;-0.16,0.61,9.41;6.45,2.70
118.81080050,31.89293115,8.86;1.01,265.16,0.01;-0.48,-6.00,0.12;0.25,0.62,0.40;-0.16,0.61,9.41;6.45,2.70
118.81075190,31.89292757,8.97;1.08,264.93,0.01;-0.54,-6.21,0.14;0.25,0.62,0.40;-0.16,0.61,9.41;6.46,2.70
118.81075190,31.89292757,8.97;1.08,264.93,0.01;-0.54,-6.21,0.14;0.25,0.62,0.40;-0.16,0.61,9.41;6.51,2.70
118.81075190,31.89292757,8.97;1.08,264.93,0.01;-0.54,-6.21,0.14;-0.68,-0.54,0.43;-0.07,-0.19,9.35;6.51,2.70
118.81075190,31.89292757,8.97;1.08,264.93,0.01;-0.54,-6.21,0.14;-0.68,-0.54,0.43;-0.07,-0.19,9.35;6.51,2.70
118.81075190,31.89292757,8.97;1.08,264.93,0.01;-0.54,-6.21,0.14;-0.68,-0.54,0.43;-0.07,-0.19,9.35;6.51,2.60
118.81075190,31.89292757,8.97;1.08,264.93,0.01;-0.54,-6.21,0.14;-0.68,-0.54,0.43;-0.07,-0.19,9.35;6.51,2.60
118.81075190,31.89292757,8.97;1.08,264.93,0.01;-0.54,-6.21,0.14;-0.68,-0.54,0.43;-0.07,-0.19,9.35;6.51,2.60
118.81075190,31.89292757,8.97;1.08,264.93,0.01;-0.54,-6.21,0.14;-0.68,-0.54,0.43;-0.07,-0.19,9.35;6.51,2.50
118.81075190,31.89292757,8.97;1.08,264.93,0.01;-0.54,-6.21,0.14;-0.68,-0.54,0.43;-0.07,-0.19,9.35;6.48,2.50
118.81075190,31.89292757,8.97;1.08,264.93,0.01;-0.54,-6.21,0.14;-0.68,-0.54,0.43;-0.07,-0.19,9.35;6.48,2.50
118.81075190,31.89292757,8.97;1.08,264.93,0.01;-0.54,-6.21,0.14;-0.68,-0.54,0.43;-0.07,-0.19,9.35;6.48,2.50
118.81075190,31.89292757,8.97;1.08,264.93,0.01;-0.54,-6.21,0.14;-0.68,-0.54,0.43;-0.07,-0.19,9.35;6.47,2.50
118.81075190,31.89292757,8.97;1.08,264.93,0.01;-0.54,-6.21,0.14;-0.68,-0.54,0.43;-0.07,-0.19,9.35;6.46,2.50
118.81075190,31.89292757,8.97;1.08,264.93,0.01;-0.54,-6.21,0.14;-0.68,-0.54,0.43;-0.07,-0.19,9.35;6.46,2.50
118.81075190,31.89292757,8.97;1.08,264.93,0.01;-0.54,-6.21,0.14;-0.68,-0.54,0.43;-0.07,-0.19,9.35;6.45,2.50
118.81070635,31.89292418,9.04;0.91,264.69,-0.06;-0.56,-6.12,0.14;-0.68,-0.54,0.43;-0.07,-0.19,9.35;6.44,2.60
118.81070635,31.89292418,9.04;0.91,264.69,-0.06;-0.56,-6.12,0.14;0.24,0.05,0.40;-0.22,-0.27,9.32;6.41,2.60
118.81070635,31.89292418,9.04;0.91,264.69,-0.06;-0.56,-6.12,0.14;0.24,0.05,0.40;-0.22,-0.27,9.32;6.41,2.60
118.81070635,31.89292418,9.04;0.91,264.69,-0.06;-0.56,-6.12,0.14;0.24,0.05,0.40;-0.22,-0.27,9.32;6.41,2.50
118.81070635,31.89292418,9.04;0.91,264.69,-0.06;-0.56,-6.12,0.14;0.24,0.05,0.40;-0.22,-0.27,9.32;6.41,2.40
118.81070635,31.89292418,9.04;0.91,264.69,-0.06;-0.56,-6.12,0.14;0.24,0.05,0.40;-0.22,-0.27,9.32;6.41,2.30
118.81070635,31.89292418,9.04;0.91,264.69,-0.06;-0.56,-6.12,0.14;0.24,0.05,0.40;-0.22,-0.27,9.32;6.41,2.20
118.81070635,31.89292418,9.04;0.91,264.69,-0.06;-0.56,-6.12,0.14;0.24,0.05,0.40;-0.22,-0.27,9.32;6.42,2.00
118.81070635,31.89292418,9.04;0.91,264.69,-0.06;-0.56,-6.12,0.14;0.24,0.05,0.40;-0.22,-0.27,9.32;6.42,-0.30
118.81070635,31.89292418,9.04;0.91,264.69,-0.06;-0.56,-6.12,0.14;0.24,0.05,0.40;-0.22,-0.27,9.32;6.37,-0.30
118.81070635,31.89292418,9.04;0.91,264.69,-0.06;-0.56,-6.12,0.14;0.24,0.05,0.40;-0.22,-0.27,9.32;6.36,-0.20
118.81070635,31.89292418,9.04;0.91,264.69,-0.06;-0.56,-6.12,0.14;0.24,0.05,0.40;-0.22,-0.27,9.32;6.36,-0.10
118.81070635,31.89292418,9.04;0.91,264.69,-0.06;-0.56,-6.12,0.14;0.24,0.05,0.40;-0.22,-0.27,9.32;6.36,-0.10
118.81070635,31.89292418,9.04;0.91,264.69,-0.06;-0.56,-6.12,0.14;0.24,0.05,0.40;-0.22,-0.27,9.32;6.36,-0.20
118.81065788,31.89292041,9.13;0.86,264.63,-0.05;-0.56,-6.04,0.14;0.24,0.05,0.40;-0.22,-0.27,9.32;6.36,-0.30
118.81065788,31.89292041,9.13;0.86,264.63,-0.05;-0.56,-6.04,0.14;0.55,-0.42,0.10;-0.36,0.01,9.56;6.33,-1.10
118.81065788,31.89292041,9.13;0.86,264.63,-0.05;-0.56,-6.04,0.14;0.65,0.47,-0.12;0.05,0.09,9.60;6.33,-1.10
118.81065788,31.89292041,9.13;0.86,264.63,-0.05;-0.56,-6.04,0.14;0.65,0.47,-0.12;0.05,0.09,9.60;6.33,-1.10
118.81065788,31.89292041,9.13;0.86,264.63,-0.05;-0.56,-6.04,0.14;0.65,0.47,-0.12;0.05,0.09,9.60;6.34,-1.10
118.81065788,31.89292041,9.13;0.86,264.63,-0.05;-0.56,-6.04,0.14;0.65,0.47,-0.12;0.05,0.09,9.60;6.34,-1.20
118.81065788,31.89292041,9.13;0.86,264.63,-0.05;-0.56,-6.04,0.14;0.65,0.47,-0.12;0.05,0.09,9.60;6.34,-1.20
118.81065788,31.89292041,9.13;0.86,264.63,-0.05;-0.56,-6.04,0.14;0.65,0.47,-0.12;0.05,0.09,9.60;6.34,-1.30
118.81065788,31.89292041,9.13;0.86,264.63,-0.05;-0.56,-6.04,0.14;0.65,0.47,-0.12;0.05,0.09,9.60;6.34,-1.30
118.81065788,31.89292041,9.13;0.86,264.63,-0.05;-0.56,-6.04,0.14;0.65,0.47,-0.12;0.05,0.09,9.60;6.39,-1.20
118.81065788,31.89292041,9.13;0.86,264.63,-0.05;-0.56,-6.04,0.14;0.65,0.47,-0.12;0.05,0.09,9.60;6.39,-1.30
118.81065788,31.89292041,9.13;0.86,264.63,-0.05;-0.56,-6.04,0.14;0.65,0.47,-0.12;0.05,0.09,9.60;6.39,-1.30
118.81065788,31.89292041,9.13;0.86,264.63,-0.05;-0.56,-6.04,0.14;0.65,0.47,-0.12;0.05,0.09,9.60;6.39,-1.30
118.81065788,31.89292041,9.13;0.86,264.63,-0.05;-0.56,-6.04,0.14;0.65,0.47,-0.12;0.05,0.09,9.60;6.39,-1.20
118.81065788,31.89292041,9.13;0.86,264.63,-0.05;-0.56,-6.04,0.14;0.65,0.47,-0.12;0.05,0.09,9.60;6.39,-1.10
118.81061276,31.89291701,9.21;0.88,264.74,0.15;-0.55,-6.15,0.14;0.15,-0.14,0.02;-0.07,0.40,9.97;6.40,-1.00
118.81061276,31.89291701,9.21;0.88,264.74,0.15;-0.55,-6.15,0.14;0.15,-0.14,0.02;-0.07,0.40,9.97;6.40,-1.00
118.81061276,31.89291701,9.21;0.88,264.74,0.15;-0.55,-6.15,0.14;0.15,-0.14,0.02;-0.07,0.40,9.97;6.44,-1.00
118.81061276,31.89291701,9.21;0.88,264.74,0.15;-0.55,-6.15,0.14;0.15,-0.14,0.02;-0.07,0.40,9.97;6.43,-1.00
118.81061276,31.89291701,9.21;0.88,264.74,0.15;-0.55,-6.15,0.14;0.15,-0.14,0.02;-0.07,0.40,9.97;6.43,-0.90
118.81061276,31.89291701,9.21;0.88,264.74,0.15;-0.55,-6.15,0.14;0.15,-0.14,0.02;-0.07,0.40,9.97;6.45,-0.90
118.81061276,31.89291701,9.21;0.88,264.74,0.15;-0.55,-6.15,0.14;0.15,-0.14,0.02;-0.07,0.40,9.97;6.45,-0.80
118.81061276,31.89291701,9.21;0.88,264.74,0.15;-0.55,-6.15,0.14;0.15,-0.14,0.02;-0.07,0.40,9.97;6.46,-0.80
118.81061276,31.89291701,9.21;0.88,264.74,0.15;-0.55,-6.15,0.14;0.15,-0.14,0.02;-0.07,0.40,9.97;6.50,-0.60
118.81061276,31.89291701,9.21;0.88,264.74,0.15;-0.55,-6.15,0.14;0.15,-0.14,0.02;-0.07,0.40,9.97;6.50,-0.70
118.81061276,31.89291701,9.21;0.88,264.74,0.15;-0.55,-6.15,0.14;0.15,-0.14,0.02;-0.07,0.40,9.97;6.50,-0.70
118.81061276,31.89291701,9.21;0.88,264.74,0.15;-0.55,-6.15,0.14;0.15,-0.14,0.02;-0.07,0.40,9.97;6.51,-0.70
118.81061276,31.89291701,9.21;0.88,264.74,0.15;-0.55,-6.15,0.14;0.15,-0.14,0.02;-0.07,0.40,9.97;6.51,-0.80
118.81061276,31.89291701,9.21;0.88,264.74,0.15;-0.55,-6.15,0.14;0.15,-0.14,0.02;-0.07,0.40,9.97;6.52,-0.80
118.81056381,31.89291353,9.33;0.84,264.83,0.06;-0.55,-6.24,0.19;0.15,-0.14,0.02;-0.07,0.40,9.97;6.52,-0.80
118.81056381,31.89291353,9.33;0.84,264.83,0.06;-0.55,-6.24,0.19;-1.25,-0.29,-0.17;0.07,0.16,9.07;6.52,-0.80
118.81056381,31.89291353,9.33;0.84,264.83,0.06;-0.55,-6.24,0.19;-1.25,-0.29,-0.17;0.07,0.16,9.07;6.54,-0.60
118.81056381,31.89291353,9.33;0.84,264.83,0.06;-0.55,-6.24,0.19;-1.25,-0.29,-0.17;0.07,0.16,9.07;6.55,-0.60
118.81056381,31.89291353,9.33;0.84,264.83,0.06;-0.55,-6.24,0.19;-1.25,-0.29,-0.17;0.07,0.16,9.07;6.55,-0.70
118.81056381,31.89291353,9.33;0.84,264.83,0.06;-0.55,-6.24,0.19;-1.25,-0.29,-0.17;0.07,0.16,9.07;6.55,-0.80
118.81056381,31.89291353,9.33;0.84,264.83,0.06;-0.55,-6.24,0.19;-1.25,-0.29,-0.17;0.07,0.16,9.07;6.56,-0.90
118.81056381,31.89291353,9.33;0.84,264.83,0.06;-0.55,-6.24,0.19;-1.25,-0.29,-0.17;0.07,0.16,9.07;6.56,-1.10
118.81056381,31.89291353,9.33;0.84,264.83,0.06;-0.55,-6.24,0.19;-1.25,-0.29,-0.17;0.07,0.16,9.07;6.56,-0.20
118.81056381,31.89291353,9.33;0.84,264.83,0.06;-0.55,-6.24,0.19;-1.25,-0.29,-0.17;0.07,0.16,9.07;6.56,-0.30
118.81056381,31.89291353,9.33;0.84,264.83,0.06;-0.55,-6.24,0.19;-1.25,-0.29,-0.17;0.07,0.16,9.07;6.58,-0.40
118.81056381,31.89291353,9.33;0.84,264.83,0.06;-0.55,-6.24,0.19;-1.25,-0.29,-0.17;0.07,0.16,9.07;6.59,-0.50
118.81056381,31.89291353,9.33;0.84,264.83,0.06;-0.55,-6.24,0.19;-1.25,-0.29,-0.17;0.07,0.16,9.07;6.59,-0.60
118.81056381,31.89291353,9.33;0.84,264.83,0.06;-0.55,-6.24,0.19;-1.25,-0.29,-0.17;0.07,0.16,9.07;6.58,-0.70
118.81056381,31.89291353,9.33;0.84,264.83,0.06;-0.55,-6.24,0.19;-1.25,-0.29,-0.17;0.07,0.16,9.07;6.59,-0.70
118.81051719,31.89291006,9.42;0.69,264.90,0.05;-0.54,-6.30,0.15;1.31,0.59,-0.04;-0.07,0.18,9.11;6.58,-0.70
118.81051719,31.89291006,9.42;0.69,264.90,0.05;-0.54,-6.30,0.15;-0.19,-1.04,-0.04;-0.11,0.44,9.96;6.61,-0.40
118.81051719,31.89291006,9.42;0.69,264.90,0.05;-0.54,-6.30,0.15;-0.19,-1.04,-0.04;-0.11,0.44,9.96;6.61,-0.40
118.81051719,31.89291006,9.42;0.69,264.90,0.05;-0.54,-6.30,0.15;-0.19,-1.04,-0.04;-0.11,0.44,9.96;6.61,-0.40
118.81051719,31.89291006,9.42;0.69,264.90,0.05;-0.54,-6.30,0.15;-0.19,-1.04,-0.04;-0.11,0.44,9.96;6.60,-0.40
118.81051719,31.89291006,9.42;0.69,264.90,0.05;-0.54,-6.30,0.15;-0.19,-1.04,-0.04;-0.11,0.44,9.96;6.61,-0.30
118.81051719,31.89291006,9.42;0.69,264.90,0.05;-0.54,-6.30,0.15;-0.19,-1.04,-0.04;-0.11,0.44,9.96;6.61,-0.30
118.81051719,31.89291006,9.42;0.69,264.90,0.05;-0.54,-6.30,0.15;-0.19,-1.04,-0.04;-0.11,0.44,9.96;6.61,-0.40
118.81051719,31.89291006,9.42;0.69,264.90,0.05;-0.54,-6.30,0.15;-0.19,-1.04,-0.04;-0.11,0.44,9.96;6.62,-0.40
118.81051719,31.89291006,9.42;0.69,264.90,0.05;-0.54,-6.30,0.15;-0.19,-1.04,-0.04;-0.11,0.44,9.96;6.62,-0.40
118.81051719,31.89291006,9.42;0.69,264.90,0.05;-0.54,-6.30,0.15;-0.19,-1.04,-0.04;-0.11,0.44,9.96;6.63,-0.40
118.81051719,31.89291006,9.42;0.69,264.90,0.05;-0.54,-6.30,0.15;-0.19,-1.04,-0.04;-0.11,0.44,9.96;6.61,-0.40
118.81051719,31.89291006,9.42;0.69,264.90,0.05;-0.54,-6.30,0.15;-0.19,-1.04,-0.04;-0.11,0.44,9.96;6.66,-0.50
118.81051719,31.89291006,9.42;0.69,264.90,0.05;-0.54,-6.30,0.15;-0.19,-1.04,-0.04;-0.11,0.44,9.96;6.79,-0.40
118.81046714,31.89290622,9.51;0.64,264.90,0.13;-0.56,-6.31,0.12;-5.30,1.41,-0.58;-1.12,-0.28,10.59;6.78,-0.40
118.81046714,31.89290622,9.51;0.64,264.90,0.13;-0.56,-6.31,0.12;-5.30,1.41,-0.58;-1.12,-0.28,10.59;6.57,-0.60
118.81046714,31.89290622,9.51;0.64,264.90,0.13;-0.56,-6.31,0.12;-5.30,1.41,-0.58;-1.12,-0.28,10.59;6.57,-0.60
118.81046714,31.89290622,9.51;0.64,264.90,0.13;-0.56,-6.31,0.12;-5.30,1.41,-0.58;-1.12,-0.28,10.59;6.60,-0.40
118.81046714,31.89290622,9.51;0.64,264.90,0.13;-0.56,-6.31,0.12;-5.30,1.41,-0.58;-1.12,-0.28,10.59;6.54,-0.30
118.81046714,31.89290622,9.51;0.64,264.90,0.13;-0.56,-6.31,0.12;-5.30,1.41,-0.58;-1.12,-0.28,10.59;6.57,-0.30
118.81046714,31.89290622,9.51;0.64,264.90,0.13;-0.56,-6.31,0.12;-5.30,1.41,-0.58;-1.12,-0.28,10.59;6.63,-0.20
118.81046714,31.89290622,9.51;0.64,264.90,0.13;-0.56,-6.31,0.12;-5.30,1.41,-0.58;-1.12,-0.28,10.59;6.57,0.00
118.81046714,31.89290622,9.51;0.64,264.90,0.13;-0.56,-6.31,0.12;-5.30,1.41,-0.58;-1.12,-0.28,10.59;6.65,0.20
118.81046714,31.89290622,9.51;0.64,264.90,0.13;-0.56,-6.31,0.12;-5.30,1.41,-0.58;-1.12,-0.28,10.59;6.68,0.00
118.81046714,31.89290622,9.51;0.64,264.90,0.13;-0.56,-6.31,0.12;-5.30,1.41,-0.58;-1.12,-0.28,10.59;6.66,0.20
118.81046714,31.89290622,9.51;0.64,264.90,0.13;-0.56,-6.31,0.12;-5.30,1.41,-0.58;-1.12,-0.28,10.59;6.65,0.20
118.81046714,31.89290622,9.51;0.64,264.90,0.13;-0.56,-6.31,0.12;-5.30,1.41,-0.58;-1.12,-0.28,10.59;6.66,0.20
118.81046714,31.89290622,9.51;0.64,264.90,0.13;-0.56,-6.31,0.12;-5.30,1.41,-0.58;-1.12,-0.28,10.59;6.67,0.00
118.81046714,31.89290622,9.51;0.64,264.90,0.13;-0.56,-6.31,0.12;3.37,-1.07,-0.14;-0.20,0.73,9.48;6.67,-0.30
118.81042012,31.89290260,9.60;0.44,264.98,0.29;-0.57,-6.53,0.14;3.37,-1.07,-0.14;-0.20,0.73,9.48;6.68,-0.60
118.81042012,31.89290260,9.60;0.44,264.98,0.29;-0.57,-6.53,0.14;3.37,-1.07,-0.14;-0.20,0.73,9.48;6.90,-0.90
118.81042012,31.89290260,9.60;0.44,264.98,0.29;-0.57,-6.53,0.14;3.37,-1.07,-0.14;-0.20,0.73,9.48;6.91,-1.00
118.81042012,31.89290260,9.60;0.44,264.98,0.29;-0.57,-6.53,0.14;3.37,-1.07,-0.14;-0.20,0.73,9.48;6.94,-1.00
118.81042012,31.89290260,9.60;0.44,264.98,0.29;-0.57,-6.53,0.14;3.37,-1.07,-0.14;-0.20,0.73,9.48;6.96,-1.20
118.81042012,31.89290260,9.60;0.44,264.98,0.29;-0.57,-6.53,0.14;3.37,-1.07,-0.14;-0.20,0.73,9.48;6.98,-1.30
118.81042012,31.89290260,9.60;0.44,264.98,0.29;-0.57,-6.53,0.14;3.37,-1.07,-0.14;-0.20,0.73,9.48;7.00,-1.50
118.81042012,31.89290260,9.60;0.44,264.98,0.29;-0.57,-6.53,0.14;3.37,-1.07,-0.14;-0.20,0.73,9.48;7.01,-1.70
118.81042012,31.89290260,9.60;0.44,264.98,0.29;-0.57,-6.53,0.14;3.37,-1.07,-0.14;-0.20,0.73,9.48;7.25,-1.40
118.81042012,31.89290260,9.60;0.44,264.98,0.29;-0.57,-6.53,0.14;3.37,-1.07,-0.14;-0.20,0.73,9.48;7.25,-1.50
118.81042012,31.89290260,9.60;0.44,264.98,0.29;-0.57,-6.53,0.14;3.37,-1.07,-0.14;-0.20,0.73,9.48;7.27,-1.60
118.81042012,31.89290260,9.60;0.44,264.98,0.29;-0.57,-6.53,0.14;3.37,-1.07,-0.14;-0.20,0.73,9.48;7.30,-1.70
118.81042012,31.89290260,9.60;0.44,264.98,0.29;-0.57,-6.53,0.14;3.37,-1.07,-0.14;-0.20,0.73,9.48;7.33,-1.70
118.81042012,31.89290260,9.60;0.44,264.98,0.29;-0.57,-6.53,0.14;3.37,-1.07,-0.14;-0.20,0.73,9.48;7.34,-1.70
118.81036520,31.89289875,9.71;0.45,265.06,0.52;-0.61,-7.25,0.21;-1.15,-0.04,0.01;-0.06,1.14,10.90;7.35,-1.60
118.81036520,31.89289875,9.71;0.45,265.06,0.52;-0.61,-7.25,0.21;-1.15,-0.04,0.01;-0.06,1.14,10.90;7.36,-1.50
118.81036520,31.89289875,9.71;0.45,265.06,0.52;-0.61,-7.25,0.21;-1.15,-0.04,0.01;-0.06,1.14,10.90;7.60,-1.80
118.81036520,31.89289875,9.71;0.45,265.06,0.52;-0.61,-7.25,0.21;-1.15,-0.04,0.01;-0.06,1.14,10.90;7.61,-1.70
118.81036520,31.89289875,9.71;0.45,265.06,0.52;-0.61,-7.25,0.21;-1.15,-0.04,0.01;-0.06,1.14,10.90;7.63,-1.60
118.81036520,31.89289875,9.71;0.45,265.06,0.52;-0.61,-7.25,0.21;-1.15,-0.04,0.01;-0.06,1.14,10.90;7.65,-1.50
118.81036520,31.89289875,9.71;0.45,265.06,0.52;-0.61,-7.25,0.21;-1.15,-0.04,0.01;-0.06,1.14,10.90;7.67,-1.40
118.81036520,31.89289875,9.71;0.45,265.06,0.52;-0.61,-7.25,0.21;-1.15,-0.04,0.01;-0.06,1.14,10.90;7.67,-1.30
118.81036520,31.89289875,9.71;0.45,265.06,0.52;-0.61,-7.25,0.21;-1.15,-0.04,0.01;-0.06,1.14,10.90;7.70,-1.30
118.81036520,31.89289875,9.71;0.45,265.06,0.52;-0.61,-7.25,0.21;-1.15,-0.04,0.01;-0.06,1.14,10.90;7.72,-1.20
118.81036520,31.89289875,9.71;0.45,265.06,0.52;-0.61,-7.25,0.21;-1.15,-0.04,0.01;-0.06,1.14,10.90;7.93,-1.20
118.81036520,31.89289875,9.71;0.45,265.06,0.52;-0.61,-7.25,0.21;-1.15,-0.04,0.01;-0.06,1.14,10.90;7.95,-1.20
118.81036520,31.89289875,9.71;0.45,265.06,0.52;-0.61,-7.25,0.21;-1.15,-0.04,0.01;-0.06,1.14,10.90;7.97,-1.30
118.81036520,31.89289875,9.71;0.45,265.06,0.52;-0.61,-7.25,0.21;-1.15,-0.04,0.01;-0.06,1.14,10.90;7.99,-1.40
118.81036520,31.89289875,9.71;0.45,265.06,0.52;-0.61,-7.25,0.21;0.34,1.29,-0.19;0.40,0.95,10.19;7.99,-1.50
118.81030528,31.89289465,9.85;0.63,265.16,0.78;-0.62,-7.84,0.23;1.52,1.45,-0.02;0.46,1.22,10.14;8.01,-1.70
118.81030528,31.89289465,9.85;0.63,265.16,0.78;-0.62,-7.84,0.23;1.52,1.45,-0.02;0.46,1.22,10.14;8.20,-1.60
118.81030528,31.89289465,9.85;0.63,265.16,0.78;-0.62,-7.84,0.23;1.52,1.45,-0.02;0.46,1.22,10.14;8.20,-1.70
118.81030528,31.89289465,9.85;0.63,265.16,0.78;-0.62,-7.84,0.23;1.52,1.45,-0.02;0.46,1.22,10.14;8.21,-1.90
118.81030528,31.89289465,9.85;0.63,265.16,0.78;-0.62,-7.84,0.23;1.52,1.45,-0.02;0.46,1.22,10.14;8.23,-1.90
118.81030528,31.89289465,9.85;0.63,265.16,0.78;-0.62,-7.84,0.23;1.52,1.45,-0.02;0.46,1.22,10.14;8.24,-1.90
118.81030528,31.89289465,9.85;0.63,265.16,0.78;-0.62,-7.84,0.23;1.52,1.45,-0.02;0.46,1.22,10.14;8.26,-1.90
118.81030528,31.89289465,9.85;0.63,265.16,0.78;-0.62,-7.84,0.23;1.52,1.45,-0.02;0.46,1.22,10.14;8.28,-1.70
118.81030528,31.89289465,9.85;0.63,265.16,0.78;-0.62,-7.84,0.23;1.52,1.45,-0.02;0.46,1.22,10.14;8.30,-1.60
118.81030528,31.89289465,9.85;0.63,265.16,0.78;-0.62,-7.84,0.23;1.52,1.45,-0.02;0.46,1.22,10.14;8.45,-1.70
118.81030528,31.89289465,9.85;0.63,265.16,0.78;-0.62,-7.84,0.23;1.52,1.45,-0.02;0.46,1.22,10.14;8.46,-1.60
118.81030528,31.89289465,9.85;0.63,265.16,0.78;-0.62,-7.84,0.23;1.52,1.45,-0.02;0.46,1.22,10.14;8.48,-1.50
118.81030528,31.89289465,9.85;0.63,265.16,0.78;-0.62,-7.84,0.23;1.52,1.45,-0.02;0.46,1.22,10.14;8.49,-1.40
118.81030528,31.89289465,9.85;0.63,265.16,0.78;-0.62,-7.84,0.23;4.59,-3.69,-0.15;0.19,0.66,9.44;8.51,-1.30
118.81030528,31.89289465,9.85;0.63,265.16,0.78;-0.62,-7.84,0.23;4.59,-3.69,-0.15;0.19,0.66,9.44;8.52,-1.30
118.81024517,31.89289060,9.98;0.52,265.27,0.25;-0.66,-8.37,0.06;4.59,-3.69,-0.15;0.19,0.66,9.44;8.52,-1.20
118.81024517,31.89289060,9.98;0.52,265.27,0.25;-0.66,-8.37,0.06;4.59,-3.69,-0.15;0.19,0.66,9.44;8.52,-1.10
118.81024517,31.89289060,9.98;0.52,265.27,0.25;-0.66,-8.37,0.06;4.59,-3.69,-0.15;0.19,0.66,9.44;8.78,-0.90
118.81024517,31.89289060,9.98;0.52,265.27,0.25;-0.66,-8.37,0.06;4.59,-3.69,-0.15;0.19,0.66,9.44;8.80,-0.90
118.81024517,31.89289060,9.98;0.52,265.27,0.25;-0.66,-8.37,0.06;4.59,-3.69,-0.15;0.19,0.66,9.44;8.82,-0.90
118.81024517,31.89289060,9.98;0.52,265.27,0.25;-0.66,-8.37,0.06;4.59,-3.69,-0.15;0.19,0.66,9.44;8.83,-0.90
118.81024517,31.89289060,9.98;0.52,265.27,0.25;-0.66,-8.37,0.06;4.59,-3.69,-0.15;0.19,0.66,9.44;8.84,-1.10
118.81024517,31.89289060,9.98;0.52,265.27,0.25;-0.66,-8.37,0.06;4.59,-3.69,-0.15;0.19,0.66,9.44;8.84,-1.20
118.81024517,31.89289060,9.98;0.52,265.27,0.25;-0.66,-8.37,0.06;4.59,-3.69,-0.15;0.19,0.66,9.44;9.04,-1.50
118.81024517,31.89289060,9.98;0.52,265.27,0.25;-0.66,-8.37,0.06;4.59,-3.69,-0.15;0.19,0.66,9.44;9.05,-1.60
118.81024517,31.89289060,9.98;0.52,265.27,0.25;-0.66,-8.37,0.06;4.59,-3.69,-0.15;0.19,0.66,9.44;9.05,-1.70
118.81024517,31.89289060,9.98;0.52,265.27,0.25;-0.66,-8.37,0.06;4.59,-3.69,-0.15;0.19,0.66,9.44;9.05,-1.70
118.81024517,31.89289060,9.98;0.52,265.27,0.25;-0.66,-8.37,0.06;-2.19,-4.40,-0.06;-0.19,1.12,9.50;9.06,-1.70
118.81024517,31.89289060,9.98;0.52,265.27,0.25;-0.66,-8.37,0.06;-3.19,-3.63,-0.14;0.01,0.80,8.02;9.06,-1.60
118.81017683,31.89288599,10.15;-0.03,265.35,0.80;-0.73,-8.84,0.30;-3.19,-3.63,-0.14;0.01,0.80,8.02;9.15,-1.90
118.81017683,31.89288599,10.15;-0.03,265.35,0.80;-0.73,-8.84,0.30;-3.19,-3.63,-0.14;0.01,0.80,8.02;9.15,-1.80
118.81017683,31.89288599,10.15;-0.03,265.35,0.80;-0.73,-8.84,0.30;-3.19,-3.63,-0.14;0.01,0.80,8.02;9.16,-1.80
118.81017683,31.89288599,10.15;-0.03,265.35,0.80;-0.73,-8.84,0.30;-3.19,-3.63,-0.14;0.01,0.80,8.02;9.17,-1.80
118.81017683,31.89288599,10.15;-0.03,265.35,0.80;-0.73,-8.84,0.30;-3.19,-3.63,-0.14;0.01,0.80,8.02;9.17,-1.80
118.81017683,31.89288599,10.15;-0.03,265.35,0.80;-0.73,-8.84,0.30;-3.19,-3.63,-0.14;0.01,0.80,8.02;9.18,-1.80
118.81017683,31.89288599,10.15;-0.03,265.35,0.80;-0.73,-8.84,0.30;-3.19,-3.63,-0.14;0.01,0.80,8.02;9.22,-1.70
118.81017683,31.89288599,10.15;-0.03,265.35,0.80;-0.73,-8.84,0.30;-3.19,-3.63,-0.14;0.01,0.80,8.02;9.26,-1.60
118.81017683,31.89288599,10.15;-0.03,265.35,0.80;-0.73,-8.84,0.30;-3.19,-3.63,-0.14;0.01,0.80,8.02;9.38,-2.80
118.81017683,31.89288599,10.15;-0.03,265.35,0.80;-0.73,-8.84,0.30;-3.19,-3.63,-0.14;0.01,0.80,8.02;9.39,-2.60
118.81017683,31.89288599,10.15;-0.03,265.35,0.80;-0.73,-8.84,0.30;-3.19,-3.63,-0.14;0.01,0.80,8.02;9.39,-2.30
118.81017683,31.89288599,10.15;-0.03,265.35,0.80;-0.73,-8.84,0.30;-3.19,-3.63,-0.14;0.01,0.80,8.02;9.38,-1.90
118.81017683,31.89288599,10.15;-0.03,265.35,0.80;-0.73,-8.84,0.30;-3.19,-3.63,-0.14;0.01,0.80,8.02;9.39,-1.50
118.81017683,31.89288599,10.15;-0.03,265.35,0.80;-0.73,-8.84,0.30;2.77,5.62,-0.64;1.35,1.60,10.87;9.39,-1.20
118.81017683,31.89288599,10.15;-0.03,265.35,0.80;-0.73,-8.84,0.30;0.69,-1.60,-0.17;0.48,0.51,8.07;9.38,-1.10
118.81011067,31.89288152,10.34;0.05,265.35,1.31;-0.73,-9.07,0.29;0.69,-1.60,-0.17;0.48,0.51,8.07;9.38,-1.80
118.81011067,31.89288152,10.34;0.05,265.35,1.31;-0.73,-9.07,0.29;0.69,-1.60,-0.17;0.48,0.51,8.07;9.51,-1.80
118.81011067,31.89288152,10.34;0.05,265.35,1.31;-0.73,-9.07,0.29;0.69,-1.60,-0.17;0.48,0.51,8.07;9.51,-1.80
118.81011067,31.89288152,10.34;0.05,265.35,1.31;-0.73,-9.07,0.29;0.69,-1.60,-0.17;0.48,0.51,8.07;9.53,-1.80
118.81011067,31.89288152,10.34;0.05,265.35,1.31;-0.73,-9.07,0.29;0.69,-1.60,-0.17;0.48,0.51,8.07;9.53,-1.80
118.81011067,31.89288152,10.34;0.05,265.35,1.31;-0.73,-9.07,0.29;0.69,-1.60,-0.17;0.48,0.51,8.07;9.54,-1.80
118.81011067,31.89288152,10.34;0.05,265.35,1.31;-0.73,-9.07,0.29;0.69,-1.60,-0.17;0.48,0.51,8.07;9.54,-1.90
118.81011067,31.89288152,10.34;0.05,265.35,1.31;-0.73,-9.07,0.29;0.69,-1.60,-0.17;0.48,0.51,8.07;9.61,-1.90
118.81011067,31.89288152,10.34;0.05,265.35,1.31;-0.73,-9.07,0.29;0.69,-1.60,-0.17;0.48,0.51,8.07;9.61,-1.90
118.81011067,31.89288152,10.34;0.05,265.35,1.31;-0.73,-9.07,0.29;0.69,-1.60,-0.17;0.48,0.51,8.07;9.62,-1.90
118.81011067,31.89288152,10.34;0.05,265.35,1.31;-0.73,-9.07,0.29;0.69,-1.60,-0.17;0.48,0.51,8.07;9.62,-1.90
118.81011067,31.89288152,10.34;0.05,265.35,1.31;-0.73,-9.07,0.29;0.69,-1.60,-0.17;0.48,0.51,8.07;9.62,-1.90
118.81011067,31.89288152,10.34;0.05,265.35,1.31;-0.73,-9.07,0.29;-0.66,-0.92,0.01;0.06,0.69,9.77;9.62,-1.90
118.81011067,31.89288152,10.34;0.05,265.35,1.31;-0.73,-9.07,0.29;-0.66,-0.92,0.01;0.06,0.69,9.77;9.64,-1.80
118.81003788,31.89287668,10.65;0.04,265.47,1.74;-0.70,-9.28,0.45;-0.66,-0.92,0.01;0.06,0.69,9.77;9.64,-1.60
118.81003788,31.89287668,10.65;0.04,265.47,1.74;-0.70,-9.28,0.45;-0.66,-0.92,0.01;0.06,0.69,9.77;9.70,-1.40
118.81003788,31.89287668,10.65;0.04,265.47,1.74;-0.70,-9.28,0.45;-0.66,-0.92,0.01;0.06,0.69,9.77;9.70,-1.30
118.81003788,31.89287668,10.65;0.04,265.47,1.74;-0.70,-9.28,0.45;-0.66,-0.92,0.01;0.06,0.69,9.77;9.70,-1.30
118.81003788,31.89287668,10.65;0.04,265.47,1.74;-0.70,-9.28,0.45;-0.66,-0.92,0.01;0.06,0.69,9.77;9.70,-1.40
118.81003788,31.89287668,10.65;0.04,265.47,1.74;-0.70,-9.28,0.45;-0.66,-0.92,0.01;0.06,0.69,9.77;9.72,-1.60
118.81003788,31.89287668,10.65;0.04,265.47,1.74;-0.70,-9.28,0.45;-0.66,-0.92,0.01;0.06,0.69,9.77;9.72,-1.80
118.81003788,31.89287668,10.65;0.04,265.47,1.74;-0.70,-9.28,0.45;-0.66,-0.92,0.01;0.06,0.69,9.77;9.73,-1.90
118.81003788,31.89287668,10.65;0.04,265.47,1.74;-0.70,-9.28,0.45;-0.66,-0.92,0.01;0.06,0.69,9.77;9.74,-1.60
118.81003788,31.89287668,10.65;0.04,265.47,1.74;-0.70,-9.28,0.45;-0.66,-0.92,0.01;0.06,0.69,9.77;9.76,-1.60
118.81003788,31.89287668,10.65;0.04,265.47,1.74;-0.70,-9.28,0.45;-0.66,-0.92,0.01;0.06,0.69,9.77;9.76,-1.60
118.81003788,31.89287668,10.65;0.04,265.47,1.74;-0.70,-9.28,0.45;-0.66,-0.92,0.01;0.06,0.69,9.77;9.76,-1.50
118.81003788,31.89287668,10.65;0.04,265.47,1.74;-0.70,-9.28,0.45;2.29,-0.45,-0.15;0.24,0.61,9.76;9.75,-1.30
118.81003788,31.89287668,10.65;0.04,265.47,1.74;-0.70,-9.28,0.45;4.34,1.95,-0.36;-0.57,-0.05,10.31;9.75,-1.10
118.81003788,31.89287668,10.65;0.04,265.47,1.74;-0.70,-9.28,0.45;4.34,1.95,-0.36;-0.57,-0.05,10.31;9.75,-1.00
118.80996919,31.89287219,10.98;0.13,265.59,3.03;-0.71,-9.22,0.49;4.34,1.95,-0.36;-0.57,-0.05,10.31;9.86,-1.30
118.80996919,31.89287219,10.98;0.13,265.59,3.03;-0.71,-9.22,0.49;4.34,1.95,-0.36;-0.57,-0.05,10.31;9.86,-1.20
118.80996919,31.89287219,10.98;0.13,265.59,3.03;-0.71,-9.22,0.49;4.34,1.95,-0.36;-0.57,-0.05,10.31;9.86,-1.10
118.80996919,31.89287219,10.98;0.13,265.59,3.03;-0.71,-9.22,0.49;4.34,1.95,-0.36;-0.57,-0.05,10.31;9.84,-1.10
118.80996919,31.89287219,10.98;0.13,265.59,3.03;-0.71,-9.22,0.49;4.34,1.95,-0.36;-0.57,-0.05,10.31;9.83,-1.10
118.80996919,31.89287219,10.98;0.13,265.59,3.03;-0.71,-9.22,0.49;4.34,1.95,-0.36;-0.57,-0.05,10.31;9.79,-1.20
118.80996919,31.89287219,10.98;0.13,265.59,3.03;-0.71,-9.22,0.49;4.34,1.95,-0.36;-0.57,-0.05,10.31;9.76,-1.30
118.80996919,31.89287219,10.98;0.13,265.59,3.03;-0.71,-9.22,0.49;4.34,1.95,-0.36;-0.57,-0.05,10.31;9.73,-1.50
118.80996919,31.89287219,10.98;0.13,265.59,3.03;-0.71,-9.22,0.49;4.34,1.95,-0.36;-0.57,-0.05,10.31;9.41,-2.80
118.80996919,31.89287219,10.98;0.13,265.59,3.03;-0.71,-9.22,0.49;4.34,1.95,-0.36;-0.57,-0.05,10.31;9.42,-3.00
118.80996919,31.89287219,10.98;0.13,265.59,3.03;-0.71,-9.22,0.49;4.34,1.95,-0.36;-0.57,-0.05,10.31;9.43,-3.30
118.80996919,31.89287219,10.98;0.13,265.59,3.03;-0.71,-9.22,0.49;-17.58,-2.58,-0.22;0.19,-1.16,4.82;9.44,-3.50
118.80996919,31.89287219,10.98;0.13,265.59,3.03;-0.71,-9.22,0.49;1.50,-0.39,-0.80;-0.10,0.05,9.30;9.44,-3.50
118.80996919,31.89287219,10.98;0.13,265.59,3.03;-0.71,-9.22,0.49;1.50,-0.39,-0.80;-0.10,0.05,9.30;9.44,-3.50
118.80989698,31.89286750,11.36;0.16,265.81,0.11;-0.66,-8.95,0.27;1.50,-0.39,-0.80;-0.10,0.05,9.30;9.44,-3.50
118.80989698,31.89286750,11.36;0.16,265.81,0.11;-0.66,-8.95,0.27;1.50,-0.39,-0.80;-0.10,0.05,9.30;9.32,-3.80
118.80989698,31.89286750,11.36;0.16,265.81,0.11;-0.66,-8.95,0.27;1.50,-0.39,-0.80;-0.10,0.05,9.30;9.31,-3.90
118.80989698,31.89286750,11.36;0.16,265.81,0.11;-0.66,-8.95,0.27;1.50,-0.39,-0.80;-0.10,0.05,9.30;9.30,-4.00
118.80989698,31.89286750,11.36;0.16,265.81,0.11;-0.66,-8.95,0.27;1.50,-0.39,-0.80;-0.10,0.05,9.30;9.29,-4.00
118.80989698,31.89286750,11.36;0.16,265.81,0.11;-0.66,-8.95,0.27;1.50,-0.39,-0.80;-0.10,0.05,9.30;9.28,-4.10
118.80989698,31.89286750,11.36;0.16,265.81,0.11;-0.66,-8.95,0.27;1.50,-0.39,-0.80;-0.10,0.05,9.30;9.27,-4.10
118.80989698,31.89286750,11.36;0.16,265.81,0.11;-0.66,-8.95,0.27;1.50,-0.39,-0.80;-0.10,0.05,9.30;9.26,-4.10
118.80989698,31.89286750,11.36;0.16,265.81,0.11;-0.66,-8.95,0.27;1.50,-0.39,-0.80;-0.10,0.05,9.30;9.26,-4.40
