  longitude ,  latitude ,high;roll,yaw,pitch;n_vel,e_vel,u_vel;angleSpeedx_y_z;lineAccx_y_z;speed,steeringAngle
118.81099865,31.89294142,8.92;0.89,266.65,-0.34;-0.17,-2.90,0.05;-0.59,0.32,0.53;-0.07,1.04,9.84;3.07,6.20
118.81099865,31.89294142,8.92;0.89,266.65,-0.34;-0.17,-2.90,0.05;-0.59,0.32,0.53;-0.07,1.04,9.84;3.09,6.20
118.81099865,31.89294142,8.92;0.89,266.65,-0.34;-0.17,-2.90,0.05;-0.59,0.32,0.53;-0.07,1.04,9.84;3.11,6.20
118.81099865,31.89294142,8.92;0.89,266.65,-0.34;-0.17,-2.90,0.05;-0.59,0.32,0.53;-0.07,1.04,9.84;3.12,6.20
118.81099865,31.89294142,8.92;0.89,266.65,-0.34;-0.17,-2.90,0.05;-0.59,0.32,0.53;-0.07,1.04,9.84;3.14,6.20
118.81099865,31.89294142,8.92;0.89,266.65,-0.34;-0.17,-2.90,0.05;-0.59,0.32,0.53;-0.07,1.04,9.84;3.14,6.10
118.81099865,31.89294142,8.92;0.89,266.65,-0.34;-0.17,-2.90,0.05;-0.59,0.32,0.53;-0.07,1.04,9.84;3.41,6.10
118.81099865,31.89294142,8.92;0.89,266.65,-0.34;-0.17,-2.90,0.05;-0.59,0.32,0.53;-0.07,1.04,9.84;3.41,6.10
118.81099865,31.89294142,8.92;0.89,266.65,-0.34;-0.17,-2.90,0.05;-0.59,0.32,0.53;-0.07,1.04,9.84;3.43,6.00
118.81099865,31.89294142,8.92;0.89,266.65,-0.34;-0.17,-2.90,0.05;-0.59,0.32,0.53;-0.07,1.04,9.84;3.45,6.00
118.81099865,31.89294142,8.92;0.89,266.65,-0.34;-0.17,-2.90,0.05;-0.59,0.32,0.53;-0.07,1.04,9.84;3.47,5.90
118.81097276,31.89294028,8.94;0.91,266.36,-0.13;-0.21,-3.62,0.05;-0.59,0.32,0.53;-0.07,1.04,9.84;3.50,5.70
118.81097276,31.89294028,8.94;0.91,266.36,-0.13;-0.21,-3.62,0.05;-0.59,0.32,0.53;-0.07,1.04,9.84;3.76,5.70
118.81097276,31.89294028,8.94;0.91,266.36,-0.13;-0.21,-3.62,0.05;-0.59,0.32,0.53;-0.07,1.04,9.84;3.76,4.50
118.81097276,31.89294028,8.94;0.91,266.36,-0.13;-0.21,-3.62,0.05;0.51,-0.15,0.45;-0.03,1.02,9.53;3.78,4.50
118.81097276,31.89294028,8.94;0.91,266.36,-0.13;-0.21,-3.62,0.05;0.51,-0.15,0.45;-0.03,1.02,9.53;3.79,4.50
118.81097276,31.89294028,8.94;0.91,266.36,-0.13;-0.21,-3.62,0.05;0.51,-0.15,0.45;-0.03,1.02,9.53;3.81,4.60
118.81097276,31.89294028,8.94;0.91,266.36,-0.13;-0.21,-3.62,0.05;0.51,-0.15,0.45;-0.03,1.02,9.53;3.84,4.60
118.81097276,31.89294028,8.94;0.91,266.36,-0.13;-0.21,-3.62,0.05;0.51,-0.15,0.45;-0.03,1.02,9.53;3.86,4.70
118.81097276,31.89294028,8.94;0.91,266.36,-0.13;-0.21,-3.62,0.05;0.51,-0.15,0.45;-0.03,1.02,9.53;3.88,4.70
118.81097276,31.89294028,8.94;0.91,266.36,-0.13;-0.21,-3.62,0.05;0.51,-0.15,0.45;-0.03,1.02,9.53;3.88,4.20
118.81097276,31.89294028,8.94;0.91,266.36,-0.13;-0.21,-3.62,0.05;0.51,-0.15,0.45;-0.03,1.02,9.53;4.13,4.20
118.81097276,31.89294028,8.94;0.91,266.36,-0.13;-0.21,-3.62,0.05;0.51,-0.15,0.45;-0.03,1.02,9.53;4.15,4.20
118.81097276,31.89294028,8.94;0.91,266.36,-0.13;-0.21,-3.62,0.05;0.51,-0.15,0.45;-0.03,1.02,9.53;4.17,4.20
118.81097276,31.89294028,8.94;0.91,266.36,-0.13;-0.21,-3.62,0.05;0.51,-0.15,0.45;-0.03,1.02,9.53;4.18,4.20
118.81097276,31.89294028,8.94;0.91,266.36,-0.13;-0.21,-3.62,0.05;0.51,-0.15,0.45;-0.03,1.02,9.53;4.20,4.20
118.81094355,31.89293871,8.98;0.89,266.11,-0.26;-0.28,-4.28,0.04;0.51,-0.15,0.45;-0.03,1.02,9.53;4.23,4.20
118.81094355,31.89293871,8.98;0.89,266.11,-0.26;-0.28,-4.28,0.04;0.51,-0.15,0.45;-0.03,1.02,9.53;4.48,4.20
118.81094355,31.89293871,8.98;0.89,266.11,-0.26;-0.28,-4.28,0.04;-0.48,-0.16,0.45;-0.01,1.11,10.13;4.48,4.20
118.81094355,31.89293871,8.98;0.89,266.11,-0.26;-0.28,-4.28,0.04;-1.52,0.25,0.36;-0.00,0.98,9.72;4.48,4.20
118.81094355,31.89293871,8.98;0.89,266.11,-0.26;-0.28,-4.28,0.04;-1.52,0.25,0.36;-0.00,0.98,9.72;4.50,4.20
118.81094355,31.89293871,8.98;0.89,266.11,-0.26;-0.28,-4.28,0.04;-1.52,0.25,0.36;-0.00,0.98,9.72;4.51,4.20
118.81094355,31.89293871,8.98;0.89,266.11,-0.26;-0.28,-4.28,0.04;-1.52,0.25,0.36;-0.00,0.98,9.72;4.53,4.20
118.81094355,31.89293871,8.98;0.89,266.11,-0.26;-0.28,-4.28,0.04;-1.52,0.25,0.36;-0.00,0.98,9.72;4.55,4.10
118.81094355,31.89293871,8.98;0.89,266.11,-0.26;-0.28,-4.28,0.04;-1.52,0.25,0.36;-0.00,0.98,9.72;4.81,4.10
118.81094355,31.89293871,8.98;0.89,266.11,-0.26;-0.28,-4.28,0.04;-1.52,0.25,0.36;-0.00,0.98,9.72;4.81,3.90
118.81094355,31.89293871,8.98;0.89,266.11,-0.26;-0.28,-4.28,0.04;-1.52,0.25,0.36;-0.00,0.98,9.72;4.83,3.90
118.81094355,31.89293871,8.98;0.89,266.11,-0.26;-0.28,-4.28,0.04;-1.52,0.25,0.36;-0.00,0.98,9.72;4.85,3.80
118.81094355,31.89293871,8.98;0.89,266.11,-0.26;-0.28,-4.28,0.04;-1.52,0.25,0.36;-0.00,0.98,9.72;4.87,3.70
118.81094355,31.89293871,8.98;0.89,266.11,-0.26;-0.28,-4.28,0.04;-1.52,0.25,0.36;-0.00,0.98,9.72;4.88,3.60
118.81090704,31.89293653,9.05;1.03,265.86,-0.32;-0.34,-4.92,0.06;-1.52,0.25,0.36;-0.00,0.98,9.72;4.90,3.50
118.81090704,31.89293653,9.05;1.03,265.86,-0.32;-0.34,-4.92,0.06;-1.52,0.25,0.36;-0.00,0.98,9.72;4.91,3.40
118.81090704,31.89293653,9.05;1.03,265.86,-0.32;-0.34,-4.92,0.06;1.41,-0.18,0.31;-0.14,1.06,10.21;4.91,3.70
118.81090704,31.89293653,9.05;1.03,265.86,-0.32;-0.34,-4.92,0.06;1.41,-0.18,0.31;-0.14,1.06,10.21;5.15,3.70
118.81090704,31.89293653,9.05;1.03,265.86,-0.32;-0.34,-4.92,0.06;1.41,-0.18,0.31;-0.14,1.06,10.21;5.17,3.60
118.81090704,31.89293653,9.05;1.03,265.86,-0.32;-0.34,-4.92,0.06;1.41,-0.18,0.31;-0.14,1.06,10.21;5.19,3.60
118.81090704,31.89293653,9.05;1.03,265.86,-0.32;-0.34,-4.92,0.06;1.41,-0.18,0.31;-0.14,1.06,10.21;5.20,3.60
118.81090704,31.89293653,9.05;1.03,265.86,-0.32;-0.34,-4.92,0.06;1.41,-0.18,0.31;-0.14,1.06,10.21;5.22,3.60
118.81090704,31.89293653,9.05;1.03,265.86,-0.32;-0.34,-4.92,0.06;1.41,-0.18,0.31;-0.14,1.06,10.21;5.24,3.60
118.81090704,31.89293653,9.05;1.03,265.86,-0.32;-0.34,-4.92,0.06;1.41,-0.18,0.31;-0.14,1.06,10.21;5.44,3.60
118.81090704,31.89293653,9.05;1.03,265.86,-0.32;-0.34,-4.92,0.06;1.41,-0.18,0.31;-0.14,1.06,10.21;5.46,3.60
118.81090704,31.89293653,9.05;1.03,265.86,-0.32;-0.34,-4.92,0.06;1.41,-0.18,0.31;-0.14,1.06,10.21;5.46,3.60
118.81090704,31.89293653,9.05;1.03,265.86,-0.32;-0.34,-4.92,0.06;1.41,-0.18,0.31;-0.14,1.06,10.21;5.47,3.60
118.81090704,31.89293653,9.05;1.03,265.86,-0.32;-0.34,-4.92,0.06;1.41,-0.18,0.31;-0.14,1.06,10.21;5.48,3.60
118.81090704,31.89293653,9.05;1.03,265.86,-0.32;-0.34,-4.92,0.06;1.41,-0.18,0.31;-0.14,1.06,10.21;5.50,3.50
118.81086559,31.89293412,9.11;1.10,265.62,-0.10;-0.40,-5.50,0.08;1.41,-0.18,0.31;-0.14,1.06,10.21;5.52,3.40
118.81086559,31.89293412,9.11;1.10,265.62,-0.10;-0.40,-5.50,0.08;1.41,-0.18,0.31;-0.14,1.06,10.21;5.73,3.40
118.81086559,31.89293412,9.11;1.10,265.62,-0.10;-0.40,-5.50,0.08;0.37,-0.00,0.14;-0.15,0.78,9.85;5.73,1.40
118.81086559,31.89293412,9.11;1.10,265.62,-0.10;-0.40,-5.50,0.08;0.37,-0.00,0.14;-0.15,0.78,9.85;5.74,1.20
118.81086559,31.89293412,9.11;1.10,265.62,-0.10;-0.40,-5.50,0.08;0.37,-0.00,0.14;-0.15,0.78,9.85;5.75,1.00
118.81086559,31.89293412,9.11;1.10,265.62,-0.10;-0.40,-5.50,0.08;0.37,-0.00,0.14;-0.15,0.78,9.85;5.78,0.80
118.81086559,31.89293412,9.11;1.10,265.62,-0.10;-0.40,-5.50,0.08;0.37,-0.00,0.14;-0.15,0.78,9.85;5.80,0.70
118.81086559,31.89293412,9.11;1.10,265.62,-0.10;-0.40,-5.50,0.08;0.37,-0.00,0.14;-0.15,0.78,9.85;5.82,0.50
118.81086559,31.89293412,9.11;1.10,265.62,-0.10;-0.40,-5.50,0.08;0.37,-0.00,0.14;-0.15,0.78,9.85;5.83,0.30
118.81086559,31.89293412,9.11;1.10,265.62,-0.10;-0.40,-5.50,0.08;0.37,-0.00,0.14;-0.15,0.78,9.85;5.83,-0.90
118.81086559,31.89293412,9.11;1.10,265.62,-0.10;-0.40,-5.50,0.08;0.37,-0.00,0.14;-0.15,0.78,9.85;6.02,-0.80
118.81086559,31.89293412,9.11;1.10,265.62,-0.10;-0.40,-5.50,0.08;0.37,-0.00,0.14;-0.15,0.78,9.85;6.03,-0.80
118.81086559,31.89293412,9.11;1.10,265.62,-0.10;-0.40,-5.50,0.08;0.37,-0.00,0.14;-0.15,0.78,9.85;6.05,-0.80
118.81086559,31.89293412,9.11;1.10,265.62,-0.10;-0.40,-5.50,0.08;0.37,-0.00,0.14;-0.15,0.78,9.85;6.07,-0.80
118.81086559,31.89293412,9.11;1.10,265.62,-0.10;-0.40,-5.50,0.08;0.37,-0.00,0.14;-0.15,0.78,9.85;6.08,-0.80
118.81082297,31.89293144,9.16;0.99,265.66,0.08;-0.45,-6.00,0.11;0.37,-0.00,0.14;-0.15,0.78,9.85;6.09,-0.80
118.81082297,31.89293144,9.16;0.99,265.66,0.08;-0.45,-6.00,0.11;0.07,0.12,-0.00;0.08,0.77,9.39;6.28,-0.80
118.81082297,31.89293144,9.16;0.99,265.66,0.08;-0.45,-6.00,0.11;0.07,0.12,-0.00;0.08,0.77,9.39;6.29,-0.60
118.81082297,31.89293144,9.16;0.99,265.66,0.08;-0.45,-6.00,0.11;0.07,0.12,-0.00;0.08,0.77,9.39;6.29,-0.70
118.81082297,31.89293144,9.16;0.99,265.66,0.08;-0.45,-6.00,0.11;0.07,0.12,-0.00;0.08,0.77,9.39;6.31,-0.90
118.81082297,31.89293144,9.16;0.99,265.66,0.08;-0.45,-6.00,0.11;0.07,0.12,-0.00;0.08,0.77,9.39;6.31,-1.10
118.81082297,31.89293144,9.16;0.99,265.66,0.08;-0.45,-6.00,0.11;0.07,0.12,-0.00;0.08,0.77,9.39;6.33,-1.20
118.81082297,31.89293144,9.16;0.99,265.66,0.08;-0.45,-6.00,0.11;0.07,0.12,-0.00;0.08,0.77,9.39;6.35,-1.30
118.81082297,31.89293144,9.16;0.99,265.66,0.08;-0.45,-6.00,0.11;0.07,0.12,-0.00;0.08,0.77,9.39;6.51,-1.30
118.81082297,31.89293144,9.16;0.99,265.66,0.08;-0.45,-6.00,0.11;0.07,0.12,-0.00;0.08,0.77,9.39;6.51,-0.40
118.81082297,31.89293144,9.16;0.99,265.66,0.08;-0.45,-6.00,0.11;0.07,0.12,-0.00;0.08,0.77,9.39;6.53,-0.40
118.81082297,31.89293144,9.16;0.99,265.66,0.08;-0.45,-6.00,0.11;0.07,0.12,-0.00;0.08,0.77,9.39;6.54,-0.40
118.81082297,31.89293144,9.16;0.99,265.66,0.08;-0.45,-6.00,0.11;0.07,0.12,-0.00;0.08,0.77,9.39;6.55,-0.40
118.81082297,31.89293144,9.16;0.99,265.66,0.08;-0.45,-6.00,0.11;0.07,0.12,-0.00;0.08,0.77,9.39;6.56,-0.40
118.81077367,31.89292830,9.22;0.95,265.70,0.13;-0.46,-6.43,0.09;0.07,0.12,-0.00;0.08,0.77,9.39;6.57,-0.30
118.81077367,31.89292830,9.22;0.95,265.70,0.13;-0.46,-6.43,0.09;-1.20,0.39,0.10;-0.24,0.72,11.01;6.57,-0.30
118.81077367,31.89292830,9.22;0.95,265.70,0.13;-0.46,-6.43,0.09;-1.20,0.39,0.10;-0.24,0.72,11.01;6.72,-0.30
118.81077367,31.89292830,9.22;0.95,265.70,0.13;-0.46,-6.43,0.09;-1.20,0.39,0.10;-0.24,0.72,11.01;6.72,-0.20
118.81077367,31.89292830,9.22;0.95,265.70,0.13;-0.46,-6.43,0.09;-1.20,0.39,0.10;-0.24,0.72,11.01;6.72,-0.10
118.81077367,31.89292830,9.22;0.95,265.70,0.13;-0.46,-6.43,0.09;-1.20,0.39,0.10;-0.24,0.72,11.01;6.72,0.10
118.81077367,31.89292830,9.22;0.95,265.70,0.13;-0.46,-6.43,0.09;-1.20,0.39,0.10;-0.24,0.72,11.01;6.74,0.20
118.81077367,31.89292830,9.22;0.95,265.70,0.13;-0.46,-6.43,0.09;-1.20,0.39,0.10;-0.24,0.72,11.01;6.74,0.30
118.81077367,31.89292830,9.22;0.95,265.70,0.13;-0.46,-6.43,0.09;-1.20,0.39,0.10;-0.24,0.72,11.01;6.86,0.30
118.81077367,31.89292830,9.22;0.95,265.70,0.13;-0.46,-6.43,0.09;-1.20,0.39,0.10;-0.24,0.72,11.01;6.86,0.60
118.81077367,31.89292830,9.22;0.95,265.70,0.13;-0.46,-6.43,0.09;-1.20,0.39,0.10;-0.24,0.72,11.01;6.87,0.60
118.81077367,31.89292830,9.22;0.95,265.70,0.13;-0.46,-6.43,0.09;-1.20,0.39,0.10;-0.24,0.72,11.01;6.88,0.70
118.81077367,31.89292830,9.22;0.95,265.70,0.13;-0.46,-6.43,0.09;-1.20,0.39,0.10;-0.24,0.72,11.01;6.90,0.70
118.81077367,31.89292830,9.22;0.95,265.70,0.13;-0.46,-6.43,0.09;-1.20,0.39,0.10;-0.24,0.72,11.01;6.90,0.70
118.81077367,31.89292830,9.22;0.95,265.70,0.13;-0.46,-6.43,0.09;-1.20,0.39,0.10;-0.24,0.72,11.01;6.90,0.60
118.81072536,31.89292525,9.32;0.86,265.70,0.06;-0.49,-6.68,0.09;-1.21,0.07,0.15;0.14,0.40,9.87;6.91,0.60
118.81072536,31.89292525,9.32;0.86,265.70,0.06;-0.49,-6.68,0.09;-1.21,0.07,0.15;0.14,0.40,9.87;6.91,1.80
118.81072536,31.89292525,9.32;0.86,265.70,0.06;-0.49,-6.68,0.09;-1.21,0.07,0.15;0.14,0.40,9.87;7.01,1.90
118.81072536,31.89292525,9.32;0.86,265.70,0.06;-0.49,-6.68,0.09;-1.21,0.07,0.15;0.14,0.40,9.87;7.01,1.90
118.81072536,31.89292525,9.32;0.86,265.70,0.06;-0.49,-6.68,0.09;-1.21,0.07,0.15;0.14,0.40,9.87;7.02,1.90
118.81072536,31.89292525,9.32;0.86,265.70,0.06;-0.49,-6.68,0.09;-1.21,0.07,0.15;0.14,0.40,9.87;7.02,1.90
118.81072536,31.89292525,9.32;0.86,265.70,0.06;-0.49,-6.68,0.09;-1.21,0.07,0.15;0.14,0.40,9.87;7.02,1.80
118.81072536,31.89292525,9.32;0.86,265.70,0.06;-0.49,-6.68,0.09;-1.21,0.07,0.15;0.14,0.40,9.87;7.04,1.80
118.81072536,31.89292525,9.32;0.86,265.70,0.06;-0.49,-6.68,0.09;-1.21,0.07,0.15;0.14,0.40,9.87;7.05,1.60
118.81072536,31.89292525,9.32;0.86,265.70,0.06;-0.49,-6.68,0.09;-1.21,0.07,0.15;0.14,0.40,9.87;7.13,1.60
118.81072536,31.89292525,9.32;0.86,265.70,0.06;-0.49,-6.68,0.09;-1.21,0.07,0.15;0.14,0.40,9.87;7.13,1.60
118.81072536,31.89292525,9.32;0.86,265.70,0.06;-0.49,-6.68,0.09;-1.21,0.07,0.15;0.14,0.40,9.87;7.14,1.60
118.81072536,31.89292525,9.32;0.86,265.70,0.06;-0.49,-6.68,0.09;-1.21,0.07,0.15;0.14,0.40,9.87;7.14,1.60
118.81072536,31.89292525,9.32;0.86,265.70,0.06;-0.49,-6.68,0.09;-1.21,0.07,0.15;0.14,0.40,9.87;7.14,1.80
118.81067118,31.89292217,9.40;0.81,265.57,0.07;-0.52,-6.91,0.14;-1.21,0.07,0.15;0.14,0.40,9.87;7.14,1.90
118.81067118,31.89292217,9.40;0.81,265.57,0.07;-0.52,-6.91,0.14;1.78,-0.75,0.25;-0.06,0.38,9.78;7.20,1.90
118.81067118,31.89292217,9.40;0.81,265.57,0.07;-0.52,-6.91,0.14;-0.18,-0.40,0.23;0.08,0.01,9.13;7.20,1.60
118.81067118,31.89292217,9.40;0.81,265.57,0.07;-0.52,-6.91,0.14;-0.18,-0.40,0.23;0.08,0.01,9.13;7.22,1.80
118.81067118,31.89292217,9.40;0.81,265.57,0.07;-0.52,-6.91,0.14;-0.18,-0.40,0.23;0.08,0.01,9.13;7.23,1.90
118.81067118,31.89292217,9.40;0.81,265.57,0.07;-0.52,-6.91,0.14;-0.18,-0.40,0.23;0.08,0.01,9.13;7.23,1.90
118.81067118,31.89292217,9.40;0.81,265.57,0.07;-0.52,-6.91,0.14;-0.18,-0.40,0.23;0.08,0.01,9.13;7.24,1.90
118.81067118,31.89292217,9.40;0.81,265.57,0.07;-0.52,-6.91,0.14;-0.18,-0.40,0.23;0.08,0.01,9.13;7.24,1.90
118.81067118,31.89292217,9.40;0.81,265.57,0.07;-0.52,-6.91,0.14;-0.18,-0.40,0.23;0.08,0.01,9.13;7.24,1.90
118.81067118,31.89292217,9.40;0.81,265.57,0.07;-0.52,-6.91,0.14;-0.18,-0.40,0.23;0.08,0.01,9.13;7.24,1.70
118.81067118,31.89292217,9.40;0.81,265.57,0.07;-0.52,-6.91,0.14;-0.18,-0.40,0.23;0.08,0.01,9.13;7.23,1.70
118.81067118,31.89292217,9.40;0.81,265.57,0.07;-0.52,-6.91,0.14;-0.18,-0.40,0.23;0.08,0.01,9.13;7.23,1.70
118.81067118,31.89292217,9.40;0.81,265.57,0.07;-0.52,-6.91,0.14;-0.18,-0.40,0.23;0.08,0.01,9.13;7.22,1.60
118.81067118,31.89292217,9.40;0.81,265.57,0.07;-0.52,-6.91,0.14;-0.18,-0.40,0.23;0.08,0.01,9.13;7.22,1.50
118.81067118,31.89292217,9.40;0.81,265.57,0.07;-0.52,-6.91,0.14;-0.18,-0.40,0.23;0.08,0.01,9.13;7.22,1.50
118.81061989,31.89291902,9.48;0.79,265.45,0.13;-0.52,-6.89,0.13;0.85,-0.13,0.14;0.12,0.17,10.49;7.22,1.50
118.81061989,31.89291902,9.48;0.79,265.45,0.13;-0.52,-6.89,0.13;0.04,-0.16,0.09;-0.24,-0.16,9.84;7.20,1.50
118.81061989,31.89291902,9.48;0.79,265.45,0.13;-0.52,-6.89,0.13;0.04,-0.16,0.09;-0.24,-0.16,9.84;7.20,1.50
118.81061989,31.89291902,9.48;0.79,265.45,0.13;-0.52,-6.89,0.13;0.04,-0.16,0.09;-0.24,-0.16,9.84;7.20,1.60
118.81061989,31.89291902,9.48;0.79,265.45,0.13;-0.52,-6.89,0.13;0.04,-0.16,0.09;-0.24,-0.16,9.84;7.20,1.60
118.81061989,31.89291902,9.48;0.79,265.45,0.13;-0.52,-6.89,0.13;0.04,-0.16,0.09;-0.24,-0.16,9.84;7.20,1.70
118.81061989,31.89291902,9.48;0.79,265.45,0.13;-0.52,-6.89,0.13;0.04,-0.16,0.09;-0.24,-0.16,9.84;7.20,1.80
118.81061989,31.89291902,9.48;0.79,265.45,0.13;-0.52,-6.89,0.13;0.04,-0.16,0.09;-0.24,-0.16,9.84;7.20,1.90
118.81061989,31.89291902,9.48;0.79,265.45,0.13;-0.52,-6.89,0.13;0.04,-0.16,0.09;-0.24,-0.16,9.84;7.19,1.90
118.81061989,31.89291902,9.48;0.79,265.45,0.13;-0.52,-6.89,0.13;0.04,-0.16,0.09;-0.24,-0.16,9.84;7.19,2.10
118.81061989,31.89291902,9.48;0.79,265.45,0.13;-0.52,-6.89,0.13;0.04,-0.16,0.09;-0.24,-0.16,9.84;7.19,2.00
118.81061989,31.89291902,9.48;0.79,265.45,0.13;-0.52,-6.89,0.13;0.04,-0.16,0.09;-0.24,-0.16,9.84;7.19,2.00
118.81061989,31.89291902,9.48;0.79,265.45,0.13;-0.52,-6.89,0.13;0.04,-0.16,0.09;-0.24,-0.16,9.84;7.19,1.90
118.81061989,31.89291902,9.48;0.79,265.45,0.13;-0.52,-6.89,0.13;0.04,-0.16,0.09;-0.24,-0.16,9.84;7.19,1.80
118.81056554,31.89291522,9.58;0.81,265.32,0.06;-0.55,-6.86,0.16;1.86,-0.10,0.28;-0.34,0.17,10.77;7.18,1.60
118.81056554,31.89291522,9.58;0.81,265.32,0.06;-0.55,-6.86,0.16;-0.22,-0.22,0.35;-0.10,0.05,9.84;7.18,1.50
118.81056554,31.89291522,9.58;0.81,265.32,0.06;-0.55,-6.86,0.16;-0.22,-0.22,0.35;-0.10,0.05,9.84;7.18,1.50
118.81056554,31.89291522,9.58;0.81,265.32,0.06;-0.55,-6.86,0.16;-0.22,-0.22,0.35;-0.10,0.05,9.84;7.18,2.10
118.81056554,31.89291522,9.58;0.81,265.32,0.06;-0.55,-6.86,0.16;-0.22,-0.22,0.35;-0.10,0.05,9.84;7.17,1.90
118.81056554,31.89291522,9.58;0.81,265.32,0.06;-0.55,-6.86,0.16;-0.22,-0.22,0.35;-0.10,0.05,9.84;7.17,1.80
118.81056554,31.89291522,9.58;0.81,265.32,0.06;-0.55,-6.86,0.16;-0.22,-0.22,0.35;-0.10,0.05,9.84;7.17,1.80
118.81056554,31.89291522,9.58;0.81,265.32,0.06;-0.55,-6.86,0.16;-0.22,-0.22,0.35;-0.10,0.05,9.84;7.16,1.80
118.81056554,31.89291522,9.58;0.81,265.32,0.06;-0.55,-6.86,0.16;-0.22,-0.22,0.35;-0.10,0.05,9.84;7.17,1.80
118.81056554,31.89291522,9.58;0.81,265.32,0.06;-0.55,-6.86,0.16;-0.22,-0.22,0.35;-0.10,0.05,9.84;7.17,2.00
118.81056554,31.89291522,9.58;0.81,265.32,0.06;-0.55,-6.86,0.16;-0.22,-0.22,0.35;-0.10,0.05,9.84;7.17,2.00
118.81056554,31.89291522,9.58;0.81,265.32,0.06;-0.55,-6.86,0.16;-0.22,-0.22,0.35;-0.10,0.05,9.84;7.17,2.00
118.81056554,31.89291522,9.58;0.81,265.32,0.06;-0.55,-6.86,0.16;-0.22,-0.22,0.35;-0.10,0.05,9.84;7.17,2.10
118.81056554,31.89291522,9.58;0.81,265.32,0.06;-0.55,-6.86,0.16;-0.22,-0.22,0.35;-0.10,0.05,9.84;7.17,2.10
118.81056554,31.89291522,9.58;0.81,265.32,0.06;-0.55,-6.86,0.16;-0.89,-1.37,0.32;-0.18,-0.03,9.01;7.17,2.10
118.81051478,31.89291138,9.69;0.56,265.16,0.06;-0.58,-6.84,0.14;-1.16,0.39,0.25;0.00,0.07,9.95;7.17,2.10
118.81051478,31.89291138,9.69;0.56,265.16,0.06;-0.58,-6.84,0.14;-1.16,0.39,0.25;0.00,0.07,9.95;7.17,2.40
118.81051478,31.89291138,9.69;0.56,265.16,0.06;-0.58,-6.84,0.14;-1.16,0.39,0.25;0.00,0.07,9.95;7.15,2.40
118.81051478,31.89291138,9.69;0.56,265.16,0.06;-0.58,-6.84,0.14;-1.16,0.39,0.25;0.00,0.07,9.95;7.15,2.40
118.81051478,31.89291138,9.69;0.56,265.16,0.06;-0.58,-6.84,0.14;-1.16,0.39,0.25;0.00,0.07,9.95;7.15,2.30
118.81051478,31.89291138,9.69;0.56,265.16,0.06;-0.58,-6.84,0.14;-1.16,0.39,0.25;0.00,0.07,9.95;7.16,2.20
118.81051478,31.89291138,9.69;0.56,265.16,0.06;-0.58,-6.84,0.14;-1.16,0.39,0.25;0.00,0.07,9.95;7.16,2.10
118.81051478,31.89291138,9.69;0.56,265.16,0.06;-0.58,-6.84,0.14;-1.16,0.39,0.25;0.00,0.07,9.95;7.16,2.00
118.81051478,31.89291138,9.69;0.56,265.16,0.06;-0.58,-6.84,0.14;-1.16,0.39,0.25;0.00,0.07,9.95;7.27,1.90
118.81051478,31.89291138,9.69;0.56,265.16,0.06;-0.58,-6.84,0.14;-1.16,0.39,0.25;0.00,0.07,9.95;7.31,2.70
118.81051478,31.89291138,9.69;0.56,265.16,0.06;-0.58,-6.84,0.14;-1.16,0.39,0.25;0.00,0.07,9.95;7.31,2.60
118.81051478,31.89291138,9.69;0.56,265.16,0.06;-0.58,-6.84,0.14;-1.16,0.39,0.25;0.00,0.07,9.95;7.34,3.00
118.81051478,31.89291138,9.69;0.56,265.16,0.06;-0.58,-6.84,0.14;-1.16,0.39,0.25;0.00,0.07,9.95;7.24,3.20
118.81051478,31.89291138,9.69;0.56,265.16,0.06;-0.58,-6.84,0.14;-1.16,0.39,0.25;0.00,0.07,9.95;7.23,3.50
118.81046075,31.89290761,9.78;0.73,264.92,-0.37;-0.54,-6.64,0.53;-10.51,0.04,0.08;-0.53,-4.83,12.12;7.19,3.60
118.81046075,31.89290761,9.78;0.73,264.92,-0.37;-0.54,-6.64,0.53;-3.74,1.14,0.79;-1.27,-0.62,13.54;7.16,3.60
118.81046075,31.89290761,9.78;0.73,264.92,-0.37;-0.54,-6.64,0.53;-3.74,1.14,0.79;-1.27,-0.62,13.54;7.16,2.90
118.81046075,31.89290761,9.78;0.73,264.92,-0.37;-0.54,-6.64,0.53;-3.74,1.14,0.79;-1.27,-0.62,13.54;7.10,2.90
118.81046075,31.89290761,9.78;0.73,264.92,-0.37;-0.54,-6.64,0.53;-3.74,1.14,0.79;-1.27,-0.62,13.54;7.02,2.80
118.81046075,31.89290761,9.78;0.73,264.92,-0.37;-0.54,-6.64,0.53;-3.74,1.14,0.79;-1.27,-0.62,13.54;7.07,2.70
118.81046075,31.89290761,9.78;0.73,264.92,-0.37;-0.54,-6.64,0.53;-3.74,1.14,0.79;-1.27,-0.62,13.54;7.06,2.70
118.81046075,31.89290761,9.78;0.73,264.92,-0.37;-0.54,-6.64,0.53;-3.74,1.14,0.79;-1.27,-0.62,13.54;7.06,2.50
118.81046075,31.89290761,9.78;0.73,264.92,-0.37;-0.54,-6.64,0.53;-3.74,1.14,0.79;-1.27,-0.62,13.54;7.10,2.20
118.81046075,31.89290761,9.78;0.73,264.92,-0.37;-0.54,-6.64,0.53;-3.74,1.14,0.79;-1.27,-0.62,13.54;7.10,1.10
118.81046075,31.89290761,9.78;0.73,264.92,-0.37;-0.54,-6.64,0.53;-3.74,1.14,0.79;-1.27,-0.62,13.54;7.07,0.90
118.81046075,31.89290761,9.78;0.73,264.92,-0.37;-0.54,-6.64,0.53;-3.74,1.14,0.79;-1.27,-0.62,13.54;7.07,0.70
118.81046075,31.89290761,9.78;0.73,264.92,-0.37;-0.54,-6.64,0.53;-3.74,1.14,0.79;-1.27,-0.62,13.54;7.07,0.40
118.81046075,31.89290761,9.78;0.73,264.92,-0.37;-0.54,-6.64,0.53;-3.74,1.14,0.79;-1.27,-0.62,13.54;7.06,0.10
118.81046075,31.89290761,9.78;0.73,264.92,-0.37;-0.54,-6.64,0.53;-1.03,-1.59,0.12;-0.43,-1.18,8.99;7.06,0.00
118.81041077,31.89290412,9.84;0.27,264.71,0.32;-0.63,-6.87,0.11;0.57,-0.38,0.18;0.38,1.78,9.77;7.07,-0.20
118.81041077,31.89290412,9.84;0.27,264.71,0.32;-0.63,-6.87,0.11;0.57,-0.38,0.18;0.38,1.78,9.77;7.09,-0.10
118.81041077,31.89290412,9.84;0.27,264.71,0.32;-0.63,-6.87,0.11;0.57,-0.38,0.18;0.38,1.78,9.77;7.19,-0.10
118.81041077,31.89290412,9.84;0.27,264.71,0.32;-0.63,-6.87,0.11;0.57,-0.38,0.18;0.38,1.78,9.77;7.19,-0.10
118.81041077,31.89290412,9.84;0.27,264.71,0.32;-0.63,-6.87,0.11;0.57,-0.38,0.18;0.38,1.78,9.77;7.20,0.00
118.81041077,31.89290412,9.84;0.27,264.71,0.32;-0.63,-6.87,0.11;0.57,-0.38,0.18;0.38,1.78,9.77;7.22,0.00
118.81041077,31.89290412,9.84;0.27,264.71,0.32;-0.63,-6.87,0.11;0.57,-0.38,0.18;0.38,1.78,9.77;7.25,0.00
118.81041077,31.89290412,9.84;0.27,264.71,0.32;-0.63,-6.87,0.11;0.57,-0.38,0.18;0.38,1.78,9.77;7.27,0.00
118.81041077,31.89290412,9.84;0.27,264.71,0.32;-0.63,-6.87,0.11;0.57,-0.38,0.18;0.38,1.78,9.77;7.47,0.00
118.81041077,31.89290412,9.84;0.27,264.71,0.32;-0.63,-6.87,0.11;0.57,-0.38,0.18;0.38,1.78,9.77;7.47,0.10
118.81041077,31.89290412,9.84;0.27,264.71,0.32;-0.63,-6.87,0.11;0.57,-0.38,0.18;0.38,1.78,9.77;7.47,0.00
118.81041077,31.89290412,9.84;0.27,264.71,0.32;-0.63,-6.87,0.11;0.57,-0.38,0.18;0.38,1.78,9.77;7.50,0.00
118.81041077,31.89290412,9.84;0.27,264.71,0.32;-0.63,-6.87,0.11;0.57,-0.38,0.18;0.38,1.78,9.77;7.51,0.00
118.81041077,31.89290412,9.84;0.27,264.71,0.32;-0.63,-6.87,0.11;-0.45,0.43,0.22;0.04,0.56,10.12;7.53,-0.10
118.81035426,31.89290031,9.97;0.44,264.67,0.46;-0.66,-7.41,0.15;0.59,0.60,0.16;-0.03,0.94,10.04;7.53,-0.10
118.81035426,31.89290031,9.97;0.44,264.67,0.46;-0.66,-7.41,0.15;0.59,0.60,0.16;-0.03,0.94,10.04;7.55,-0.20
118.81035426,31.89290031,9.97;0.44,264.67,0.46;-0.66,-7.41,0.15;0.59,0.60,0.16;-0.03,0.94,10.04;7.55,-0.10
118.81035426,31.89290031,9.97;0.44,264.67,0.46;-0.66,-7.41,0.15;0.59,0.60,0.16;-0.03,0.94,10.04;7.78,-0.10
118.81035426,31.89290031,9.97;0.44,264.67,0.46;-0.66,-7.41,0.15;0.59,0.60,0.16;-0.03,0.94,10.04;7.80,-0.10
118.81035426,31.89290031,9.97;0.44,264.67,0.46;-0.66,-7.41,0.15;0.59,0.60,0.16;-0.03,0.94,10.04;7.81,-0.10
118.81035426,31.89290031,9.97;0.44,264.67,0.46;-0.66,-7.41,0.15;0.59,0.60,0.16;-0.03,0.94,10.04;7.82,0.00
118.81035426,31.89290031,9.97;0.44,264.67,0.46;-0.66,-7.41,0.15;0.59,0.60,0.16;-0.03,0.94,10.04;7.85,0.00
118.81035426,31.89290031,9.97;0.44,264.67,0.46;-0.66,-7.41,0.15;0.59,0.60,0.16;-0.03,0.94,10.04;7.87,0.00
118.81035426,31.89290031,9.97;0.44,264.67,0.46;-0.66,-7.41,0.15;0.59,0.60,0.16;-0.03,0.94,10.04;8.09,0.00
118.81035426,31.89290031,9.97;0.44,264.67,0.46;-0.66,-7.41,0.15;0.59,0.60,0.16;-0.03,0.94,10.04;8.12,0.00
118.81035426,31.89290031,9.97;0.44,264.67,0.46;-0.66,-7.41,0.15;0.59,0.60,0.16;-0.03,0.94,10.04;8.12,0.00
118.81035426,31.89290031,9.97;0.44,264.67,0.46;-0.66,-7.41,0.15;0.59,0.60,0.16;-0.03,0.94,10.04;8.13,0.00
118.81035426,31.89290031,9.97;0.44,264.67,0.46;-0.66,-7.41,0.15;0.59,0.60,0.16;-0.03,0.94,10.04;8.15,-0.10
118.81035426,31.89290031,9.97;0.44,264.67,0.46;-0.66,-7.41,0.15;0.93,1.68,0.37;0.05,1.02,9.63;8.18,-0.10
118.81029303,31.89289598,10.07;0.66,264.61,0.79;-0.71,-8.03,0.21;0.93,1.68,0.37;0.05,1.02,9.63;8.18,-0.10
118.81029303,31.89289598,10.07;0.66,264.61,0.79;-0.71,-8.03,0.21;0.93,1.68,0.37;0.05,1.02,9.63;8.40,-0.10
118.81029303,31.89289598,10.07;0.66,264.61,0.79;-0.71,-8.03,0.21;0.93,1.68,0.37;0.05,1.02,9.63;8.40,0.00
118.81029303,31.89289598,10.07;0.66,264.61,0.79;-0.71,-8.03,0.21;0.93,1.68,0.37;0.05,1.02,9.63;8.41,0.00
118.81029303,31.89289598,10.07;0.66,264.61,0.79;-0.71,-8.03,0.21;0.93,1.68,0.37;0.05,1.02,9.63;8.44,0.10
118.81029303,31.89289598,10.07;0.66,264.61,0.79;-0.71,-8.03,0.21;0.93,1.68,0.37;0.05,1.02,9.63;8.46,0.10
118.81029303,31.89289598,10.07;0.66,264.61,0.79;-0.71,-8.03,0.21;0.93,1.68,0.37;0.05,1.02,9.63;8.48,0.10
118.81029303,31.89289598,10.07;0.66,264.61,0.79;-0.71,-8.03,0.21;0.93,1.68,0.37;0.05,1.02,9.63;8.49,0.00
118.81029303,31.89289598,10.07;0.66,264.61,0.79;-0.71,-8.03,0.21;0.93,1.68,0.37;0.05,1.02,9.63;8.50,0.00
118.81029303,31.89289598,10.07;0.66,264.61,0.79;-0.71,-8.03,0.21;0.93,1.68,0.37;0.05,1.02,9.63;8.50,-0.10
118.81029303,31.89289598,10.07;0.66,264.61,0.79;-0.71,-8.03,0.21;0.93,1.68,0.37;0.05,1.02,9.63;8.74,-0.10
118.81029303,31.89289598,10.07;0.66,264.61,0.79;-0.71,-8.03,0.21;0.93,1.68,0.37;0.05,1.02,9.63;8.76,-0.20
118.81029303,31.89289598,10.07;0.66,264.61,0.79;-0.71,-8.03,0.21;0.93,1.68,0.37;0.05,1.02,9.63;8.78,-0.30
118.81029303,31.89289598,10.07;0.66,264.61,0.79;-0.71,-8.03,0.21;-3.75,-0.93,0.23;-0.18,1.07,8.98;8.80,-0.50
118.81029303,31.89289598,10.07;0.66,264.61,0.79;-0.71,-8.03,0.21;2.99,-1.61,0.21;-0.37,1.63,10.28;8.84,-0.50
118.81023124,31.89289141,10.19;0.41,264.57,0.57;-0.80,-8.68,0.17;2.99,-1.61,0.21;-0.37,1.63,10.28;8.86,-0.50
118.81023124,31.89289141,10.19;0.41,264.57,0.57;-0.80,-8.68,0.17;2.99,-1.61,0.21;-0.37,1.63,10.28;8.89,-0.80
118.81023124,31.89289141,10.19;0.41,264.57,0.57;-0.80,-8.68,0.17;2.99,-1.61,0.21;-0.37,1.63,10.28;9.16,-0.80
118.81023124,31.89289141,10.19;0.41,264.57,0.57;-0.80,-8.68,0.17;2.99,-1.61,0.21;-0.37,1.63,10.28;9.16,-0.90
118.81023124,31.89289141,10.19;0.41,264.57,0.57;-0.80,-8.68,0.17;2.99,-1.61,0.21;-0.37,1.63,10.28;9.18,-1.00
118.81023124,31.89289141,10.19;0.41,264.57,0.57;-0.80,-8.68,0.17;2.99,-1.61,0.21;-0.37,1.63,10.28;9.21,-1.10
118.81023124,31.89289141,10.19;0.41,264.57,0.57;-0.80,-8.68,0.17;2.99,-1.61,0.21;-0.37,1.63,10.28;9.22,-1.10
118.81023124,31.89289141,10.19;0.41,264.57,0.57;-0.80,-8.68,0.17;2.99,-1.61,0.21;-0.37,1.63,10.28;9.24,-1.00
118.81023124,31.89289141,10.19;0.41,264.57,0.57;-0.80,-8.68,0.17;2.99,-1.61,0.21;-0.37,1.63,10.28;9.48,-1.00
118.81023124,31.89289141,10.19;0.41,264.57,0.57;-0.80,-8.68,0.17;2.99,-1.61,0.21;-0.37,1.63,10.28;9.48,-1.10
118.81023124,31.89289141,10.19;0.41,264.57,0.57;-0.80,-8.68,0.17;2.99,-1.61,0.21;-0.37,1.63,10.28;9.48,-1.10
118.81023124,31.89289141,10.19;0.41,264.57,0.57;-0.80,-8.68,0.17;2.99,-1.61,0.21;-0.37,1.63,10.28;9.51,-1.10
118.81023124,31.89289141,10.19;0.41,264.57,0.57;-0.80,-8.68,0.17;0.26,1.48,0.03;0.34,1.28,10.98;9.53,-1.10
118.81023124,31.89289141,10.19;0.41,264.57,0.57;-0.80,-8.68,0.17;-2.01,-1.29,0.92;0.92,0.56,9.73;9.55,-1.10
118.81015947,31.89288586,10.42;-0.01,264.45,0.98;-0.83,-9.37,0.23;-2.01,-1.29,0.92;0.92,0.56,9.73;9.56,-1.20
118.81015947,31.89288586,10.42;-0.01,264.45,0.98;-0.83,-9.37,0.23;-2.01,-1.29,0.92;0.92,0.56,9.73;9.56,-1.20
118.81015947,31.89288586,10.42;-0.01,264.45,0.98;-0.83,-9.37,0.23;-2.01,-1.29,0.92;0.92,0.56,9.73;9.84,-1.20
118.81015947,31.89288586,10.42;-0.01,264.45,0.98;-0.83,-9.37,0.23;-2.01,-1.29,0.92;0.92,0.56,9.73;9.84,-2.30
118.81015947,31.89288586,10.42;-0.01,264.45,0.98;-0.83,-9.37,0.23;-2.01,-1.29,0.92;0.92,0.56,9.73;9.86,-2.60
118.81015947,31.89288586,10.42;-0.01,264.45,0.98;-0.83,-9.37,0.23;-2.01,-1.29,0.92;0.92,0.56,9.73;9.88,-2.80
118.81015947,31.89288586,10.42;-0.01,264.45,0.98;-0.83,-9.37,0.23;-2.01,-1.29,0.92;0.92,0.56,9.73;9.89,-3.00
118.81015947,31.89288586,10.42;-0.01,264.45,0.98;-0.83,-9.37,0.23;-2.01,-1.29,0.92;0.92,0.56,9.73;9.91,-3.20
118.81015947,31.89288586,10.42;-0.01,264.45,0.98;-0.83,-9.37,0.23;-2.01,-1.29,0.92;0.92,0.56,9.73;10.07,-3.20
118.81015947,31.89288586,10.42;-0.01,264.45,0.98;-0.83,-9.37,0.23;-2.01,-1.29,0.92;0.92,0.56,9.73;10.07,-3.20
118.81015947,31.89288586,10.42;-0.01,264.45,0.98;-0.83,-9.37,0.23;-2.01,-1.29,0.92;0.92,0.56,9.73;10.08,-3.10
118.81015947,31.89288586,10.42;-0.01,264.45,0.98;-0.83,-9.37,0.23;-2.01,-1.29,0.92;0.92,0.56,9.73;10.10,-3.00
118.81015947,31.89288586,10.42;-0.01,264.45,0.98;-0.83,-9.37,0.23;2.09,0.16,-0.50;0.46,0.40,8.33;10.13,-2.90
118.81015947,31.89288586,10.42;-0.01,264.45,0.98;-0.83,-9.37,0.23;0.19,-1.31,-0.44;0.28,0.86,10.56;10.15,-2.90
118.81015947,31.89288586,10.42;-0.01,264.45,0.98;-0.83,-9.37,0.23;0.19,-1.31,-0.44;0.28,0.86,10.56;10.16,-2.90
118.81008840,31.89288008,10.66;-0.08,264.76,1.70;-0.86,-9.80,0.41;0.19,-1.31,-0.44;0.28,0.86,10.56;10.17,-2.90
118.81008840,31.89288008,10.66;-0.08,264.76,1.70;-0.86,-9.80,0.41;0.19,-1.31,-0.44;0.28,0.86,10.56;10.17,-2.80
118.81008840,31.89288008,10.66;-0.08,264.76,1.70;-0.86,-9.80,0.41;0.19,-1.31,-0.44;0.28,0.86,10.56;10.30,-2.80
118.81008840,31.89288008,10.66;-0.08,264.76,1.70;-0.86,-9.80,0.41;0.19,-1.31,-0.44;0.28,0.86,10.56;10.31,-2.80
118.81008840,31.89288008,10.66;-0.08,264.76,1.70;-0.86,-9.80,0.41;0.19,-1.31,-0.44;0.28,0.86,10.56;10.32,-2.80
118.81008840,31.89288008,10.66;-0.08,264.76,1.70;-0.86,-9.80,0.41;0.19,-1.31,-0.44;0.28,0.86,10.56;10.34,-2.80
118.81008840,31.89288008,10.66;-0.08,264.76,1.70;-0.86,-9.80,0.41;0.19,-1.31,-0.44;0.28,0.86,10.56;10.34,-2.80
118.81008840,31.89288008,10.66;-0.08,264.76,1.70;-0.86,-9.80,0.41;0.19,-1.31,-0.44;0.28,0.86,10.56;10.35,-2.80
118.81008840,31.89288008,10.66;-0.08,264.76,1.70;-0.86,-9.80,0.41;0.19,-1.31,-0.44;0.28,0.86,10.56;10.36,-2.60
118.81008840,31.89288008,10.66;-0.08,264.76,1.70;-0.86,-9.80,0.41;0.19,-1.31,-0.44;0.28,0.86,10.56;10.49,-2.50
118.81008840,31.89288008,10.66;-0.08,264.76,1.70;-0.86,-9.80,0.41;0.19,-1.31,-0.44;0.28,0.86,10.56;10.49,-2.40
118.81008840,31.89288008,10.66;-0.08,264.76,1.70;-0.86,-9.80,0.41;0.19,-1.31,-0.44;0.28,0.86,10.56;10.49,-2.20
118.81008840,31.89288008,10.66;-0.08,264.76,1.70;-0.86,-9.80,0.41;2.15,-1.54,-0.30;0.21,0.79,10.18;10.50,-2.20
118.81008840,31.89288008,10.66;-0.08,264.76,1.70;-0.86,-9.80,0.41;2.15,-1.54,-0.30;0.21,0.79,10.18;10.52,-2.20
118.81000938,31.89287421,11.01;-0.06,265.04,2.33;-0.84,-10.15,0.49;2.15,-1.54,-0.30;0.21,0.79,10.18;10.53,-2.20
118.81000938,31.89287421,11.01;-0.06,265.04,2.33;-0.84,-10.15,0.49;2.15,-1.54,-0.30;0.21,0.79,10.18;10.65,-2.20
118.81000938,31.89287421,11.01;-0.06,265.04,2.33;-0.84,-10.15,0.49;2.15,-1.54,-0.30;0.21,0.79,10.18;10.65,-1.40
118.81000938,31.89287421,11.01;-0.06,265.04,2.33;-0.84,-10.15,0.49;2.15,-1.54,-0.30;0.21,0.79,10.18;10.67,-1.50
118.81000938,31.89287421,11.01;-0.06,265.04,2.33;-0.84,-10.15,0.49;2.15,-1.54,-0.30;0.21,0.79,10.18;10.69,-1.70
118.81000938,31.89287421,11.01;-0.06,265.04,2.33;-0.84,-10.15,0.49;2.15,-1.54,-0.30;0.21,0.79,10.18;10.70,-1.80
118.81000938,31.89287421,11.01;-0.06,265.04,2.33;-0.84,-10.15,0.49;2.15,-1.54,-0.30;0.21,0.79,10.18;10.71,-1.90
118.81000938,31.89287421,11.01;-0.06,265.04,2.33;-0.84,-10.15,0.49;2.15,-1.54,-0.30;0.21,0.79,10.18;10.72,-1.90
118.81000938,31.89287421,11.01;-0.06,265.04,2.33;-0.84,-10.15,0.49;2.15,-1.54,-0.30;0.21,0.79,10.18;10.71,-1.90
