  longitude ,  latitude ,high;roll,yaw,pitch;n_vel,e_vel,u_vel;angleSpeedx_y_z;lineAccx_y_z;speed,steeringAngle
118.81109687,31.89294061,9.10;0.49,267.23,-0.02;-0.12,-3.36,0.02;0.25,0.18,-2.65;0.09,1.13,9.75;3.34,-34.40
118.81109687,31.89294061,9.10;0.49,267.23,-0.02;-0.12,-3.36,0.02;0.25,0.18,-2.65;0.09,1.13,9.75;3.37,-34.00
118.81109687,31.89294061,9.10;0.49,267.23,-0.02;-0.12,-3.36,0.02;0.25,0.18,-2.65;0.09,1.13,9.75;3.39,-33.60
118.81109687,31.89294061,9.10;0.49,267.23,-0.02;-0.12,-3.36,0.02;0.25,0.18,-2.65;0.09,1.13,9.75;3.66,-24.10
118.81109687,31.89294061,9.10;0.49,267.23,-0.02;-0.12,-3.36,0.02;0.25,0.18,-2.65;0.09,1.13,9.75;3.66,-23.50
118.81109687,31.89294061,9.10;0.49,267.23,-0.02;-0.12,-3.36,0.02;0.25,0.18,-2.65;0.09,1.13,9.75;3.68,-21.90
118.81109687,31.89294061,9.10;0.49,267.23,-0.02;-0.12,-3.36,0.02;0.25,0.18,-2.65;0.09,1.13,9.75;3.70,-20.20
118.81109687,31.89294061,9.10;0.49,267.23,-0.02;-0.12,-3.36,0.02;0.25,0.18,-2.65;0.09,1.13,9.75;3.72,-19.40
118.81109687,31.89294061,9.10;0.49,267.23,-0.02;-0.12,-3.36,0.02;0.25,0.18,-2.65;0.09,1.13,9.75;3.74,-17.40
118.81109687,31.89294061,9.10;0.49,267.23,-0.02;-0.12,-3.36,0.02;0.25,0.18,-2.65;0.09,1.13,9.75;3.76,-15.30
118.81109687,31.89294061,9.10;0.49,267.23,-0.02;-0.12,-3.36,0.02;0.25,0.18,-2.65;0.09,1.13,9.75;3.78,-13.20
118.81109687,31.89294061,9.10;0.49,267.23,-0.02;-0.12,-3.36,0.02;0.25,0.18,-2.65;0.09,1.13,9.75;4.07,6.20
118.81109687,31.89294061,9.10;0.49,267.23,-0.02;-0.12,-3.36,0.02;0.25,0.18,-2.65;0.09,1.13,9.75;4.09,6.40
118.81109687,31.89294061,9.10;0.49,267.23,-0.02;-0.12,-3.36,0.02;0.41,0.30,-1.28;0.10,1.04,9.74;4.11,6.30
118.81106709,31.89294015,9.16;0.44,267.95,0.06;-0.10,-4.12,0.06;-0.70,-0.40,0.72;-0.04,0.97,9.86;4.13,6.00
118.81106709,31.89294015,9.16;0.44,267.95,0.06;-0.10,-4.12,0.06;-0.70,-0.40,0.72;-0.04,0.97,9.86;4.16,5.40
118.81106709,31.89294015,9.16;0.44,267.95,0.06;-0.10,-4.12,0.06;-0.70,-0.40,0.72;-0.04,0.97,9.86;4.16,5.20
118.81106709,31.89294015,9.16;0.44,267.95,0.06;-0.10,-4.12,0.06;-0.70,-0.40,0.72;-0.04,0.97,9.86;4.18,4.70
118.81106709,31.89294015,9.16;0.44,267.95,0.06;-0.10,-4.12,0.06;-0.70,-0.40,0.72;-0.04,0.97,9.86;4.19,5.90
118.81106709,31.89294015,9.16;0.44,267.95,0.06;-0.10,-4.12,0.06;-0.70,-0.40,0.72;-0.04,0.97,9.86;4.44,6.00
118.81106709,31.89294015,9.16;0.44,267.95,0.06;-0.10,-4.12,0.06;-0.70,-0.40,0.72;-0.04,0.97,9.86;4.44,6.10
118.81106709,31.89294015,9.16;0.44,267.95,0.06;-0.10,-4.12,0.06;-0.70,-0.40,0.72;-0.04,0.97,9.86;4.48,6.30
118.81106709,31.89294015,9.16;0.44,267.95,0.06;-0.10,-4.12,0.06;-0.70,-0.40,0.72;-0.04,0.97,9.86;4.48,6.50
118.81106709,31.89294015,9.16;0.44,267.95,0.06;-0.10,-4.12,0.06;-0.70,-0.40,0.72;-0.04,0.97,9.86;4.54,6.60
118.81106709,31.89294015,9.16;0.44,267.95,0.06;-0.10,-4.12,0.06;-0.70,-0.40,0.72;-0.04,0.97,9.86;4.54,6.80
118.81106709,31.89294015,9.16;0.44,267.95,0.06;-0.10,-4.12,0.06;-0.70,-0.40,0.72;-0.04,0.97,9.86;4.75,11.30
118.81106709,31.89294015,9.16;0.44,267.95,0.06;-0.10,-4.12,0.06;-0.70,-0.40,0.72;-0.04,0.97,9.86;4.75,11.60
118.81106709,31.89294015,9.16;0.44,267.95,0.06;-0.10,-4.12,0.06;0.21,0.30,1.49;0.00,0.89,9.59;4.76,12.10
118.81106709,31.89294015,9.16;0.44,267.95,0.06;-0.10,-4.12,0.06;0.18,1.04,1.51;-0.18,0.92,10.07;4.79,12.60
118.81103420,31.89293916,9.22;0.59,267.36,-0.01;-0.16,-4.73,0.06;0.18,1.04,1.51;-0.18,0.92,10.07;4.80,12.90
118.81103420,31.89293916,9.22;0.59,267.36,-0.01;-0.16,-4.73,0.06;0.18,1.04,1.51;-0.18,0.92,10.07;4.81,13.50
118.81103420,31.89293916,9.22;0.59,267.36,-0.01;-0.16,-4.73,0.06;0.18,1.04,1.51;-0.18,0.92,10.07;4.84,14.00
118.81103420,31.89293916,9.22;0.59,267.36,-0.01;-0.16,-4.73,0.06;0.18,1.04,1.51;-0.18,0.92,10.07;4.86,14.70
118.81103420,31.89293916,9.22;0.59,267.36,-0.01;-0.16,-4.73,0.06;0.18,1.04,1.51;-0.18,0.92,10.07;4.86,23.50
118.81103420,31.89293916,9.22;0.59,267.36,-0.01;-0.16,-4.73,0.06;0.18,1.04,1.51;-0.18,0.92,10.07;5.07,24.30
118.81103420,31.89293916,9.22;0.59,267.36,-0.01;-0.16,-4.73,0.06;0.18,1.04,1.51;-0.18,0.92,10.07;5.09,25.20
118.81103420,31.89293916,9.22;0.59,267.36,-0.01;-0.16,-4.73,0.06;0.18,1.04,1.51;-0.18,0.92,10.07;5.10,26.10
118.81103420,31.89293916,9.22;0.59,267.36,-0.01;-0.16,-4.73,0.06;0.18,1.04,1.51;-0.18,0.92,10.07;5.12,26.90
118.81103420,31.89293916,9.22;0.59,267.36,-0.01;-0.16,-4.73,0.06;0.18,1.04,1.51;-0.18,0.92,10.07;5.14,27.50
118.81103420,31.89293916,9.22;0.59,267.36,-0.01;-0.16,-4.73,0.06;0.18,1.04,1.51;-0.18,0.92,10.07;5.16,27.70
118.81103420,31.89293916,9.22;0.59,267.36,-0.01;-0.16,-4.73,0.06;0.18,1.04,1.51;-0.18,0.92,10.07;5.17,8.70
118.81103420,31.89293916,9.22;0.59,267.36,-0.01;-0.16,-4.73,0.06;0.18,1.04,1.51;-0.18,0.92,10.07;5.35,7.20
118.81103420,31.89293916,9.22;0.59,267.36,-0.01;-0.16,-4.73,0.06;-0.36,-1.29,0.24;-0.22,0.97,9.83;5.36,4.30
118.81099459,31.89293745,9.26;0.70,265.71,0.01;-0.36,-5.27,0.08;-0.36,-1.29,0.24;-0.22,0.97,9.83;5.38,1.30
118.81099459,31.89293745,9.26;0.70,265.71,0.01;-0.36,-5.27,0.08;-0.36,-1.29,0.24;-0.22,0.97,9.83;5.39,-1.80
118.81099459,31.89293745,9.26;0.70,265.71,0.01;-0.36,-5.27,0.08;-0.36,-1.29,0.24;-0.22,0.97,9.83;5.41,-5.00
118.81099459,31.89293745,9.26;0.70,265.71,0.01;-0.36,-5.27,0.08;-0.36,-1.29,0.24;-0.22,0.97,9.83;5.42,-8.10
118.81099459,31.89293745,9.26;0.70,265.71,0.01;-0.36,-5.27,0.08;-0.36,-1.29,0.24;-0.22,0.97,9.83;5.60,-33.70
118.81099459,31.89293745,9.26;0.70,265.71,0.01;-0.36,-5.27,0.08;-0.36,-1.29,0.24;-0.22,0.97,9.83;5.60,-34.30
118.81099459,31.89293745,9.26;0.70,265.71,0.01;-0.36,-5.27,0.08;-0.36,-1.29,0.24;-0.22,0.97,9.83;5.62,-35.40
118.81099459,31.89293745,9.26;0.70,265.71,0.01;-0.36,-5.27,0.08;-0.36,-1.29,0.24;-0.22,0.97,9.83;5.63,-36.40
118.81099459,31.89293745,9.26;0.70,265.71,0.01;-0.36,-5.27,0.08;-0.36,-1.29,0.24;-0.22,0.97,9.83;5.65,-36.80
118.81099459,31.89293745,9.26;0.70,265.71,0.01;-0.36,-5.27,0.08;-0.36,-1.29,0.24;-0.22,0.97,9.83;5.65,-37.60
118.81099459,31.89293745,9.26;0.70,265.71,0.01;-0.36,-5.27,0.08;-0.36,-1.29,0.24;-0.22,0.97,9.83;5.67,-38.30
118.81099459,31.89293745,9.26;0.70,265.71,0.01;-0.36,-5.27,0.08;-0.36,-1.29,0.24;-0.22,0.97,9.83;5.69,-38.60
118.81099459,31.89293745,9.26;0.70,265.71,0.01;-0.36,-5.27,0.08;-0.36,-1.29,0.24;-0.22,0.97,9.83;5.85,-38.60
118.81099459,31.89293745,9.26;0.70,265.71,0.01;-0.36,-5.27,0.08;0.51,-0.81,-3.19;0.54,0.79,9.87;5.87,-40.20
118.81099459,31.89293745,9.26;0.70,265.71,0.01;-0.36,-5.27,0.08;-0.18,-0.48,-5.73;0.59,0.74,9.42;5.87,-40.10
118.81095396,31.89293593,9.29;0.55,268.88,0.04;-0.07,-5.72,0.05;-0.18,-0.48,-5.73;0.59,0.74,9.42;5.89,-40.20
118.81095396,31.89293593,9.29;0.55,268.88,0.04;-0.07,-5.72,0.05;-0.18,-0.48,-5.73;0.59,0.74,9.42;5.89,-40.20
118.81095396,31.89293593,9.29;0.55,268.88,0.04;-0.07,-5.72,0.05;-0.18,-0.48,-5.73;0.59,0.74,9.42;5.91,-40.10
118.81095396,31.89293593,9.29;0.55,268.88,0.04;-0.07,-5.72,0.05;-0.18,-0.48,-5.73;0.59,0.74,9.42;5.91,-31.00
118.81095396,31.89293593,9.29;0.55,268.88,0.04;-0.07,-5.72,0.05;-0.18,-0.48,-5.73;0.59,0.74,9.42;5.91,-30.20
118.81095396,31.89293593,9.29;0.55,268.88,0.04;-0.07,-5.72,0.05;-0.18,-0.48,-5.73;0.59,0.74,9.42;6.08,-28.30
118.81095396,31.89293593,9.29;0.55,268.88,0.04;-0.07,-5.72,0.05;-0.18,-0.48,-5.73;0.59,0.74,9.42;6.09,-26.30
118.81095396,31.89293593,9.29;0.55,268.88,0.04;-0.07,-5.72,0.05;-0.18,-0.48,-5.73;0.59,0.74,9.42;6.10,-25.30
118.81095396,31.89293593,9.29;0.55,268.88,0.04;-0.07,-5.72,0.05;-0.18,-0.48,-5.73;0.59,0.74,9.42;6.12,-23.00
118.81095396,31.89293593,9.29;0.55,268.88,0.04;-0.07,-5.72,0.05;-0.18,-0.48,-5.73;0.59,0.74,9.42;6.13,-20.50
118.81095396,31.89293593,9.29;0.55,268.88,0.04;-0.07,-5.72,0.05;-0.18,-0.48,-5.73;0.59,0.74,9.42;6.14,-17.70
118.81095396,31.89293593,9.29;0.55,268.88,0.04;-0.07,-5.72,0.05;-0.18,-0.48,-5.73;0.59,0.74,9.42;6.14,22.20
118.81095396,31.89293593,9.29;0.55,268.88,0.04;-0.07,-5.72,0.05;-0.11,0.58,4.04;-0.37,0.57,9.91;6.28,24.40
118.81095396,31.89293593,9.29;0.55,268.88,0.04;-0.07,-5.72,0.05;-0.11,0.58,4.04;-0.37,0.57,9.91;6.28,26.40
118.81090691,31.89293643,9.33;0.89,269.95,-0.28;0.09,-6.10,0.05;-0.11,0.58,4.04;-0.37,0.57,9.91;6.28,28.40
118.81090691,31.89293643,9.33;0.89,269.95,-0.28;0.09,-6.10,0.05;-0.11,0.58,4.04;-0.37,0.57,9.91;6.28,30.30
118.81090691,31.89293643,9.33;0.89,269.95,-0.28;0.09,-6.10,0.05;-0.11,0.58,4.04;-0.37,0.57,9.91;6.29,32.10
118.81090691,31.89293643,9.33;0.89,269.95,-0.28;0.09,-6.10,0.05;-0.11,0.58,4.04;-0.37,0.57,9.91;6.30,32.90
118.81090691,31.89293643,9.33;0.89,269.95,-0.28;0.09,-6.10,0.05;-0.11,0.58,4.04;-0.37,0.57,9.91;6.30,43.80
118.81090691,31.89293643,9.33;0.89,269.95,-0.28;0.09,-6.10,0.05;-0.11,0.58,4.04;-0.37,0.57,9.91;6.41,43.60
118.81090691,31.89293643,9.33;0.89,269.95,-0.28;0.09,-6.10,0.05;-0.11,0.58,4.04;-0.37,0.57,9.91;6.41,43.30
118.81090691,31.89293643,9.33;0.89,269.95,-0.28;0.09,-6.10,0.05;-0.11,0.58,4.04;-0.37,0.57,9.91;6.41,42.80
118.81090691,31.89293643,9.33;0.89,269.95,-0.28;0.09,-6.10,0.05;-0.11,0.58,4.04;-0.37,0.57,9.91;6.42,42.30
118.81090691,31.89293643,9.33;0.89,269.95,-0.28;0.09,-6.10,0.05;-0.11,0.58,4.04;-0.37,0.57,9.91;6.42,41.70
118.81090691,31.89293643,9.33;0.89,269.95,-0.28;0.09,-6.10,0.05;-0.11,0.58,4.04;-0.37,0.57,9.91;6.44,41.10
118.81090691,31.89293643,9.33;0.89,269.95,-0.28;0.09,-6.10,0.05;-0.11,0.58,4.04;-0.37,0.57,9.91;6.53,32.70
118.81090691,31.89293643,9.33;0.89,269.95,-0.28;0.09,-6.10,0.05;0.17,0.46,5.28;-0.73,0.33,9.90;6.53,32.20
118.81090691,31.89293643,9.33;0.89,269.95,-0.28;0.09,-6.10,0.05;0.17,0.46,5.28;-0.73,0.33,9.90;6.55,31.20
118.81090691,31.89293643,9.33;0.89,269.95,-0.28;0.09,-6.10,0.05;0.17,0.46,5.28;-0.73,0.33,9.90;6.55,30.20
118.81086084,31.89293542,9.40;0.95,265.70,0.04;-0.40,-6.32,0.08;0.17,0.46,5.28;-0.73,0.33,9.90;6.56,29.70
118.81086084,31.89293542,9.40;0.95,265.70,0.04;-0.40,-6.32,0.08;0.17,0.46,5.28;-0.73,0.33,9.90;6.57,28.50
118.81086084,31.89293542,9.40;0.95,265.70,0.04;-0.40,-6.32,0.08;0.17,0.46,5.28;-0.73,0.33,9.90;6.57,27.20
118.81086084,31.89293542,9.40;0.95,265.70,0.04;-0.40,-6.32,0.08;0.17,0.46,5.28;-0.73,0.33,9.90;6.57,25.80
118.81086084,31.89293542,9.40;0.95,265.70,0.04;-0.40,-6.32,0.08;0.17,0.46,5.28;-0.73,0.33,9.90;6.64,-2.50
118.81086084,31.89293542,9.40;0.95,265.70,0.04;-0.40,-6.32,0.08;0.17,0.46,5.28;-0.73,0.33,9.90;6.65,-5.00
118.81086084,31.89293542,9.40;0.95,265.70,0.04;-0.40,-6.32,0.08;0.17,0.46,5.28;-0.73,0.33,9.90;6.67,-7.30
118.81086084,31.89293542,9.40;0.95,265.70,0.04;-0.40,-6.32,0.08;0.17,0.46,5.28;-0.73,0.33,9.90;6.67,-9.30
118.81086084,31.89293542,9.40;0.95,265.70,0.04;-0.40,-6.32,0.08;0.17,0.46,5.28;-0.73,0.33,9.90;6.68,-11.20
118.81086084,31.89293542,9.40;0.95,265.70,0.04;-0.40,-6.32,0.08;0.17,0.46,5.28;-0.73,0.33,9.90;6.68,-13.00
118.81086084,31.89293542,9.40;0.95,265.70,0.04;-0.40,-6.32,0.08;0.17,0.46,5.28;-0.73,0.33,9.90;6.68,-13.70
118.81086084,31.89293542,9.40;0.95,265.70,0.04;-0.40,-6.32,0.08;0.17,0.46,5.28;-0.73,0.33,9.90;6.68,-28.90
118.81086084,31.89293542,9.40;0.95,265.70,0.04;-0.40,-6.32,0.08;-0.06,0.33,-4.47;0.58,0.15,10.22;6.74,-29.40
118.81086084,31.89293542,9.40;0.95,265.70,0.04;-0.40,-6.32,0.08;-0.06,0.33,-4.47;0.58,0.15,10.22;6.74,-30.30
118.81081011,31.89293238,9.49;0.56,266.68,0.12;-0.34,-6.48,0.10;-0.06,0.33,-4.47;0.58,0.15,10.22;6.74,-31.10
118.81081011,31.89293238,9.49;0.56,266.68,0.12;-0.34,-6.48,0.10;-0.06,0.33,-4.47;0.58,0.15,10.22;6.75,-31.80
118.81081011,31.89293238,9.49;0.56,266.68,0.12;-0.34,-6.48,0.10;-0.06,0.33,-4.47;0.58,0.15,10.22;6.75,-32.30
118.81081011,31.89293238,9.49;0.56,266.68,0.12;-0.34,-6.48,0.10;-0.06,0.33,-4.47;0.58,0.15,10.22;6.74,-32.80
118.81081011,31.89293238,9.49;0.56,266.68,0.12;-0.34,-6.48,0.10;-0.06,0.33,-4.47;0.58,0.15,10.22;6.80,-27.80
118.81081011,31.89293238,9.49;0.56,266.68,0.12;-0.34,-6.48,0.10;-0.06,0.33,-4.47;0.58,0.15,10.22;6.80,-27.00
118.81081011,31.89293238,9.49;0.56,266.68,0.12;-0.34,-6.48,0.10;-0.06,0.33,-4.47;0.58,0.15,10.22;6.80,-25.30
118.81081011,31.89293238,9.49;0.56,266.68,0.12;-0.34,-6.48,0.10;-0.06,0.33,-4.47;0.58,0.15,10.22;6.80,-23.30
118.81081011,31.89293238,9.49;0.56,266.68,0.12;-0.34,-6.48,0.10;-0.06,0.33,-4.47;0.58,0.15,10.22;6.81,-22.30
118.81081011,31.89293238,9.49;0.56,266.68,0.12;-0.34,-6.48,0.10;-0.06,0.33,-4.47;0.58,0.15,10.22;6.81,-20.20
118.81081011,31.89293238,9.49;0.56,266.68,0.12;-0.34,-6.48,0.10;-0.06,0.33,-4.47;0.58,0.15,10.22;6.82,-18.00
118.81081011,31.89293238,9.49;0.56,266.68,0.12;-0.34,-6.48,0.10;-0.06,0.33,-4.47;0.58,0.15,10.22;6.83,-15.70
118.81081011,31.89293238,9.49;0.56,266.68,0.12;-0.34,-6.48,0.10;0.12,1.05,1.71;-0.19,0.12,10.10;6.83,11.00
118.81081011,31.89293238,9.49;0.56,266.68,0.12;-0.34,-6.48,0.10;0.12,1.05,1.71;-0.19,0.12,10.10;6.88,12.20
118.81081011,31.89293238,9.49;0.56,266.68,0.12;-0.34,-6.48,0.10;0.12,1.05,1.71;-0.19,0.12,10.10;6.88,13.30
118.81076160,31.89293135,9.56;0.71,268.29,0.07;-0.13,-6.63,0.11;0.12,1.05,1.71;-0.19,0.12,10.10;6.89,14.20
118.81076160,31.89293135,9.56;0.71,268.29,0.07;-0.13,-6.63,0.11;0.12,1.05,1.71;-0.19,0.12,10.10;6.89,14.90
118.81076160,31.89293135,9.56;0.71,268.29,0.07;-0.13,-6.63,0.11;0.12,1.05,1.71;-0.19,0.12,10.10;6.89,15.60
118.81076160,31.89293135,9.56;0.71,268.29,0.07;-0.13,-6.63,0.11;0.12,1.05,1.71;-0.19,0.12,10.10;6.90,15.80
118.81076160,31.89293135,9.56;0.71,268.29,0.07;-0.13,-6.63,0.11;0.12,1.05,1.71;-0.19,0.12,10.10;6.90,21.30
118.81076160,31.89293135,9.56;0.71,268.29,0.07;-0.13,-6.63,0.11;0.12,1.05,1.71;-0.19,0.12,10.10;6.95,21.40
118.81076160,31.89293135,9.56;0.71,268.29,0.07;-0.13,-6.63,0.11;0.12,1.05,1.71;-0.19,0.12,10.10;6.95,21.60
118.81076160,31.89293135,9.56;0.71,268.29,0.07;-0.13,-6.63,0.11;0.12,1.05,1.71;-0.19,0.12,10.10;6.95,21.80
118.81076160,31.89293135,9.56;0.71,268.29,0.07;-0.13,-6.63,0.11;0.12,1.05,1.71;-0.19,0.12,10.10;6.95,21.90
118.81076160,31.89293135,9.56;0.71,268.29,0.07;-0.13,-6.63,0.11;0.12,1.05,1.71;-0.19,0.12,10.10;6.95,21.90
118.81076160,31.89293135,9.56;0.71,268.29,0.07;-0.13,-6.63,0.11;0.12,1.05,1.71;-0.19,0.12,10.10;6.95,21.70
118.81076160,31.89293135,9.56;0.71,268.29,0.07;-0.13,-6.63,0.11;-1.06,-0.14,1.91;-0.06,0.19,10.15;7.01,6.60
118.81076160,31.89293135,9.56;0.71,268.29,0.07;-0.13,-6.63,0.11;-1.06,-0.14,1.91;-0.06,0.19,10.15;7.01,5.80
118.81076160,31.89293135,9.56;0.71,268.29,0.07;-0.13,-6.63,0.11;-1.06,-0.14,1.91;-0.06,0.19,10.15;7.01,3.90
118.81070851,31.89292973,9.62;0.45,266.31,0.20;-0.40,-6.74,0.07;-1.06,-0.14,1.91;-0.06,0.19,10.15;7.01,2.00
118.81070851,31.89292973,9.62;0.45,266.31,0.20;-0.40,-6.74,0.07;-1.06,-0.14,1.91;-0.06,0.19,10.15;7.01,1.00
118.81070851,31.89292973,9.62;0.45,266.31,0.20;-0.40,-6.74,0.07;-1.06,-0.14,1.91;-0.06,0.19,10.15;7.01,-0.90
118.81070851,31.89292973,9.62;0.45,266.31,0.20;-0.40,-6.74,0.07;-1.06,-0.14,1.91;-0.06,0.19,10.15;7.03,-2.70
118.81070851,31.89292973,9.62;0.45,266.31,0.20;-0.40,-6.74,0.07;-1.06,-0.14,1.91;-0.06,0.19,10.15;7.03,-3.70
118.81070851,31.89292973,9.62;0.45,266.31,0.20;-0.40,-6.74,0.07;-1.06,-0.14,1.91;-0.06,0.19,10.15;7.07,-3.70
118.81070851,31.89292973,9.62;0.45,266.31,0.20;-0.40,-6.74,0.07;-1.06,-0.14,1.91;-0.06,0.19,10.15;7.07,-14.10
118.81070851,31.89292973,9.62;0.45,266.31,0.20;-0.40,-6.74,0.07;-1.06,-0.14,1.91;-0.06,0.19,10.15;7.07,-14.70
118.81070851,31.89292973,9.62;0.45,266.31,0.20;-0.40,-6.74,0.07;-1.06,-0.14,1.91;-0.06,0.19,10.15;7.07,-15.20
118.81070851,31.89292973,9.62;0.45,266.31,0.20;-0.40,-6.74,0.07;-1.06,-0.14,1.91;-0.06,0.19,10.15;7.08,-15.80
118.81070851,31.89292973,9.62;0.45,266.31,0.20;-0.40,-6.74,0.07;-1.06,-0.14,1.91;-0.06,0.19,10.15;7.08,-16.30
118.81070851,31.89292973,9.62;0.45,266.31,0.20;-0.40,-6.74,0.07;0.60,0.22,-1.67;0.27,0.19,9.22;7.08,-20.10
118.81070851,31.89292973,9.62;0.45,266.31,0.20;-0.40,-6.74,0.07;-0.10,0.05,-3.29;0.54,0.20,9.85;7.08,-20.10
118.81070851,31.89292973,9.62;0.45,266.31,0.20;-0.40,-6.74,0.07;-0.10,0.05,-3.29;0.54,0.20,9.85;7.10,-20.10
118.81070851,31.89292973,9.62;0.45,266.31,0.20;-0.40,-6.74,0.07;-0.10,0.05,-3.29;0.54,0.20,9.85;7.10,-20.00
118.81065486,31.89292762,9.69;0.30,268.17,0.09;-0.18,-6.78,0.12;-0.10,0.05,-3.29;0.54,0.20,9.85;7.11,-19.90
118.81065486,31.89292762,9.69;0.30,268.17,0.09;-0.18,-6.78,0.12;-0.10,0.05,-3.29;0.54,0.20,9.85;7.10,-19.70
118.81065486,31.89292762,9.69;0.30,268.17,0.09;-0.18,-6.78,0.12;-0.10,0.05,-3.29;0.54,0.20,9.85;7.09,-19.50
118.81065486,31.89292762,9.69;0.30,268.17,0.09;-0.18,-6.78,0.12;-0.10,0.05,-3.29;0.54,0.20,9.85;7.08,-19.20
118.81065486,31.89292762,9.69;0.30,268.17,0.09;-0.18,-6.78,0.12;-0.10,0.05,-3.29;0.54,0.20,9.85;7.08,-11.40
118.81065486,31.89292762,9.69;0.30,268.17,0.09;-0.18,-6.78,0.12;-0.10,0.05,-3.29;0.54,0.20,9.85;7.05,-10.00
118.81065486,31.89292762,9.69;0.30,268.17,0.09;-0.18,-6.78,0.12;-0.10,0.05,-3.29;0.54,0.20,9.85;7.05,-8.40
118.81065486,31.89292762,9.69;0.30,268.17,0.09;-0.18,-6.78,0.12;-0.10,0.05,-3.29;0.54,0.20,9.85;7.04,-6.50
118.81065486,31.89292762,9.69;0.30,268.17,0.09;-0.18,-6.78,0.12;-0.10,0.05,-3.29;0.54,0.20,9.85;7.04,-4.60
118.81065486,31.89292762,9.69;0.30,268.17,0.09;-0.18,-6.78,0.12;-0.10,0.05,-3.29;0.54,0.20,9.85;7.04,-2.50
118.81065486,31.89292762,9.69;0.30,268.17,0.09;-0.18,-6.78,0.12;-0.10,0.05,-3.29;0.54,0.20,9.85;7.04,-1.50
118.81065486,31.89292762,9.69;0.30,268.17,0.09;-0.18,-6.78,0.12;-0.38,-0.78,-2.72;0.45,-0.14,10.38;6.98,9.80
118.81065486,31.89292762,9.69;0.30,268.17,0.09;-0.18,-6.78,0.12;0.20,0.45,1.77;-0.17,-0.18,9.66;6.98,9.80
118.81065486,31.89292762,9.69;0.30,268.17,0.09;-0.18,-6.78,0.12;0.20,0.45,1.77;-0.17,-0.18,9.66;6.98,9.60
118.81065486,31.89292762,9.69;0.30,268.17,0.09;-0.18,-6.78,0.12;0.20,0.45,1.77;-0.17,-0.18,9.66;6.98,9.40
118.81060511,31.89292693,9.77;0.45,268.43,0.12;-0.13,-6.66,0.13;0.20,0.45,1.77;-0.17,-0.18,9.66;6.98,9.00
118.81060511,31.89292693,9.77;0.45,268.43,0.12;-0.13,-6.66,0.13;0.20,0.45,1.77;-0.17,-0.18,9.66;6.98,8.60
118.81060511,31.89292693,9.77;0.45,268.43,0.12;-0.13,-6.66,0.13;0.20,0.45,1.77;-0.17,-0.18,9.66;6.96,8.00
118.81060511,31.89292693,9.77;0.45,268.43,0.12;-0.13,-6.66,0.13;0.20,0.45,1.77;-0.17,-0.18,9.66;6.93,-6.80
118.81060511,31.89292693,9.77;0.45,268.43,0.12;-0.13,-6.66,0.13;0.20,0.45,1.77;-0.17,-0.18,9.66;6.93,-7.40
118.81060511,31.89292693,9.77;0.45,268.43,0.12;-0.13,-6.66,0.13;0.20,0.45,1.77;-0.17,-0.18,9.66;6.92,-8.50
118.81060511,31.89292693,9.77;0.45,268.43,0.12;-0.13,-6.66,0.13;0.20,0.45,1.77;-0.17,-0.18,9.66;6.91,-9.30
118.81060511,31.89292693,9.77;0.45,268.43,0.12;-0.13,-6.66,0.13;0.20,0.45,1.77;-0.17,-0.18,9.66;6.89,-9.70
118.81060511,31.89292693,9.77;0.45,268.43,0.12;-0.13,-6.66,0.13;0.20,0.45,1.77;-0.17,-0.18,9.66;6.88,-10.40
118.81060511,31.89292693,9.77;0.45,268.43,0.12;-0.13,-6.66,0.13;0.20,0.45,1.77;-0.17,-0.18,9.66;6.88,-11.00
118.81060511,31.89292693,9.77;0.45,268.43,0.12;-0.13,-6.66,0.13;-0.96,-0.55,-1.75;0.29,0.03,10.11;6.87,-11.50
118.81060511,31.89292693,9.77;0.45,268.43,0.12;-0.13,-6.66,0.13;-0.96,-0.55,-1.75;0.29,0.03,10.11;6.82,-9.60
118.81060511,31.89292693,9.77;0.45,268.43,0.12;-0.13,-6.66,0.13;-0.96,-0.55,-1.75;0.29,0.03,10.11;6.81,-9.10
118.81060511,31.89292693,9.77;0.45,268.43,0.12;-0.13,-6.66,0.13;-0.96,-0.55,-1.75;0.29,0.03,10.11;6.81,-8.60
118.81055282,31.89292617,9.88;0.45,269.13,0.11;-0.06,-6.53,0.08;-0.96,-0.55,-1.75;0.29,0.03,10.11;6.81,-8.10
118.81055282,31.89292617,9.88;0.45,269.13,0.11;-0.06,-6.53,0.08;-0.96,-0.55,-1.75;0.29,0.03,10.11;6.81,-7.50
118.81055282,31.89292617,9.88;0.45,269.13,0.11;-0.06,-6.53,0.08;-0.96,-0.55,-1.75;0.29,0.03,10.11;6.81,-6.80
118.81055282,31.89292617,9.88;0.45,269.13,0.11;-0.06,-6.53,0.08;-0.96,-0.55,-1.75;0.29,0.03,10.11;6.82,-6.50
118.81055282,31.89292617,9.88;0.45,269.13,0.11;-0.06,-6.53,0.08;-0.96,-0.55,-1.75;0.29,0.03,10.11;6.82,5.80
118.81055282,31.89292617,9.88;0.45,269.13,0.11;-0.06,-6.53,0.08;-0.96,-0.55,-1.75;0.29,0.03,10.11;6.77,6.10
118.81055282,31.89292617,9.88;0.45,269.13,0.11;-0.06,-6.53,0.08;-0.96,-0.55,-1.75;0.29,0.03,10.11;6.77,6.60
118.81055282,31.89292617,9.88;0.45,269.13,0.11;-0.06,-6.53,0.08;-0.96,-0.55,-1.75;0.29,0.03,10.11;6.78,7.20
118.81055282,31.89292617,9.88;0.45,269.13,0.11;-0.06,-6.53,0.08;-0.96,-0.55,-1.75;0.29,0.03,10.11;6.78,7.80
118.81055282,31.89292617,9.88;0.45,269.13,0.11;-0.06,-6.53,0.08;-0.96,-0.55,-1.75;0.29,0.03,10.11;6.76,8.50
118.81055282,31.89292617,9.88;0.45,269.13,0.11;-0.06,-6.53,0.08;0.61,0.55,2.97;-0.14,-0.14,9.41;6.76,9.10
118.81055282,31.89292617,9.88;0.45,269.13,0.11;-0.06,-6.53,0.08;0.61,0.55,2.97;-0.14,-0.14,9.41;6.72,21.60
118.81055282,31.89292617,9.88;0.45,269.13,0.11;-0.06,-6.53,0.08;0.61,0.55,2.97;-0.14,-0.14,9.41;6.72,21.90
118.81055282,31.89292617,9.88;0.45,269.13,0.11;-0.06,-6.53,0.08;0.61,0.55,2.97;-0.14,-0.14,9.41;6.72,22.30
118.81055282,31.89292617,9.88;0.45,269.13,0.11;-0.06,-6.53,0.08;0.61,0.55,2.97;-0.14,-0.14,9.41;6.71,22.60
118.81050492,31.89292570,9.99;0.34,268.04,0.09;-0.16,-6.44,0.11;0.61,0.55,2.97;-0.14,-0.14,9.41;6.70,22.70
118.81050492,31.89292570,9.99;0.34,268.04,0.09;-0.16,-6.44,0.11;0.61,0.55,2.97;-0.14,-0.14,9.41;6.70,23.10
118.81050492,31.89292570,9.99;0.34,268.04,0.09;-0.16,-6.44,0.11;0.61,0.55,2.97;-0.14,-0.14,9.41;6.69,23.40
118.81050492,31.89292570,9.99;0.34,268.04,0.09;-0.16,-6.44,0.11;0.61,0.55,2.97;-0.14,-0.14,9.41;6.69,23.70
118.81050492,31.89292570,9.99;0.34,268.04,0.09;-0.16,-6.44,0.11;0.61,0.55,2.97;-0.14,-0.14,9.41;6.69,35.70
118.81050492,31.89292570,9.99;0.34,268.04,0.09;-0.16,-6.44,0.11;0.61,0.55,2.97;-0.14,-0.14,9.41;6.74,37.40
118.81050492,31.89292570,9.99;0.34,268.04,0.09;-0.16,-6.44,0.11;0.61,0.55,2.97;-0.14,-0.14,9.41;6.74,39.20
118.81050492,31.89292570,9.99;0.34,268.04,0.09;-0.16,-6.44,0.11;0.61,0.55,2.97;-0.14,-0.14,9.41;6.75,40.90
118.81050492,31.89292570,9.99;0.34,268.04,0.09;-0.16,-6.44,0.11;0.61,0.55,2.97;-0.14,-0.14,9.41;6.74,42.70
118.81050492,31.89292570,9.99;0.34,268.04,0.09;-0.16,-6.44,0.11;0.61,0.55,2.97;-0.14,-0.14,9.41;6.76,44.60
118.81050492,31.89292570,9.99;0.34,268.04,0.09;-0.16,-6.44,0.11;-2.35,0.45,9.81;-1.24,1.47,9.42;6.94,45.40
118.81050492,31.89292570,9.99;0.34,268.04,0.09;-0.16,-6.44,0.11;-2.35,0.45,9.81;-1.24,1.47,9.42;6.95,56.40
118.81050492,31.89292570,9.99;0.34,268.04,0.09;-0.16,-6.44,0.11;-2.35,0.45,9.81;-1.24,1.47,9.42;6.81,56.30
118.81050492,31.89292570,9.99;0.34,268.04,0.09;-0.16,-6.44,0.11;-2.35,0.45,9.81;-1.24,1.47,9.42;6.81,55.90
118.81045345,31.89292306,10.10;1.06,262.75,0.09;-0.76,-6.46,-0.04;-2.35,0.45,9.81;-1.24,1.47,9.42;6.82,55.50
118.81045345,31.89292306,10.10;1.06,262.75,0.09;-0.76,-6.46,-0.04;-2.35,0.45,9.81;-1.24,1.47,9.42;6.83,55.10
118.81045345,31.89292306,10.10;1.06,262.75,0.09;-0.76,-6.46,-0.04;-2.35,0.45,9.81;-1.24,1.47,9.42;6.81,54.50
118.81045345,31.89292306,10.10;1.06,262.75,0.09;-0.76,-6.46,-0.04;-2.35,0.45,9.81;-1.24,1.47,9.42;6.77,54.10
118.81045345,31.89292306,10.10;1.06,262.75,0.09;-0.76,-6.46,-0.04;-2.35,0.45,9.81;-1.24,1.47,9.42;6.95,52.80
118.81045345,31.89292306,10.10;1.06,262.75,0.09;-0.76,-6.46,-0.04;-2.35,0.45,9.81;-1.24,1.47,9.42;6.95,52.90
118.81045345,31.89292306,10.10;1.06,262.75,0.09;-0.76,-6.46,-0.04;-2.35,0.45,9.81;-1.24,1.47,9.42;6.96,53.30
118.81045345,31.89292306,10.10;1.06,262.75,0.09;-0.76,-6.46,-0.04;-2.35,0.45,9.81;-1.24,1.47,9.42;6.95,53.90
118.81045345,31.89292306,10.10;1.06,262.75,0.09;-0.76,-6.46,-0.04;-2.35,0.45,9.81;-1.24,1.47,9.42;6.98,54.30
118.81045345,31.89292306,10.10;1.06,262.75,0.09;-0.76,-6.46,-0.04;-2.35,0.45,9.81;-1.24,1.47,9.42;6.99,55.20
118.81045345,31.89292306,10.10;1.06,262.75,0.09;-0.76,-6.46,-0.04;-2.71,-0.88,9.07;-0.31,-3.02,-0.36;6.99,56.40
118.81045345,31.89292306,10.10;1.06,262.75,0.09;-0.76,-6.46,-0.04;0.52,0.79,12.14;-1.01,0.89,10.22;7.01,57.20
118.81045345,31.89292306,10.10;1.06,262.75,0.09;-0.76,-6.46,-0.04;0.52,0.79,12.14;-1.01,0.89,10.22;7.15,57.20
118.81045345,31.89292306,10.10;1.06,262.75,0.09;-0.76,-6.46,-0.04;0.52,0.79,12.14;-1.01,0.89,10.22;7.15,82.30
118.81045345,31.89292306,10.10;1.06,262.75,0.09;-0.76,-6.46,-0.04;0.52,0.79,12.14;-1.01,0.89,10.22;7.15,81.60
118.81040413,31.89291569,10.21;0.29,255.34,0.68;-1.65,-6.78,0.17;0.52,0.79,12.14;-1.01,0.89,10.22;7.16,80.20
118.81040413,31.89291569,10.21;0.29,255.34,0.68;-1.65,-6.78,0.17;0.52,0.79,12.14;-1.01,0.89,10.22;7.19,78.10
118.81040413,31.89291569,10.21;0.29,255.34,0.68;-1.65,-6.78,0.17;0.52,0.79,12.14;-1.01,0.89,10.22;7.20,75.30
118.81040413,31.89291569,10.21;0.29,255.34,0.68;-1.65,-6.78,0.17;0.52,0.79,12.14;-1.01,0.89,10.22;7.21,10.10
118.81040413,31.89291569,10.21;0.29,255.34,0.68;-1.65,-6.78,0.17;0.52,0.79,12.14;-1.01,0.89,10.22;7.21,6.90
118.81040413,31.89291569,10.21;0.29,255.34,0.68;-1.65,-6.78,0.17;0.52,0.79,12.14;-1.01,0.89,10.22;7.38,0.10
118.81040413,31.89291569,10.21;0.29,255.34,0.68;-1.65,-6.78,0.17;0.52,0.79,12.14;-1.01,0.89,10.22;7.39,-6.80
118.81040413,31.89291569,10.21;0.29,255.34,0.68;-1.65,-6.78,0.17;0.52,0.79,12.14;-1.01,0.89,10.22;7.41,-10.40
118.81040413,31.89291569,10.21;0.29,255.34,0.68;-1.65,-6.78,0.17;0.52,0.79,12.14;-1.01,0.89,10.22;7.43,-17.10
118.81040413,31.89291569,10.21;0.29,255.34,0.68;-1.65,-6.78,0.17;-0.43,-2.41,-11.41;1.44,0.61,10.06;7.44,-23.60
118.81040413,31.89291569,10.21;0.29,255.34,0.68;-1.65,-6.78,0.17;-0.43,-2.41,-11.41;1.44,0.61,10.06;7.46,-29.90
118.81040413,31.89291569,10.21;0.29,255.34,0.68;-1.65,-6.78,0.17;-0.43,-2.41,-11.41;1.44,0.61,10.06;7.46,-90.30
118.81040413,31.89291569,10.21;0.29,255.34,0.68;-1.65,-6.78,0.17;-0.43,-2.41,-11.41;1.44,0.61,10.06;7.59,-92.70
118.81040413,31.89291569,10.21;0.29,255.34,0.68;-1.65,-6.78,0.17;-0.43,-2.41,-11.41;1.44,0.61,10.06;7.60,-95.80
118.81034926,31.89290252,10.33;-1.09,258.27,0.65;-1.59,-7.17,0.16;-0.43,-2.41,-11.41;1.44,0.61,10.06;7.60,-98.70
118.81034926,31.89290252,10.33;-1.09,258.27,0.65;-1.59,-7.17,0.16;-0.43,-2.41,-11.41;1.44,0.61,10.06;7.61,-101.50
118.81034926,31.89290252,10.33;-1.09,258.27,0.65;-1.59,-7.17,0.16;-0.43,-2.41,-11.41;1.44,0.61,10.06;7.62,-104.30
118.81034926,31.89290252,10.33;-1.09,258.27,0.65;-1.59,-7.17,0.16;-0.43,-2.41,-11.41;1.44,0.61,10.06;7.63,-105.70
118.81034926,31.89290252,10.33;-1.09,258.27,0.65;-1.59,-7.17,0.16;-0.43,-2.41,-11.41;1.44,0.61,10.06;7.65,-125.40
118.81034926,31.89290252,10.33;-1.09,258.27,0.65;-1.59,-7.17,0.16;-0.43,-2.41,-11.41;1.44,0.61,10.06;7.78,-123.70
118.81034926,31.89290252,10.33;-1.09,258.27,0.65;-1.59,-7.17,0.16;-0.43,-2.41,-11.41;1.44,0.61,10.06;7.78,-119.60
118.81034926,31.89290252,10.33;-1.09,258.27,0.65;-1.59,-7.17,0.16;-0.43,-2.41,-11.41;1.44,0.61,10.06;7.79,-114.30
118.81034926,31.89290252,10.33;-1.09,258.27,0.65;-1.59,-7.17,0.16;-0.43,-2.41,-11.41;1.44,0.61,10.06;7.80,-108.10
118.81034926,31.89290252,10.33;-1.09,258.27,0.65;-1.59,-7.17,0.16;-0.25,-1.15,-17.34;2.48,0.48,9.24;7.80,-101.00
118.81034926,31.89290252,10.33;-1.09,258.27,0.65;-1.59,-7.17,0.16;0.23,5.28,-7.45;1.99,0.67,9.54;7.81,-93.20
118.81034926,31.89290252,10.33;-1.09,258.27,0.65;-1.59,-7.17,0.16;0.23,5.28,-7.45;1.99,0.67,9.54;7.92,7.70
118.81034926,31.89290252,10.33;-1.09,258.27,0.65;-1.59,-7.17,0.16;0.23,5.28,-7.45;1.99,0.67,9.54;7.92,10.50
118.81034926,31.89290252,10.33;-1.09,258.27,0.65;-1.59,-7.17,0.16;0.23,5.28,-7.45;1.99,0.67,9.54;7.93,16.00
118.81034926,31.89290252,10.33;-1.09,258.27,0.65;-1.59,-7.17,0.16;0.23,5.28,-7.45;1.99,0.67,9.54;7.93,21.30
118.81029402,31.89289831,10.46;0.73,267.13,0.76;-0.21,-7.68,0.16;0.23,5.28,-7.45;1.99,0.67,9.54;7.93,23.80
118.81029402,31.89289831,10.46;0.73,267.13,0.76;-0.21,-7.68,0.16;0.23,5.28,-7.45;1.99,0.67,9.54;7.94,29.10
118.81029402,31.89289831,10.46;0.73,267.13,0.76;-0.21,-7.68,0.16;0.23,5.28,-7.45;1.99,0.67,9.54;7.94,33.90
118.81029402,31.89289831,10.46;0.73,267.13,0.76;-0.21,-7.68,0.16;0.23,5.28,-7.45;1.99,0.67,9.54;7.95,38.60
118.81029402,31.89289831,10.46;0.73,267.13,0.76;-0.21,-7.68,0.16;0.23,5.28,-7.45;1.99,0.67,9.54;8.02,84.20
118.81029402,31.89289831,10.46;0.73,267.13,0.76;-0.21,-7.68,0.16;0.23,5.28,-7.45;1.99,0.67,9.54;8.04,86.80
118.81029402,31.89289831,10.46;0.73,267.13,0.76;-0.21,-7.68,0.16;0.23,5.28,-7.45;1.99,0.67,9.54;8.05,89.10
118.81029402,31.89289831,10.46;0.73,267.13,0.76;-0.21,-7.68,0.16;0.23,5.28,-7.45;1.99,0.67,9.54;8.06,91.00
118.81029402,31.89289831,10.46;0.73,267.13,0.76;-0.21,-7.68,0.16;0.23,5.28,-7.45;1.99,0.67,9.54;8.05,92.70
118.81029402,31.89289831,10.46;0.73,267.13,0.76;-0.21,-7.68,0.16;3.02,2.88,18.70;-3.05,0.22,8.79;8.05,93.40
118.81029402,31.89289831,10.46;0.73,267.13,0.76;-0.21,-7.68,0.16;3.02,2.88,18.70;-3.05,0.22,8.79;8.06,94.60
118.81029402,31.89289831,10.46;0.73,267.13,0.76;-0.21,-7.68,0.16;3.02,2.88,18.70;-3.05,0.22,8.79;8.06,71.40
118.81029402,31.89289831,10.46;0.73,267.13,0.76;-0.21,-7.68,0.16;3.02,2.88,18.70;-3.05,0.22,8.79;8.21,68.40
118.81029402,31.89289831,10.46;0.73,267.13,0.76;-0.21,-7.68,0.16;3.02,2.88,18.70;-3.05,0.22,8.79;8.21,62.20
118.81023255,31.89289267,10.57;0.47,256.43,0.60;-1.82,-7.73,0.16;3.02,2.88,18.70;-3.05,0.22,8.79;8.21,55.70
118.81023255,31.89289267,10.57;0.47,256.43,0.60;-1.82,-7.73,0.16;3.02,2.88,18.70;-3.05,0.22,8.79;8.22,49.10
118.81023255,31.89289267,10.57;0.47,256.43,0.60;-1.82,-7.73,0.16;3.02,2.88,18.70;-3.05,0.22,8.79;8.23,42.40
118.81023255,31.89289267,10.57;0.47,256.43,0.60;-1.82,-7.73,0.16;3.02,2.88,18.70;-3.05,0.22,8.79;8.24,35.70
118.81023255,31.89289267,10.57;0.47,256.43,0.60;-1.82,-7.73,0.16;3.02,2.88,18.70;-3.05,0.22,8.79;8.35,-35.00
118.81023255,31.89289267,10.57;0.47,256.43,0.60;-1.82,-7.73,0.16;3.02,2.88,18.70;-3.05,0.22,8.79;8.35,-37.20
118.81023255,31.89289267,10.57;0.47,256.43,0.60;-1.82,-7.73,0.16;3.02,2.88,18.70;-3.05,0.22,8.79;8.36,-41.50
118.81023255,31.89289267,10.57;0.47,256.43,0.60;-1.82,-7.73,0.16;3.02,2.88,18.70;-3.05,0.22,8.79;8.37,-45.70
118.81023255,31.89289267,10.57;0.47,256.43,0.60;-1.82,-7.73,0.16;3.02,2.88,18.70;-3.05,0.22,8.79;8.38,-47.80
118.81023255,31.89289267,10.57;0.47,256.43,0.60;-1.82,-7.73,0.16;2.28,-5.13,10.82;-2.72,0.27,10.48;8.39,-51.70
118.81023255,31.89289267,10.57;0.47,256.43,0.60;-1.82,-7.73,0.16;-0.26,0.92,-11.96;2.18,0.39,9.90;8.39,-55.40
118.81023255,31.89289267,10.57;0.47,256.43,0.60;-1.82,-7.73,0.16;-0.26,0.92,-11.96;2.18,0.39,9.90;8.39,-58.70
118.81023255,31.89289267,10.57;0.47,256.43,0.60;-1.82,-7.73,0.16;-0.26,0.92,-11.96;2.18,0.39,9.90;8.41,-87.40
118.81023255,31.89289267,10.57;0.47,256.43,0.60;-1.82,-7.73,0.16;-0.26,0.92,-11.96;2.18,0.39,9.90;8.40,-89.30
118.81023255,31.89289267,10.57;0.47,256.43,0.60;-1.82,-7.73,0.16;-0.26,0.92,-11.96;2.18,0.39,9.90;8.42,-91.40
118.81017458,31.89288225,10.72;-1.11,262.11,0.64;-1.21,-8.01,0.24;-0.26,0.92,-11.96;2.18,0.39,9.90;8.43,-93.80
118.81017458,31.89288225,10.72;-1.11,262.11,0.64;-1.21,-8.01,0.24;-0.26,0.92,-11.96;2.18,0.39,9.90;8.42,-96.40
118.81017458,31.89288225,10.72;-1.11,262.11,0.64;-1.21,-8.01,0.24;-0.26,0.92,-11.96;2.18,0.39,9.90;8.42,-99.40
118.81017458,31.89288225,10.72;-1.11,262.11,0.64;-1.21,-8.01,0.24;-0.26,0.92,-11.96;2.18,0.39,9.90;8.41,-102.50
118.81017458,31.89288225,10.72;-1.11,262.11,0.64;-1.21,-8.01,0.24;-0.26,0.92,-11.96;2.18,0.39,9.90;8.43,-96.70
118.81017458,31.89288225,10.72;-1.11,262.11,0.64;-1.21,-8.01,0.24;-0.26,0.92,-11.96;2.18,0.39,9.90;8.53,-94.10
118.81017458,31.89288225,10.72;-1.11,262.11,0.64;-1.21,-8.01,0.24;-0.26,0.92,-11.96;2.18,0.39,9.90;8.53,-87.60
118.81017458,31.89288225,10.72;-1.11,262.11,0.64;-1.21,-8.01,0.24;-0.26,0.92,-11.96;2.18,0.39,9.90;8.54,-80.40
118.81017458,31.89288225,10.72;-1.11,262.11,0.64;-1.21,-8.01,0.24;-2.09,7.40,-6.02;3.02,1.31,9.76;8.54,-72.60
118.81017458,31.89288225,10.72;-1.11,262.11,0.64;-1.21,-8.01,0.24;-2.09,7.40,-6.02;3.02,1.31,9.76;8.52,-64.20
118.81017458,31.89288225,10.72;-1.11,262.11,0.64;-1.21,-8.01,0.24;-2.09,7.40,-6.02;3.02,1.31,9.76;8.53,-55.40
118.81017458,31.89288225,10.72;-1.11,262.11,0.64;-1.21,-8.01,0.24;-2.09,7.40,-6.02;3.02,1.31,9.76;8.56,32.90
118.81017458,31.89288225,10.72;-1.11,262.11,0.64;-1.21,-8.01,0.24;-2.09,7.40,-6.02;3.02,1.31,9.76;8.56,35.50
118.81017458,31.89288225,10.72;-1.11,262.11,0.64;-1.21,-8.01,0.24;-2.09,7.40,-6.02;3.02,1.31,9.76;8.57,40.30
118.81011001,31.89288010,10.96;0.68,269.10,1.32;0.07,-8.28,0.25;-2.09,7.40,-6.02;3.02,1.31,9.76;8.58,44.90
118.81011001,31.89288010,10.96;0.68,269.10,1.32;0.07,-8.28,0.25;-2.09,7.40,-6.02;3.02,1.31,9.76;8.59,47.10
118.81011001,31.89288010,10.96;0.68,269.10,1.32;0.07,-8.28,0.25;-2.09,7.40,-6.02;3.02,1.31,9.76;8.59,51.30
118.81011001,31.89288010,10.96;0.68,269.10,1.32;0.07,-8.28,0.25;-2.09,7.40,-6.02;3.02,1.31,9.76;8.60,55.20
118.81011001,31.89288010,10.96;0.68,269.10,1.32;0.07,-8.28,0.25;-2.09,7.40,-6.02;3.02,1.31,9.76;8.62,57.30
118.81011001,31.89288010,10.96;0.68,269.10,1.32;0.07,-8.28,0.25;-2.09,7.40,-6.02;3.02,1.31,9.76;8.65,57.30
118.81011001,31.89288010,10.96;0.68,269.10,1.32;0.07,-8.28,0.25;-2.09,7.40,-6.02;3.02,1.31,9.76;8.65,85.80
118.81011001,31.89288010,10.96;0.68,269.10,1.32;0.07,-8.28,0.25;-2.09,7.40,-6.02;3.02,1.31,9.76;8.65,85.20
118.81011001,31.89288010,10.96;0.68,269.10,1.32;0.07,-8.28,0.25;0.06,-1.10,14.27;-2.79,0.39,9.85;8.66,84.10
118.81011001,31.89288010,10.96;0.68,269.10,1.32;0.07,-8.28,0.25;0.06,-1.10,14.27;-2.79,0.39,9.85;8.66,82.40
118.81011001,31.89288010,10.96;0.68,269.10,1.32;0.07,-8.28,0.25;0.06,-1.10,14.27;-2.79,0.39,9.85;8.67,79.90
118.81011001,31.89288010,10.96;0.68,269.10,1.32;0.07,-8.28,0.25;0.06,-1.10,14.27;-2.79,0.39,9.85;8.68,7.60
118.81011001,31.89288010,10.96;0.68,269.10,1.32;0.07,-8.28,0.25;0.06,-1.10,14.27;-2.79,0.39,9.85;8.68,4.00
118.81011001,31.89288010,10.96;0.68,269.10,1.32;0.07,-8.28,0.25;0.06,-1.10,14.27;-2.79,0.39,9.85;8.72,-2.80
118.81011001,31.89288010,10.96;0.68,269.10,1.32;0.07,-8.28,0.25;0.06,-1.10,14.27;-2.79,0.39,9.85;8.72,-9.80
118.81004437,31.89287535,11.23;-0.88,261.65,1.94;-1.30,-8.27,0.40;0.06,-1.10,14.27;-2.79,0.39,9.85;8.72,-13.30
118.81004437,31.89287535,11.23;-0.88,261.65,1.94;-1.30,-8.27,0.40;0.06,-1.10,14.27;-2.79,0.39,9.85;8.73,-20.10
118.81004437,31.89287535,11.23;-0.88,261.65,1.94;-1.30,-8.27,0.40;0.06,-1.10,14.27;-2.79,0.39,9.85;8.73,-27.10
118.81004437,31.89287535,11.23;-0.88,261.65,1.94;-1.30,-8.27,0.40;0.06,-1.10,14.27;-2.79,0.39,9.85;8.72,-33.30
118.81004437,31.89287535,11.23;-0.88,261.65,1.94;-1.30,-8.27,0.40;0.06,-1.10,14.27;-2.79,0.39,9.85;8.72,-85.00
118.81004437,31.89287535,11.23;-0.88,261.65,1.94;-1.30,-8.27,0.40;0.06,-1.10,14.27;-2.79,0.39,9.85;8.70,-83.90
118.81004437,31.89287535,11.23;-0.88,261.65,1.94;-1.30,-8.27,0.40;0.06,-1.10,14.27;-2.79,0.39,9.85;8.70,-82.00
118.81004437,31.89287535,11.23;-0.88,261.65,1.94;-1.30,-8.27,0.40;0.06,-1.10,14.27;-2.79,0.39,9.85;8.70,-79.10
118.81004437,31.89287535,11.23;-0.88,261.65,1.94;-1.30,-8.27,0.40;1.61,3.13,-11.12;2.95,0.56,10.03;8.70,-75.40
118.81004437,31.89287535,11.23;-0.88,261.65,1.94;-1.30,-8.27,0.40;1.61,3.13,-11.12;2.95,0.56,10.03;8.70,-70.80
118.81004437,31.89287535,11.23;-0.88,261.65,1.94;-1.30,-8.27,0.40;1.61,3.13,-11.12;2.95,0.56,10.03;8.70,-68.10
118.81004437,31.89287535,11.23;-0.88,261.65,1.94;-1.30,-8.27,0.40;1.61,3.13,-11.12;2.95,0.56,10.03;8.70,6.10
118.81004437,31.89287535,11.23;-0.88,261.65,1.94;-1.30,-8.27,0.40;1.61,3.13,-11.12;2.95,0.56,10.03;8.78,7.80
118.81004437,31.89287535,11.23;-0.88,261.65,1.94;-1.30,-8.27,0.40;1.61,3.13,-11.12;2.95,0.56,10.03;8.78,11.10
118.81004437,31.89287535,11.23;-0.88,261.65,1.94;-1.30,-8.27,0.40;1.61,3.13,-11.12;2.95,0.56,10.03;8.78,13.60
118.80998251,31.89287161,11.52;0.24,267.61,2.45;-0.14,-8.40,0.45;1.61,3.13,-11.12;2.95,0.56,10.03;8.78,15.30
118.80998251,31.89287161,11.52;0.24,267.61,2.45;-0.14,-8.40,0.45;1.61,3.13,-11.12;2.95,0.56,10.03;8.78,16.60
118.80998251,31.89287161,11.52;0.24,267.61,2.45;-0.14,-8.40,0.45;1.61,3.13,-11.12;2.95,0.56,10.03;8.79,17.20
118.80998251,31.89287161,11.52;0.24,267.61,2.45;-0.14,-8.40,0.45;1.61,3.13,-11.12;2.95,0.56,10.03;8.88,5.10
118.80998251,31.89287161,11.52;0.24,267.61,2.45;-0.14,-8.40,0.45;1.61,3.13,-11.12;2.95,0.56,10.03;8.88,4.40
118.80998251,31.89287161,11.52;0.24,267.61,2.45;-0.14,-8.40,0.45;1.61,3.13,-11.12;2.95,0.56,10.03;8.89,3.20
118.80998251,31.89287161,11.52;0.24,267.61,2.45;-0.14,-8.40,0.45;1.61,3.13,-11.12;2.95,0.56,10.03;8.87,2.20
118.80998251,31.89287161,11.52;0.24,267.61,2.45;-0.14,-8.40,0.45;-14.99,-0.93,0.26;-0.13,0.69,12.91;8.85,1.80
118.80998251,31.89287161,11.52;0.24,267.61,2.45;-0.14,-8.40,0.45;-14.99,-0.93,0.26;-0.13,0.69,12.91;8.82,1.10
118.80998251,31.89287161,11.52;0.24,267.61,2.45;-0.14,-8.40,0.45;-14.99,-0.93,0.26;-0.13,0.69,12.91;8.78,0.60
118.80998251,31.89287161,11.52;0.24,267.61,2.45;-0.14,-8.40,0.45;-14.99,-0.93,0.26;-0.13,0.69,12.91;8.76,0.20
118.80998251,31.89287161,11.52;0.24,267.61,2.45;-0.14,-8.40,0.45;-14.99,-0.93,0.26;-0.13,0.69,12.91;8.57,-4.40
118.80998251,31.89287161,11.52;0.24,267.61,2.45;-0.14,-8.40,0.45;-14.99,-0.93,0.26;-0.13,0.69,12.91;8.58,-5.00
118.80998251,31.89287161,11.52;0.24,267.61,2.45;-0.14,-8.40,0.45;-14.99,-0.93,0.26;-0.13,0.69,12.91;8.59,-5.50
118.80991641,31.89286915,11.96;0.03,267.08,0.42;-0.38,-8.28,0.03;-14.99,-0.93,0.26;-0.13,0.69,12.91;8.60,-6.20
118.80991641,31.89286915,11.96;0.03,267.08,0.42;-0.38,-8.28,0.03;-14.99,-0.93,0.26;-0.13,0.69,12.91;8.60,-6.80
118.80991641,31.89286915,11.96;0.03,267.08,0.42;-0.38,-8.28,0.03;-14.99,-0.93,0.26;-0.13,0.69,12.91;8.60,-7.10
118.80991641,31.89286915,11.96;0.03,267.08,0.42;-0.38,-8.28,0.03;-14.99,-0.93,0.26;-0.13,0.69,12.91;8.62,-7.70
118.80991641,31.89286915,11.96;0.03,267.08,0.42;-0.38,-8.28,0.03;-14.99,-0.93,0.26;-0.13,0.69,12.91;8.62,-16.40
118.80991641,31.89286915,11.96;0.03,267.08,0.42;-0.38,-8.28,0.03;-14.99,-0.93,0.26;-0.13,0.69,12.91;8.56,-16.70
118.80991641,31.89286915,11.96;0.03,267.08,0.42;-0.38,-8.28,0.03;-14.99,-0.93,0.26;-0.13,0.69,12.91;8.56,-17.30
118.80991641,31.89286915,11.96;0.03,267.08,0.42;-0.38,-8.28,0.03;-2.49,-0.58,-3.85;0.56,-0.19,9.03;8.54,-18.00
118.80991641,31.89286915,11.96;0.03,267.08,0.42;-0.38,-8.28,0.03;-2.49,-0.58,-3.85;0.56,-0.19,9.03;8.54,-18.60
