  longitude ,  latitude ,high;roll,yaw,pitch;n_vel,e_vel,u_vel;angleSpeedx_y_z;lineAccx_y_z;speed,steeringAngle
118.81113478,31.89295149,9.24;0.87,267.59,-0.53;-0.06,-2.07,0.03;-0.09,0.17,0.08;-0.03,-0.05,10.09;2.14,0.70
118.81113478,31.89295149,9.24;0.87,267.59,-0.53;-0.06,-2.07,0.03;-0.09,0.17,0.08;-0.03,-0.05,10.09;2.14,1.20
118.81113478,31.89295149,9.24;0.87,267.59,-0.53;-0.06,-2.07,0.03;-0.09,0.17,0.08;-0.03,-0.05,10.09;2.14,1.70
118.81113478,31.89295149,9.24;0.87,267.59,-0.53;-0.06,-2.07,0.03;-0.09,0.17,0.08;-0.03,-0.05,10.09;2.14,2.30
118.81113478,31.89295149,9.24;0.87,267.59,-0.53;-0.06,-2.07,0.03;-0.09,0.17,0.08;-0.03,-0.05,10.09;2.14,14.90
118.81113478,31.89295149,9.24;0.87,267.59,-0.53;-0.06,-2.07,0.03;-0.09,0.17,0.08;-0.03,-0.05,10.09;2.14,15.40
118.81113478,31.89295149,9.24;0.87,267.59,-0.53;-0.06,-2.07,0.03;-0.09,0.17,0.08;-0.03,-0.05,10.09;2.14,16.50
118.81113478,31.89295149,9.24;0.87,267.59,-0.53;-0.06,-2.07,0.03;-0.09,0.17,0.08;-0.03,-0.05,10.09;2.14,17.30
118.81113478,31.89295149,9.24;0.87,267.59,-0.53;-0.06,-2.07,0.03;-0.09,0.17,0.08;-0.03,-0.05,10.09;2.14,18.40
118.81113478,31.89295149,9.24;0.87,267.59,-0.53;-0.06,-2.07,0.03;-0.09,0.17,0.08;-0.03,-0.05,10.09;2.14,19.50
118.81113478,31.89295149,9.24;0.87,267.59,-0.53;-0.06,-2.07,0.03;-0.09,0.17,0.08;-0.03,-0.05,10.09;2.14,20.60
118.81113478,31.89295149,9.24;0.87,267.59,-0.53;-0.06,-2.07,0.03;-0.09,0.17,0.08;-0.03,-0.05,10.09;2.16,20.60
118.81113478,31.89295149,9.24;0.87,267.59,-0.53;-0.06,-2.07,0.03;-0.09,0.17,0.08;-0.03,-0.05,10.09;2.16,24.10
118.81113478,31.89295149,9.24;0.87,267.59,-0.53;-0.06,-2.07,0.03;0.33,-0.16,1.32;-0.05,0.11,9.69;2.16,23.80
118.81111935,31.89295097,9.28;0.74,266.94,-0.41;-0.10,-2.12,0.03;0.06,-0.52,1.40;-0.01,0.26,9.87;2.16,23.50
118.81111935,31.89295097,9.28;0.74,266.94,-0.41;-0.10,-2.12,0.03;0.06,-0.52,1.40;-0.01,0.26,9.87;2.16,23.40
118.81111935,31.89295097,9.28;0.74,266.94,-0.41;-0.10,-2.12,0.03;0.06,-0.52,1.40;-0.01,0.26,9.87;2.17,23.20
118.81111935,31.89295097,9.28;0.74,266.94,-0.41;-0.10,-2.12,0.03;0.06,-0.52,1.40;-0.01,0.26,9.87;2.18,23.00
118.81111935,31.89295097,9.28;0.74,266.94,-0.41;-0.10,-2.12,0.03;0.06,-0.52,1.40;-0.01,0.26,9.87;2.18,22.70
118.81111935,31.89295097,9.28;0.74,266.94,-0.41;-0.10,-2.12,0.03;0.06,-0.52,1.40;-0.01,0.26,9.87;2.23,20.50
118.81111935,31.89295097,9.28;0.74,266.94,-0.41;-0.10,-2.12,0.03;0.06,-0.52,1.40;-0.01,0.26,9.87;2.23,20.10
118.81111935,31.89295097,9.28;0.74,266.94,-0.41;-0.10,-2.12,0.03;0.06,-0.52,1.40;-0.01,0.26,9.87;2.25,19.70
118.81111935,31.89295097,9.28;0.74,266.94,-0.41;-0.10,-2.12,0.03;0.06,-0.52,1.40;-0.01,0.26,9.87;2.25,19.30
118.81111935,31.89295097,9.28;0.74,266.94,-0.41;-0.10,-2.12,0.03;0.06,-0.52,1.40;-0.01,0.26,9.87;2.27,18.80
118.81111935,31.89295097,9.28;0.74,266.94,-0.41;-0.10,-2.12,0.03;0.06,-0.52,1.40;-0.01,0.26,9.87;2.27,18.30
118.81111935,31.89295097,9.28;0.74,266.94,-0.41;-0.10,-2.12,0.03;0.06,-0.52,1.40;-0.01,0.26,9.87;2.27,17.70
118.81111935,31.89295097,9.28;0.74,266.94,-0.41;-0.10,-2.12,0.03;0.06,-0.52,1.40;-0.01,0.26,9.87;2.45,7.60
118.81111935,31.89295097,9.28;0.74,266.94,-0.41;-0.10,-2.12,0.03;0.06,-0.52,1.40;-0.01,0.26,9.87;2.47,6.90
118.81111935,31.89295097,9.28;0.74,266.94,-0.41;-0.10,-2.12,0.03;0.10,0.16,1.31;0.04,0.45,9.62;2.47,5.50
118.81110133,31.89295014,9.34;0.69,266.25,-0.27;-0.15,-2.52,0.02;0.61,-0.33,0.23;-0.17,0.59,9.50;2.49,4.10
118.81110133,31.89295014,9.34;0.69,266.25,-0.27;-0.15,-2.52,0.02;0.61,-0.33,0.23;-0.17,0.59,9.50;2.50,2.80
118.81110133,31.89295014,9.34;0.69,266.25,-0.27;-0.15,-2.52,0.02;0.61,-0.33,0.23;-0.17,0.59,9.50;2.52,1.50
118.81110133,31.89295014,9.34;0.69,266.25,-0.27;-0.15,-2.52,0.02;0.61,-0.33,0.23;-0.17,0.59,9.50;2.53,0.40
118.81110133,31.89295014,9.34;0.69,266.25,-0.27;-0.15,-2.52,0.02;0.61,-0.33,0.23;-0.17,0.59,9.50;2.76,0.40
118.81110133,31.89295014,9.34;0.69,266.25,-0.27;-0.15,-2.52,0.02;0.61,-0.33,0.23;-0.17,0.59,9.50;2.76,-0.80
118.81110133,31.89295014,9.34;0.69,266.25,-0.27;-0.15,-2.52,0.02;0.61,-0.33,0.23;-0.17,0.59,9.50;2.78,-0.90
118.81110133,31.89295014,9.34;0.69,266.25,-0.27;-0.15,-2.52,0.02;0.61,-0.33,0.23;-0.17,0.59,9.50;2.80,-0.90
118.81110133,31.89295014,9.34;0.69,266.25,-0.27;-0.15,-2.52,0.02;0.61,-0.33,0.23;-0.17,0.59,9.50;2.80,-0.90
118.81110133,31.89295014,9.34;0.69,266.25,-0.27;-0.15,-2.52,0.02;0.61,-0.33,0.23;-0.17,0.59,9.50;2.82,-0.80
118.81110133,31.89295014,9.34;0.69,266.25,-0.27;-0.15,-2.52,0.02;0.61,-0.33,0.23;-0.17,0.59,9.50;2.84,-0.80
118.81110133,31.89295014,9.34;0.69,266.25,-0.27;-0.15,-2.52,0.02;0.61,-0.33,0.23;-0.17,0.59,9.50;2.86,-0.80
118.81110133,31.89295014,9.34;0.69,266.25,-0.27;-0.15,-2.52,0.02;0.61,-0.33,0.23;-0.17,0.59,9.50;3.11,1.30
118.81110133,31.89295014,9.34;0.69,266.25,-0.27;-0.15,-2.52,0.02;0.74,0.24,0.30;0.17,1.06,9.85;3.12,1.60
118.81108036,31.89294906,9.39;0.72,266.25,-0.24;-0.17,-3.14,0.06;0.74,0.24,0.30;0.17,1.06,9.85;3.14,1.90
118.81108036,31.89294906,9.39;0.72,266.25,-0.24;-0.17,-3.14,0.06;0.74,0.24,0.30;0.17,1.06,9.85;3.16,2.30
118.81108036,31.89294906,9.39;0.72,266.25,-0.24;-0.17,-3.14,0.06;0.74,0.24,0.30;0.17,1.06,9.85;3.19,2.70
118.81108036,31.89294906,9.39;0.72,266.25,-0.24;-0.17,-3.14,0.06;0.74,0.24,0.30;0.17,1.06,9.85;3.19,3.00
118.81108036,31.89294906,9.39;0.72,266.25,-0.24;-0.17,-3.14,0.06;0.74,0.24,0.30;0.17,1.06,9.85;3.19,3.40
118.81108036,31.89294906,9.39;0.72,266.25,-0.24;-0.17,-3.14,0.06;0.74,0.24,0.30;0.17,1.06,9.85;3.22,6.30
118.81108036,31.89294906,9.39;0.72,266.25,-0.24;-0.17,-3.14,0.06;0.74,0.24,0.30;0.17,1.06,9.85;3.44,6.20
118.81108036,31.89294906,9.39;0.72,266.25,-0.24;-0.17,-3.14,0.06;0.74,0.24,0.30;0.17,1.06,9.85;3.46,6.10
118.81108036,31.89294906,9.39;0.72,266.25,-0.24;-0.17,-3.14,0.06;0.74,0.24,0.30;0.17,1.06,9.85;3.47,6.00
118.81108036,31.89294906,9.39;0.72,266.25,-0.24;-0.17,-3.14,0.06;0.74,0.24,0.30;0.17,1.06,9.85;3.50,5.80
118.81108036,31.89294906,9.39;0.72,266.25,-0.24;-0.17,-3.14,0.06;0.74,0.24,0.30;0.17,1.06,9.85;3.52,5.70
118.81108036,31.89294906,9.39;0.72,266.25,-0.24;-0.17,-3.14,0.06;0.74,0.24,0.30;0.17,1.06,9.85;3.54,5.60
118.81108036,31.89294906,9.39;0.72,266.25,-0.24;-0.17,-3.14,0.06;0.74,0.24,0.30;0.17,1.06,9.85;3.76,5.60
118.81108036,31.89294906,9.39;0.72,266.25,-0.24;-0.17,-3.14,0.06;-0.71,-0.19,0.68;-0.04,0.69,9.45;3.76,5.80
118.81108036,31.89294906,9.39;0.72,266.25,-0.24;-0.17,-3.14,0.06;0.05,-0.22,0.61;-0.02,1.25,10.21;3.78,5.80
118.81105285,31.89294751,9.45;0.70,265.91,-0.22;-0.25,-3.79,0.07;0.05,-0.22,0.61;-0.02,1.25,10.21;3.79,5.80
118.81105285,31.89294751,9.45;0.70,265.91,-0.22;-0.25,-3.79,0.07;0.05,-0.22,0.61;-0.02,1.25,10.21;3.81,5.80
118.81105285,31.89294751,9.45;0.70,265.91,-0.22;-0.25,-3.79,0.07;0.05,-0.22,0.61;-0.02,1.25,10.21;3.83,5.80
118.81105285,31.89294751,9.45;0.70,265.91,-0.22;-0.25,-3.79,0.07;0.05,-0.22,0.61;-0.02,1.25,10.21;3.85,5.80
118.81105285,31.89294751,9.45;0.70,265.91,-0.22;-0.25,-3.79,0.07;0.05,-0.22,0.61;-0.02,1.25,10.21;3.85,5.70
118.81105285,31.89294751,9.45;0.70,265.91,-0.22;-0.25,-3.79,0.07;0.05,-0.22,0.61;-0.02,1.25,10.21;4.07,5.70
118.81105285,31.89294751,9.45;0.70,265.91,-0.22;-0.25,-3.79,0.07;0.05,-0.22,0.61;-0.02,1.25,10.21;4.08,5.80
118.81105285,31.89294751,9.45;0.70,265.91,-0.22;-0.25,-3.79,0.07;0.05,-0.22,0.61;-0.02,1.25,10.21;4.10,5.80
118.81105285,31.89294751,9.45;0.70,265.91,-0.22;-0.25,-3.79,0.07;0.05,-0.22,0.61;-0.02,1.25,10.21;4.12,5.70
118.81105285,31.89294751,9.45;0.70,265.91,-0.22;-0.25,-3.79,0.07;0.05,-0.22,0.61;-0.02,1.25,10.21;4.14,5.70
118.81105285,31.89294751,9.45;0.70,265.91,-0.22;-0.25,-3.79,0.07;0.05,-0.22,0.61;-0.02,1.25,10.21;4.16,5.60
118.81105285,31.89294751,9.45;0.70,265.91,-0.22;-0.25,-3.79,0.07;0.05,-0.22,0.61;-0.02,1.25,10.21;4.32,5.60
118.81105285,31.89294751,9.45;0.70,265.91,-0.22;-0.25,-3.79,0.07;-0.54,-0.31,0.69;-0.01,0.85,9.67;4.32,5.50
118.81105285,31.89294751,9.45;0.70,265.91,-0.22;-0.25,-3.79,0.07;0.45,-0.45,0.56;-0.08,0.47,9.45;4.34,5.40
118.81103399,31.89294633,9.47;0.77,265.65,-0.27;-0.28,-4.14,0.08;0.45,-0.45,0.56;-0.08,0.47,9.45;4.36,5.40
118.81102061,31.89294544,9.48;0.78,265.50,-0.14;-0.32,-4.32,0.05;0.45,-0.45,0.56;-0.08,0.47,9.45;4.38,5.40
118.81102061,31.89294544,9.48;0.78,265.50,-0.14;-0.32,-4.32,0.05;0.45,-0.45,0.56;-0.08,0.47,9.45;4.39,5.40
118.81102061,31.89294544,9.48;0.78,265.50,-0.14;-0.32,-4.32,0.05;0.45,-0.45,0.56;-0.08,0.47,9.45;4.41,5.40
118.81102061,31.89294544,9.48;0.78,265.50,-0.14;-0.32,-4.32,0.05;0.45,-0.45,0.56;-0.08,0.47,9.45;4.43,5.50
118.81102061,31.89294544,9.48;0.78,265.50,-0.14;-0.32,-4.32,0.05;0.45,-0.45,0.56;-0.08,0.47,9.45;4.58,4.50
118.81102061,31.89294544,9.48;0.78,265.50,-0.14;-0.32,-4.32,0.05;0.45,-0.45,0.56;-0.08,0.47,9.45;4.59,4.50
118.81102061,31.89294544,9.48;0.78,265.50,-0.14;-0.32,-4.32,0.05;0.45,-0.45,0.56;-0.08,0.47,9.45;4.61,4.50
118.81102061,31.89294544,9.48;0.78,265.50,-0.14;-0.32,-4.32,0.05;0.45,-0.45,0.56;-0.08,0.47,9.45;4.62,4.50
118.81102061,31.89294544,9.48;0.78,265.50,-0.14;-0.32,-4.32,0.05;0.45,-0.45,0.56;-0.08,0.47,9.45;4.64,4.50
118.81102061,31.89294544,9.48;0.78,265.50,-0.14;-0.32,-4.32,0.05;0.45,-0.45,0.56;-0.08,0.47,9.45;4.64,4.50
118.81102061,31.89294544,9.48;0.78,265.50,-0.14;-0.32,-4.32,0.05;0.45,-0.45,0.56;-0.08,0.47,9.45;4.65,4.50
118.81102061,31.89294544,9.48;0.78,265.50,-0.14;-0.32,-4.32,0.05;0.45,-0.45,0.56;-0.08,0.47,9.45;4.82,3.80
118.81102061,31.89294544,9.48;0.78,265.50,-0.14;-0.32,-4.32,0.05;-1.55,-0.06,0.56;0.09,0.59,9.59;4.83,3.80
118.81102061,31.89294544,9.48;0.78,265.50,-0.14;-0.32,-4.32,0.05;-1.55,-0.06,0.56;0.09,0.59,9.59;4.84,3.60
118.81098710,31.89294323,9.52;0.91,265.16,-0.26;-0.38,-4.75,0.02;-1.55,-0.06,0.56;0.09,0.59,9.59;4.86,3.30
118.81098710,31.89294323,9.52;0.91,265.16,-0.26;-0.38,-4.75,0.02;-1.55,-0.06,0.56;0.09,0.59,9.59;4.87,3.10
118.81098710,31.89294323,9.52;0.91,265.16,-0.26;-0.38,-4.75,0.02;-1.55,-0.06,0.56;0.09,0.59,9.59;4.88,2.80
118.81098710,31.89294323,9.52;0.91,265.16,-0.26;-0.38,-4.75,0.02;-1.55,-0.06,0.56;0.09,0.59,9.59;4.90,2.70
118.81098710,31.89294323,9.52;0.91,265.16,-0.26;-0.38,-4.75,0.02;-1.55,-0.06,0.56;0.09,0.59,9.59;5.03,2.70
118.81098710,31.89294323,9.52;0.91,265.16,-0.26;-0.38,-4.75,0.02;-1.55,-0.06,0.56;0.09,0.59,9.59;5.03,1.80
118.81098710,31.89294323,9.52;0.91,265.16,-0.26;-0.38,-4.75,0.02;-1.55,-0.06,0.56;0.09,0.59,9.59;5.05,1.40
118.81098710,31.89294323,9.52;0.91,265.16,-0.26;-0.38,-4.75,0.02;-1.55,-0.06,0.56;0.09,0.59,9.59;5.06,1.00
118.81098710,31.89294323,9.52;0.91,265.16,-0.26;-0.38,-4.75,0.02;-1.55,-0.06,0.56;0.09,0.59,9.59;5.08,0.70
118.81098710,31.89294323,9.52;0.91,265.16,-0.26;-0.38,-4.75,0.02;-1.55,-0.06,0.56;0.09,0.59,9.59;5.09,0.20
118.81098710,31.89294323,9.52;0.91,265.16,-0.26;-0.38,-4.75,0.02;-1.55,-0.06,0.56;0.09,0.59,9.59;5.11,-0.40
118.81098710,31.89294323,9.52;0.91,265.16,-0.26;-0.38,-4.75,0.02;-1.55,-0.06,0.56;0.09,0.59,9.59;5.12,-0.90
118.81098710,31.89294323,9.52;0.91,265.16,-0.26;-0.38,-4.75,0.02;0.46,0.63,-0.67;0.12,0.85,9.92;5.26,-8.00
118.81098710,31.89294323,9.52;0.91,265.16,-0.26;-0.38,-4.75,0.02;0.46,0.63,-0.67;0.12,0.85,9.92;5.27,-8.60
118.81098710,31.89294323,9.52;0.91,265.16,-0.26;-0.38,-4.75,0.02;0.46,0.63,-0.67;0.12,0.85,9.92;5.28,-9.20
118.81094792,31.89294058,9.57;0.75,265.32,-0.21;-0.41,-5.17,0.11;0.46,0.63,-0.67;0.12,0.85,9.92;5.30,-9.80
118.81094792,31.89294058,9.57;0.75,265.32,-0.21;-0.41,-5.17,0.11;0.46,0.63,-0.67;0.12,0.85,9.92;5.31,-10.40
118.81094792,31.89294058,9.57;0.75,265.32,-0.21;-0.41,-5.17,0.11;0.46,0.63,-0.67;0.12,0.85,9.92;5.31,-11.00
118.81094792,31.89294058,9.57;0.75,265.32,-0.21;-0.41,-5.17,0.11;0.46,0.63,-0.67;0.12,0.85,9.92;5.32,-11.20
118.81094792,31.89294058,9.57;0.75,265.32,-0.21;-0.41,-5.17,0.11;0.46,0.63,-0.67;0.12,0.85,9.92;5.45,-14.70
118.81094792,31.89294058,9.57;0.75,265.32,-0.21;-0.41,-5.17,0.11;0.46,0.63,-0.67;0.12,0.85,9.92;5.46,-14.70
118.81094792,31.89294058,9.57;0.75,265.32,-0.21;-0.41,-5.17,0.11;0.46,0.63,-0.67;0.12,0.85,9.92;5.46,-14.70
118.81094792,31.89294058,9.57;0.75,265.32,-0.21;-0.41,-5.17,0.11;0.46,0.63,-0.67;0.12,0.85,9.92;5.48,-14.70
118.81094792,31.89294058,9.57;0.75,265.32,-0.21;-0.41,-5.17,0.11;0.46,0.63,-0.67;0.12,0.85,9.92;5.50,-14.80
118.81094792,31.89294058,9.57;0.75,265.32,-0.21;-0.41,-5.17,0.11;0.46,0.63,-0.67;0.12,0.85,9.92;5.52,-14.90
118.81094792,31.89294058,9.57;0.75,265.32,-0.21;-0.41,-5.17,0.11;0.46,0.63,-0.67;0.12,0.85,9.92;5.55,-14.90
118.81094792,31.89294058,9.57;0.75,265.32,-0.21;-0.41,-5.17,0.11;0.12,0.16,-1.70;0.02,0.56,9.41;5.67,-14.90
118.81094792,31.89294058,9.57;0.75,265.32,-0.21;-0.41,-5.17,0.11;0.12,0.16,-1.70;0.02,0.56,9.41;5.67,-14.30
118.81094792,31.89294058,9.57;0.75,265.32,-0.21;-0.41,-5.17,0.11;0.12,0.16,-1.70;0.02,0.56,9.41;5.68,-14.10
118.81090836,31.89293832,9.62;0.84,266.54,-0.34;-0.32,-5.52,0.07;0.12,0.16,-1.70;0.02,0.56,9.41;5.69,-14.00
118.81090836,31.89293832,9.62;0.84,266.54,-0.34;-0.32,-5.52,0.07;0.12,0.16,-1.70;0.02,0.56,9.41;5.70,-13.90
118.81090836,31.89293832,9.62;0.84,266.54,-0.34;-0.32,-5.52,0.07;0.12,0.16,-1.70;0.02,0.56,9.41;5.72,-13.80
118.81090836,31.89293832,9.62;0.84,266.54,-0.34;-0.32,-5.52,0.07;0.12,0.16,-1.70;0.02,0.56,9.41;5.72,-13.70
118.81090836,31.89293832,9.62;0.84,266.54,-0.34;-0.32,-5.52,0.07;0.12,0.16,-1.70;0.02,0.56,9.41;5.74,-13.60
118.81090836,31.89293832,9.62;0.84,266.54,-0.34;-0.32,-5.52,0.07;0.12,0.16,-1.70;0.02,0.56,9.41;5.86,-11.40
118.81090836,31.89293832,9.62;0.84,266.54,-0.34;-0.32,-5.52,0.07;0.12,0.16,-1.70;0.02,0.56,9.41;5.87,-11.20
118.81090836,31.89293832,9.62;0.84,266.54,-0.34;-0.32,-5.52,0.07;0.12,0.16,-1.70;0.02,0.56,9.41;5.89,-11.00
118.81090836,31.89293832,9.62;0.84,266.54,-0.34;-0.32,-5.52,0.07;0.12,0.16,-1.70;0.02,0.56,9.41;5.90,-10.80
118.81090836,31.89293832,9.62;0.84,266.54,-0.34;-0.32,-5.52,0.07;0.12,0.16,-1.70;0.02,0.56,9.41;5.90,-10.60
118.81090836,31.89293832,9.62;0.84,266.54,-0.34;-0.32,-5.52,0.07;0.12,0.16,-1.70;0.02,0.56,9.41;5.90,-10.30
118.81090836,31.89293832,9.62;0.84,266.54,-0.34;-0.32,-5.52,0.07;0.48,-0.99,-1.47;-0.06,0.61,10.60;5.92,-10.10
118.81090836,31.89293832,9.62;0.84,266.54,-0.34;-0.32,-5.52,0.07;1.50,0.39,-1.28;-0.01,0.47,9.94;6.05,-9.00
118.81090836,31.89293832,9.62;0.84,266.54,-0.34;-0.32,-5.52,0.07;1.50,0.39,-1.28;-0.01,0.47,9.94;6.06,-8.90
118.81090836,31.89293832,9.62;0.84,266.54,-0.34;-0.32,-5.52,0.07;1.50,0.39,-1.28;-0.01,0.47,9.94;6.07,-8.60
118.81086307,31.89293652,9.67;0.91,267.59,-0.23;-0.22,-5.87,0.08;1.50,0.39,-1.28;-0.01,0.47,9.94;6.07,-8.30
118.81086307,31.89293652,9.67;0.91,267.59,-0.23;-0.22,-5.87,0.08;1.50,0.39,-1.28;-0.01,0.47,9.94;6.07,-8.00
118.81086307,31.89293652,9.67;0.91,267.59,-0.23;-0.22,-5.87,0.08;1.50,0.39,-1.28;-0.01,0.47,9.94;6.08,-7.70
118.81086307,31.89293652,9.67;0.91,267.59,-0.23;-0.22,-5.87,0.08;1.50,0.39,-1.28;-0.01,0.47,9.94;6.08,-7.40
118.81086307,31.89293652,9.67;0.91,267.59,-0.23;-0.22,-5.87,0.08;1.50,0.39,-1.28;-0.01,0.47,9.94;6.17,-7.40
118.81086307,31.89293652,9.67;0.91,267.59,-0.23;-0.22,-5.87,0.08;1.50,0.39,-1.28;-0.01,0.47,9.94;6.17,-5.40
118.81086307,31.89293652,9.67;0.91,267.59,-0.23;-0.22,-5.87,0.08;1.50,0.39,-1.28;-0.01,0.47,9.94;6.18,-5.30
118.81086307,31.89293652,9.67;0.91,267.59,-0.23;-0.22,-5.87,0.08;1.50,0.39,-1.28;-0.01,0.47,9.94;6.19,-5.20
118.81086307,31.89293652,9.67;0.91,267.59,-0.23;-0.22,-5.87,0.08;1.50,0.39,-1.28;-0.01,0.47,9.94;6.20,-5.20
118.81086307,31.89293652,9.67;0.91,267.59,-0.23;-0.22,-5.87,0.08;1.50,0.39,-1.28;-0.01,0.47,9.94;6.21,-5.20
118.81086307,31.89293652,9.67;0.91,267.59,-0.23;-0.22,-5.87,0.08;1.50,0.39,-1.28;-0.01,0.47,9.94;6.22,-5.20
118.81086307,31.89293652,9.67;0.91,267.59,-0.23;-0.22,-5.87,0.08;1.43,-1.00,-0.53;0.07,0.35,10.49;6.22,-5.10
118.81086307,31.89293652,9.67;0.91,267.59,-0.23;-0.22,-5.87,0.08;1.43,-1.00,-0.53;0.07,0.35,10.49;6.28,-5.10
118.81086307,31.89293652,9.67;0.91,267.59,-0.23;-0.22,-5.87,0.08;1.43,-1.00,-0.53;0.07,0.35,10.49;6.28,-4.50
118.81081877,31.89293530,9.74;0.88,268.09,-0.12;-0.19,-6.05,0.10;1.43,-1.00,-0.53;0.07,0.35,10.49;6.28,-4.50
118.81081877,31.89293530,9.74;0.88,268.09,-0.12;-0.19,-6.05,0.10;1.43,-1.00,-0.53;0.07,0.35,10.49;6.28,-4.40
118.81081877,31.89293530,9.74;0.88,268.09,-0.12;-0.19,-6.05,0.10;1.43,-1.00,-0.53;0.07,0.35,10.49;6.28,-4.40
118.81081877,31.89293530,9.74;0.88,268.09,-0.12;-0.19,-6.05,0.10;1.43,-1.00,-0.53;0.07,0.35,10.49;6.28,-4.20
118.81081877,31.89293530,9.74;0.88,268.09,-0.12;-0.19,-6.05,0.10;1.43,-1.00,-0.53;0.07,0.35,10.49;6.34,-4.20
118.81081877,31.89293530,9.74;0.88,268.09,-0.12;-0.19,-6.05,0.10;1.43,-1.00,-0.53;0.07,0.35,10.49;6.34,-3.40
118.81081877,31.89293530,9.74;0.88,268.09,-0.12;-0.19,-6.05,0.10;1.43,-1.00,-0.53;0.07,0.35,10.49;6.35,-3.50
118.81081877,31.89293530,9.74;0.88,268.09,-0.12;-0.19,-6.05,0.10;1.43,-1.00,-0.53;0.07,0.35,10.49;6.35,-3.60
118.81081877,31.89293530,9.74;0.88,268.09,-0.12;-0.19,-6.05,0.10;1.43,-1.00,-0.53;0.07,0.35,10.49;6.35,-3.60
118.81081877,31.89293530,9.74;0.88,268.09,-0.12;-0.19,-6.05,0.10;1.43,-1.00,-0.53;0.07,0.35,10.49;6.35,-3.70
118.81081877,31.89293530,9.74;0.88,268.09,-0.12;-0.19,-6.05,0.10;1.43,-1.00,-0.53;0.07,0.35,10.49;6.36,-3.70
118.81081877,31.89293530,9.74;0.88,268.09,-0.12;-0.19,-6.05,0.10;1.19,-0.25,-0.38;-0.00,0.90,10.09;6.36,-3.70
118.81081877,31.89293530,9.74;0.88,268.09,-0.12;-0.19,-6.05,0.10;-0.39,-0.39,-0.16;0.05,0.56,9.06;6.40,-3.70
118.81081877,31.89293530,9.74;0.88,268.09,-0.12;-0.19,-6.05,0.10;-0.39,-0.39,-0.16;0.05,0.56,9.06;6.41,-5.70
118.81081877,31.89293530,9.74;0.88,268.09,-0.12;-0.19,-6.05,0.10;-0.39,-0.39,-0.16;0.05,0.56,9.06;6.41,-6.20
118.81077015,31.89293435,9.83;0.75,268.47,-0.07;-0.14,-6.20,0.15;-0.39,-0.39,-0.16;0.05,0.56,9.06;6.42,-6.70
118.81077015,31.89293435,9.83;0.75,268.47,-0.07;-0.14,-6.20,0.15;-0.39,-0.39,-0.16;0.05,0.56,9.06;6.43,-7.20
118.81077015,31.89293435,9.83;0.75,268.47,-0.07;-0.14,-6.20,0.15;-0.39,-0.39,-0.16;0.05,0.56,9.06;6.44,-7.70
118.81077015,31.89293435,9.83;0.75,268.47,-0.07;-0.14,-6.20,0.15;-0.39,-0.39,-0.16;0.05,0.56,9.06;6.47,-7.70
118.81077015,31.89293435,9.83;0.75,268.47,-0.07;-0.14,-6.20,0.15;-0.39,-0.39,-0.16;0.05,0.56,9.06;6.47,-9.30
118.81077015,31.89293435,9.83;0.75,268.47,-0.07;-0.14,-6.20,0.15;-0.39,-0.39,-0.16;0.05,0.56,9.06;6.47,-9.00
118.81077015,31.89293435,9.83;0.75,268.47,-0.07;-0.14,-6.20,0.15;-0.39,-0.39,-0.16;0.05,0.56,9.06;6.47,-8.70
118.81077015,31.89293435,9.83;0.75,268.47,-0.07;-0.14,-6.20,0.15;-0.39,-0.39,-0.16;0.05,0.56,9.06;6.46,-8.50
118.81077015,31.89293435,9.83;0.75,268.47,-0.07;-0.14,-6.20,0.15;-0.39,-0.39,-0.16;0.05,0.56,9.06;6.46,-8.30
118.81077015,31.89293435,9.83;0.75,268.47,-0.07;-0.14,-6.20,0.15;-0.39,-0.39,-0.16;0.05,0.56,9.06;6.46,-8.10
118.81077015,31.89293435,9.83;0.75,268.47,-0.07;-0.14,-6.20,0.15;-1.07,-0.63,-0.63;-0.04,0.01,9.26;6.46,-7.90
118.81077015,31.89293435,9.83;0.75,268.47,-0.07;-0.14,-6.20,0.15;-1.07,-0.63,-0.63;-0.04,0.01,9.26;6.47,-3.00
118.81077015,31.89293435,9.83;0.75,268.47,-0.07;-0.14,-6.20,0.15;-1.07,-0.63,-0.63;-0.04,0.01,9.26;6.47,-2.70
118.81077015,31.89293435,9.83;0.75,268.47,-0.07;-0.14,-6.20,0.15;-1.07,-0.63,-0.63;-0.04,0.01,9.26;6.47,-2.40
118.81072422,31.89293381,9.90;0.67,269.14,-0.11;-0.06,-6.22,0.10;-1.07,-0.63,-0.63;-0.04,0.01,9.26;6.47,-2.20
118.81072422,31.89293381,9.90;0.67,269.14,-0.11;-0.06,-6.22,0.10;-1.07,-0.63,-0.63;-0.04,0.01,9.26;6.48,-2.00
118.81072422,31.89293381,9.90;0.67,269.14,-0.11;-0.06,-6.22,0.10;-1.07,-0.63,-0.63;-0.04,0.01,9.26;6.48,-1.80
118.81072422,31.89293381,9.90;0.67,269.14,-0.11;-0.06,-6.22,0.10;-1.07,-0.63,-0.63;-0.04,0.01,9.26;6.48,-1.70
118.81072422,31.89293381,9.90;0.67,269.14,-0.11;-0.06,-6.22,0.10;-1.07,-0.63,-0.63;-0.04,0.01,9.26;6.49,1.70
118.81072422,31.89293381,9.90;0.67,269.14,-0.11;-0.06,-6.22,0.10;-1.07,-0.63,-0.63;-0.04,0.01,9.26;6.49,1.80
118.81072422,31.89293381,9.90;0.67,269.14,-0.11;-0.06,-6.22,0.10;-1.07,-0.63,-0.63;-0.04,0.01,9.26;6.49,2.00
118.81072422,31.89293381,9.90;0.67,269.14,-0.11;-0.06,-6.22,0.10;-1.07,-0.63,-0.63;-0.04,0.01,9.26;6.49,2.20
118.81072422,31.89293381,9.90;0.67,269.14,-0.11;-0.06,-6.22,0.10;-1.07,-0.63,-0.63;-0.04,0.01,9.26;6.48,2.50
118.81072422,31.89293381,9.90;0.67,269.14,-0.11;-0.06,-6.22,0.10;-1.07,-0.63,-0.63;-0.04,0.01,9.26;6.48,2.80
118.81072422,31.89293381,9.90;0.67,269.14,-0.11;-0.06,-6.22,0.10;-1.08,-0.00,0.51;0.11,0.06,10.36;6.48,3.30
118.81072422,31.89293381,9.90;0.67,269.14,-0.11;-0.06,-6.22,0.10;-0.00,0.35,2.22;-0.37,-0.12,9.37;6.48,3.30
118.81072422,31.89293381,9.90;0.67,269.14,-0.11;-0.06,-6.22,0.10;-0.00,0.35,2.22;-0.37,-0.12,9.37;6.48,18.80
118.81072422,31.89293381,9.90;0.67,269.14,-0.11;-0.06,-6.22,0.10;-0.00,0.35,2.22;-0.37,-0.12,9.37;6.49,20.30
118.81072422,31.89293381,9.90;0.67,269.14,-0.11;-0.06,-6.22,0.10;-0.00,0.35,2.22;-0.37,-0.12,9.37;6.49,21.70
118.81067484,31.89293330,9.97;0.75,268.25,0.02;-0.15,-6.25,0.16;-0.00,0.35,2.22;-0.37,-0.12,9.37;6.50,22.40
118.81067484,31.89293330,9.97;0.75,268.25,0.02;-0.15,-6.25,0.16;-0.00,0.35,2.22;-0.37,-0.12,9.37;6.50,23.80
118.81067484,31.89293330,9.97;0.75,268.25,0.02;-0.15,-6.25,0.16;-0.00,0.35,2.22;-0.37,-0.12,9.37;6.51,25.20
118.81067484,31.89293330,9.97;0.75,268.25,0.02;-0.15,-6.25,0.16;-0.00,0.35,2.22;-0.37,-0.12,9.37;6.51,26.60
118.81067484,31.89293330,9.97;0.75,268.25,0.02;-0.15,-6.25,0.16;-0.00,0.35,2.22;-0.37,-0.12,9.37;6.51,32.40
118.81067484,31.89293330,9.97;0.75,268.25,0.02;-0.15,-6.25,0.16;-0.00,0.35,2.22;-0.37,-0.12,9.37;6.51,31.80
118.81067484,31.89293330,9.97;0.75,268.25,0.02;-0.15,-6.25,0.16;-0.00,0.35,2.22;-0.37,-0.12,9.37;6.51,31.10
118.81067484,31.89293330,9.97;0.75,268.25,0.02;-0.15,-6.25,0.16;-0.00,0.35,2.22;-0.37,-0.12,9.37;6.51,30.40
118.81067484,31.89293330,9.97;0.75,268.25,0.02;-0.15,-6.25,0.16;-0.00,0.35,2.22;-0.37,-0.12,9.37;6.51,29.60
118.81067484,31.89293330,9.97;0.75,268.25,0.02;-0.15,-6.25,0.16;-0.00,0.35,2.22;-0.37,-0.12,9.37;6.51,28.80
118.81067484,31.89293330,9.97;0.75,268.25,0.02;-0.15,-6.25,0.16;0.38,-0.17,2.42;-0.40,0.00,10.09;6.51,27.80
118.81067484,31.89293330,9.97;0.75,268.25,0.02;-0.15,-6.25,0.16;0.38,-0.17,2.42;-0.40,0.00,10.09;6.51,5.40
118.81067484,31.89293330,9.97;0.75,268.25,0.02;-0.15,-6.25,0.16;0.38,-0.17,2.42;-0.40,0.00,10.09;6.52,4.30
118.81067484,31.89293330,9.97;0.75,268.25,0.02;-0.15,-6.25,0.16;0.38,-0.17,2.42;-0.40,0.00,10.09;6.52,2.10
118.81062875,31.89293122,10.04;0.53,265.72,0.14;-0.44,-6.23,0.13;0.38,-0.17,2.42;-0.40,0.00,10.09;6.52,-0.10
118.81062875,31.89293122,10.04;0.53,265.72,0.14;-0.44,-6.23,0.13;0.38,-0.17,2.42;-0.40,0.00,10.09;6.52,-2.20
118.81062875,31.89293122,10.04;0.53,265.72,0.14;-0.44,-6.23,0.13;0.38,-0.17,2.42;-0.40,0.00,10.09;6.51,-4.20
118.81062875,31.89293122,10.04;0.53,265.72,0.14;-0.44,-6.23,0.13;0.38,-0.17,2.42;-0.40,0.00,10.09;6.50,-6.10
118.81062875,31.89293122,10.04;0.53,265.72,0.14;-0.44,-6.23,0.13;0.38,-0.17,2.42;-0.40,0.00,10.09;6.50,-6.10
118.81062875,31.89293122,10.04;0.53,265.72,0.14;-0.44,-6.23,0.13;0.38,-0.17,2.42;-0.40,0.00,10.09;6.50,-11.50
118.81062875,31.89293122,10.04;0.53,265.72,0.14;-0.44,-6.23,0.13;0.38,-0.17,2.42;-0.40,0.00,10.09;6.50,-11.40
118.81062875,31.89293122,10.04;0.53,265.72,0.14;-0.44,-6.23,0.13;0.38,-0.17,2.42;-0.40,0.00,10.09;6.50,-11.40
118.81062875,31.89293122,10.04;0.53,265.72,0.14;-0.44,-6.23,0.13;0.38,-0.17,2.42;-0.40,0.00,10.09;6.50,-11.40
118.81062875,31.89293122,10.04;0.53,265.72,0.14;-0.44,-6.23,0.13;0.38,-0.17,2.42;-0.40,0.00,10.09;6.50,-11.40
118.81062875,31.89293122,10.04;0.53,265.72,0.14;-0.44,-6.23,0.13;0.10,1.10,-1.46;0.41,0.04,9.61;6.50,-11.50
118.81062875,31.89293122,10.04;0.53,265.72,0.14;-0.44,-6.23,0.13;-0.12,-1.46,-1.75;0.15,0.15,10.40;6.50,-11.60
118.81062875,31.89293122,10.04;0.53,265.72,0.14;-0.44,-6.23,0.13;-0.12,-1.46,-1.75;0.15,0.15,10.40;6.50,-11.60
118.81062875,31.89293122,10.04;0.53,265.72,0.14;-0.44,-6.23,0.13;-0.12,-1.46,-1.75;0.15,0.15,10.40;6.50,-16.30
118.81062875,31.89293122,10.04;0.53,265.72,0.14;-0.44,-6.23,0.13;-0.12,-1.46,-1.75;0.15,0.15,10.40;6.50,-17.10
118.81057944,31.89292866,10.12;0.52,267.12,0.19;-0.31,-6.23,0.15;-0.12,-1.46,-1.75;0.15,0.15,10.40;6.50,-17.90
118.81057944,31.89292866,10.12;0.52,267.12,0.19;-0.31,-6.23,0.15;-0.12,-1.46,-1.75;0.15,0.15,10.40;6.51,-18.80
118.81057944,31.89292866,10.12;0.52,267.12,0.19;-0.31,-6.23,0.15;-0.12,-1.46,-1.75;0.15,0.15,10.40;6.51,-19.70
118.81057944,31.89292866,10.12;0.52,267.12,0.19;-0.31,-6.23,0.15;-0.12,-1.46,-1.75;0.15,0.15,10.40;6.50,-19.70
118.81057944,31.89292866,10.12;0.52,267.12,0.19;-0.31,-6.23,0.15;-0.12,-1.46,-1.75;0.15,0.15,10.40;6.50,-27.00
118.81057944,31.89292866,10.12;0.52,267.12,0.19;-0.31,-6.23,0.15;-0.12,-1.46,-1.75;0.15,0.15,10.40;6.50,-26.80
118.81057944,31.89292866,10.12;0.52,267.12,0.19;-0.31,-6.23,0.15;-0.12,-1.46,-1.75;0.15,0.15,10.40;6.51,-26.40
118.81057944,31.89292866,10.12;0.52,267.12,0.19;-0.31,-6.23,0.15;-0.12,-1.46,-1.75;0.15,0.15,10.40;6.51,-26.30
118.81057944,31.89292866,10.12;0.52,267.12,0.19;-0.31,-6.23,0.15;-0.12,-1.46,-1.75;0.15,0.15,10.40;6.51,-25.90
118.81057944,31.89292866,10.12;0.52,267.12,0.19;-0.31,-6.23,0.15;-0.25,-0.39,-3.35;0.26,-0.04,9.95;6.51,-25.50
118.81057944,31.89292866,10.12;0.52,267.12,0.19;-0.31,-6.23,0.15;-0.25,-0.39,-3.35;0.26,-0.04,9.95;6.51,-25.00
118.81057944,31.89292866,10.12;0.52,267.12,0.19;-0.31,-6.23,0.15;-0.25,-0.39,-3.35;0.26,-0.04,9.95;6.52,-20.30
118.81057944,31.89292866,10.12;0.52,267.12,0.19;-0.31,-6.23,0.15;-0.25,-0.39,-3.35;0.26,-0.04,9.95;6.52,-19.80
118.81057944,31.89292866,10.12;0.52,267.12,0.19;-0.31,-6.23,0.15;-0.25,-0.39,-3.35;0.26,-0.04,9.95;6.52,-19.30
118.81054645,31.89292774,10.17;0.61,269.05,0.08;-0.09,-6.24,0.13;-0.25,-0.39,-3.35;0.26,-0.04,9.95;6.53,-18.90
118.81052986,31.89292760,10.20;0.50,269.78,0.16;-0.02,-6.31,0.09;-0.25,-0.39,-3.35;0.26,-0.04,9.95;6.52,-18.40
118.81052986,31.89292760,10.20;0.50,269.78,0.16;-0.02,-6.31,0.09;-0.25,-0.39,-3.35;0.26,-0.04,9.95;6.52,-17.90
118.81052986,31.89292760,10.20;0.50,269.78,0.16;-0.02,-6.31,0.09;-0.25,-0.39,-3.35;0.26,-0.04,9.95;6.53,-17.30
118.81052986,31.89292760,10.20;0.50,269.78,0.16;-0.02,-6.31,0.09;-0.25,-0.39,-3.35;0.26,-0.04,9.95;6.53,0.70
118.81052986,31.89292760,10.20;0.50,269.78,0.16;-0.02,-6.31,0.09;-0.25,-0.39,-3.35;0.26,-0.04,9.95;6.67,2.00
118.81052986,31.89292760,10.20;0.50,269.78,0.16;-0.02,-6.31,0.09;-0.25,-0.39,-3.35;0.26,-0.04,9.95;6.68,4.60
118.81052986,31.89292760,10.20;0.50,269.78,0.16;-0.02,-6.31,0.09;-0.25,-0.39,-3.35;0.26,-0.04,9.95;6.69,7.30
118.81052986,31.89292760,10.20;0.50,269.78,0.16;-0.02,-6.31,0.09;-0.25,-0.39,-3.35;0.26,-0.04,9.95;6.72,10.00
118.81052986,31.89292760,10.20;0.50,269.78,0.16;-0.02,-6.31,0.09;-0.25,-0.39,-3.35;0.26,-0.04,9.95;6.73,12.60
118.81052986,31.89292760,10.20;0.50,269.78,0.16;-0.02,-6.31,0.09;-0.08,-0.92,5.19;-0.77,1.19,9.69;6.75,14.90
118.81052986,31.89292760,10.20;0.50,269.78,0.16;-0.02,-6.31,0.09;-0.08,-0.92,5.19;-0.77,1.19,9.69;6.92,14.90
118.81052986,31.89292760,10.20;0.50,269.78,0.16;-0.02,-6.31,0.09;-0.08,-0.92,5.19;-0.77,1.19,9.69;6.92,50.20
118.81052986,31.89292760,10.20;0.50,269.78,0.16;-0.02,-6.31,0.09;-0.08,-0.92,5.19;-0.77,1.19,9.69;6.94,53.10
118.81052986,31.89292760,10.20;0.50,269.78,0.16;-0.02,-6.31,0.09;-0.08,-0.92,5.19;-0.77,1.19,9.69;6.96,55.70
118.81048120,31.89292753,10.29;1.19,267.23,0.59;-0.14,-6.74,0.06;-0.08,-0.92,5.19;-0.77,1.19,9.69;6.98,57.00
118.81048120,31.89292753,10.29;1.19,267.23,0.59;-0.14,-6.74,0.06;-0.08,-0.92,5.19;-0.77,1.19,9.69;7.00,59.40
118.81048120,31.89292753,10.29;1.19,267.23,0.59;-0.14,-6.74,0.06;-0.08,-0.92,5.19;-0.77,1.19,9.69;7.01,61.50
118.81048120,31.89292753,10.29;1.19,267.23,0.59;-0.14,-6.74,0.06;-0.08,-0.92,5.19;-0.77,1.19,9.69;7.02,63.50
118.81048120,31.89292753,10.29;1.19,267.23,0.59;-0.14,-6.74,0.06;-0.08,-0.92,5.19;-0.77,1.19,9.69;7.08,79.00
118.81048120,31.89292753,10.29;1.19,267.23,0.59;-0.14,-6.74,0.06;-0.08,-0.92,5.19;-0.77,1.19,9.69;7.09,80.40
118.81048120,31.89292753,10.29;1.19,267.23,0.59;-0.14,-6.74,0.06;-0.08,-0.92,5.19;-0.77,1.19,9.69;7.08,82.30
118.81048120,31.89292753,10.29;1.19,267.23,0.59;-0.14,-6.74,0.06;-0.08,-0.92,5.19;-0.77,1.19,9.69;7.10,84.60
118.81048120,31.89292753,10.29;1.19,267.23,0.59;-0.14,-6.74,0.06;-0.08,-0.92,5.19;-0.77,1.19,9.69;7.12,86.90
118.81048120,31.89292753,10.29;1.19,267.23,0.59;-0.14,-6.74,0.06;4.85,3.78,18.41;-3.18,-1.56,10.52;7.12,89.30
118.81048120,31.89292753,10.29;1.19,267.23,0.59;-0.14,-6.74,0.06;4.85,3.78,18.41;-3.18,-1.56,10.52;7.11,91.70
118.81048120,31.89292753,10.29;1.19,267.23,0.59;-0.14,-6.74,0.06;4.85,3.78,18.41;-3.18,-1.56,10.52;7.07,99.60
118.81048120,31.89292753,10.29;1.19,267.23,0.59;-0.14,-6.74,0.06;4.85,3.78,18.41;-3.18,-1.56,10.52;7.20,99.30
118.81048120,31.89292753,10.29;1.19,267.23,0.59;-0.14,-6.74,0.06;4.85,3.78,18.41;-3.18,-1.56,10.52;7.21,98.80
118.81048120,31.89292753,10.29;1.19,267.23,0.59;-0.14,-6.74,0.06;4.85,3.78,18.41;-3.18,-1.56,10.52;7.24,98.10
118.81042705,31.89292180,10.42;0.65,255.66,0.42;-1.69,-6.88,0.17;4.85,3.78,18.41;-3.18,-1.56,10.52;7.23,97.20
118.81042705,31.89292180,10.42;0.65,255.66,0.42;-1.69,-6.88,0.17;4.85,3.78,18.41;-3.18,-1.56,10.52;7.24,96.00
118.81042705,31.89292180,10.42;0.65,255.66,0.42;-1.69,-6.88,0.17;4.85,3.78,18.41;-3.18,-1.56,10.52;7.27,94.30
118.81042705,31.89292180,10.42;0.65,255.66,0.42;-1.69,-6.88,0.17;4.85,3.78,18.41;-3.18,-1.56,10.52;7.44,94.30
118.81042705,31.89292180,10.42;0.65,255.66,0.42;-1.69,-6.88,0.17;4.85,3.78,18.41;-3.18,-1.56,10.52;7.44,24.80
118.81042705,31.89292180,10.42;0.65,255.66,0.42;-1.69,-6.88,0.17;4.85,3.78,18.41;-3.18,-1.56,10.52;7.46,17.70
118.81042705,31.89292180,10.42;0.65,255.66,0.42;-1.69,-6.88,0.17;4.85,3.78,18.41;-3.18,-1.56,10.52;7.47,10.20
118.81042705,31.89292180,10.42;0.65,255.66,0.42;-1.69,-6.88,0.17;4.85,3.78,18.41;-3.18,-1.56,10.52;7.47,6.90
118.81042705,31.89292180,10.42;0.65,255.66,0.42;-1.69,-6.88,0.17;-0.53,-2.25,-7.12;1.00,1.04,9.98;7.48,-0.10
118.81042705,31.89292180,10.42;0.65,255.66,0.42;-1.69,-6.88,0.17;-0.53,-2.25,-7.12;1.00,1.04,9.98;7.49,-7.10
118.81042705,31.89292180,10.42;0.65,255.66,0.42;-1.69,-6.88,0.17;-0.53,-2.25,-7.12;1.00,1.04,9.98;7.51,-14.10
118.81042705,31.89292180,10.42;0.65,255.66,0.42;-1.69,-6.88,0.17;-0.53,-2.25,-7.12;1.00,1.04,9.98;7.68,-83.50
118.81042705,31.89292180,10.42;0.65,255.66,0.42;-1.69,-6.88,0.17;-0.53,-2.25,-7.12;1.00,1.04,9.98;7.68,-87.10
118.81042705,31.89292180,10.42;0.65,255.66,0.42;-1.69,-6.88,0.17;-0.53,-2.25,-7.12;1.00,1.04,9.98;7.69,-90.50
118.81037531,31.89290905,10.53;-0.90,257.15,0.54;-1.72,-7.25,0.18;-0.53,-2.25,-7.12;1.00,1.04,9.98;7.72,-93.70
118.81037531,31.89290905,10.53;-0.90,257.15,0.54;-1.72,-7.25,0.18;-0.53,-2.25,-7.12;1.00,1.04,9.98;7.73,-96.60
118.81037531,31.89290905,10.53;-0.90,257.15,0.54;-1.72,-7.25,0.18;-0.53,-2.25,-7.12;1.00,1.04,9.98;7.73,-99.20
118.81037531,31.89290905,10.53;-0.90,257.15,0.54;-1.72,-7.25,0.18;-0.53,-2.25,-7.12;1.00,1.04,9.98;7.75,-101.60
118.81037531,31.89290905,10.53;-0.90,257.15,0.54;-1.72,-7.25,0.18;-0.53,-2.25,-7.12;1.00,1.04,9.98;7.88,-108.50
118.81037531,31.89290905,10.53;-0.90,257.15,0.54;-1.72,-7.25,0.18;-0.53,-2.25,-7.12;1.00,1.04,9.98;7.90,-107.50
118.81037531,31.89290905,10.53;-0.90,257.15,0.54;-1.72,-7.25,0.18;-0.53,-2.25,-7.12;1.00,1.04,9.98;7.90,-105.00
118.81037531,31.89290905,10.53;-0.90,257.15,0.54;-1.72,-7.25,0.18;-0.53,-2.25,-7.12;1.00,1.04,9.98;7.92,-101.50
118.81037531,31.89290905,10.53;-0.90,257.15,0.54;-1.72,-7.25,0.18;-0.40,0.02,-18.29;2.34,0.83,10.00;7.93,-97.30
118.81037531,31.89290905,10.53;-0.90,257.15,0.54;-1.72,-7.25,0.18;0.53,2.20,-12.47;2.45,0.77,9.71;7.94,-92.30
118.81037531,31.89290905,10.53;-0.90,257.15,0.54;-1.72,-7.25,0.18;0.53,2.20,-12.47;2.45,0.77,9.71;7.95,-86.70
118.81037531,31.89290905,10.53;-0.90,257.15,0.54;-1.72,-7.25,0.18;0.53,2.20,-12.47;2.45,0.77,9.71;8.09,-86.70
118.81037531,31.89290905,10.53;-0.90,257.15,0.54;-1.72,-7.25,0.18;0.53,2.20,-12.47;2.45,0.77,9.71;8.09,3.60
118.81037531,31.89290905,10.53;-0.90,257.15,0.54;-1.72,-7.25,0.18;0.53,2.20,-12.47;2.45,0.77,9.71;8.11,9.50
118.81037531,31.89290905,10.53;-0.90,257.15,0.54;-1.72,-7.25,0.18;0.53,2.20,-12.47;2.45,0.77,9.71;8.11,15.10
118.81031508,31.89290302,10.66;0.70,265.61,0.55;-0.50,-7.89,0.21;0.53,2.20,-12.47;2.45,0.77,9.71;8.11,17.60
118.81031508,31.89290302,10.66;0.70,265.61,0.55;-0.50,-7.89,0.21;0.53,2.20,-12.47;2.45,0.77,9.71;8.12,23.20
118.81031508,31.89290302,10.66;0.70,265.61,0.55;-0.50,-7.89,0.21;0.53,2.20,-12.47;2.45,0.77,9.71;8.14,28.10
118.81031508,31.89290302,10.66;0.70,265.61,0.55;-0.50,-7.89,0.21;0.53,2.20,-12.47;2.45,0.77,9.71;8.14,30.50
118.81031508,31.89290302,10.66;0.70,265.61,0.55;-0.50,-7.89,0.21;0.53,2.20,-12.47;2.45,0.77,9.71;8.31,30.50
118.81031508,31.89290302,10.66;0.70,265.61,0.55;-0.50,-7.89,0.21;0.53,2.20,-12.47;2.45,0.77,9.71;8.32,87.20
118.81031508,31.89290302,10.66;0.70,265.61,0.55;-0.50,-7.89,0.21;0.53,2.20,-12.47;2.45,0.77,9.71;8.32,88.90
118.81031508,31.89290302,10.66;0.70,265.61,0.55;-0.50,-7.89,0.21;0.53,2.20,-12.47;2.45,0.77,9.71;8.33,89.60
118.81031508,31.89290302,10.66;0.70,265.61,0.55;-0.50,-7.89,0.21;-0.44,0.64,15.69;-2.58,1.74,9.86;8.34,89.30
118.81031508,31.89290302,10.66;0.70,265.61,0.55;-0.50,-7.89,0.21;-0.44,0.64,15.69;-2.58,1.74,9.86;8.35,88.10
118.81031508,31.89290302,10.66;0.70,265.61,0.55;-0.50,-7.89,0.21;-0.44,0.64,15.69;-2.58,1.74,9.86;8.44,88.10
118.81031508,31.89290302,10.66;0.70,265.61,0.55;-0.50,-7.89,0.21;-0.44,0.64,15.69;-2.58,1.74,9.86;8.44,18.70
118.81031508,31.89290302,10.66;0.70,265.61,0.55;-0.50,-7.89,0.21;-0.44,0.64,15.69;-2.58,1.74,9.86;8.45,11.20
118.81031508,31.89290302,10.66;0.70,265.61,0.55;-0.50,-7.89,0.21;-0.44,0.64,15.69;-2.58,1.74,9.86;8.45,4.10
118.81025597,31.89289577,10.81;-0.37,258.06,-0.22;-1.78,-8.06,0.08;-0.44,0.64,15.69;-2.58,1.74,9.86;8.47,0.70
118.81025597,31.89289577,10.81;-0.37,258.06,-0.22;-1.78,-8.06,0.08;-0.44,0.64,15.69;-2.58,1.74,9.86;8.48,-6.30
118.81025597,31.89289577,10.81;-0.37,258.06,-0.22;-1.78,-8.06,0.08;-0.44,0.64,15.69;-2.58,1.74,9.86;8.50,-13.30
118.81025597,31.89289577,10.81;-0.37,258.06,-0.22;-1.78,-8.06,0.08;-0.44,0.64,15.69;-2.58,1.74,9.86;8.52,-20.10
118.81025597,31.89289577,10.81;-0.37,258.06,-0.22;-1.78,-8.06,0.08;-0.44,0.64,15.69;-2.58,1.74,9.86;8.67,-87.40
118.81025597,31.89289577,10.81;-0.37,258.06,-0.22;-1.78,-8.06,0.08;-0.44,0.64,15.69;-2.58,1.74,9.86;8.67,-90.60
118.81025597,31.89289577,10.81;-0.37,258.06,-0.22;-1.78,-8.06,0.08;-0.44,0.64,15.69;-2.58,1.74,9.86;8.67,-93.60
118.81025597,31.89289577,10.81;-0.37,258.06,-0.22;-1.78,-8.06,0.08;-0.44,0.64,15.69;-2.58,1.74,9.86;8.67,-96.20
118.81025597,31.89289577,10.81;-0.37,258.06,-0.22;-1.78,-8.06,0.08;1.61,0.52,-20.46;3.68,0.22,9.96;8.66,-98.60
118.81025597,31.89289577,10.81;-0.37,258.06,-0.22;-1.78,-8.06,0.08;1.61,0.52,-20.46;3.68,0.22,9.96;8.66,-100.60
118.81025597,31.89289577,10.81;-0.37,258.06,-0.22;-1.78,-8.06,0.08;1.61,0.52,-20.46;3.68,0.22,9.96;8.65,-102.20
118.81025597,31.89289577,10.81;-0.37,258.06,-0.22;-1.78,-8.06,0.08;1.61,0.52,-20.46;3.68,0.22,9.96;8.66,-67.50
118.81025597,31.89289577,10.81;-0.37,258.06,-0.22;-1.78,-8.06,0.08;1.61,0.52,-20.46;3.68,0.22,9.96;8.79,-64.20
118.81025597,31.89289577,10.81;-0.37,258.06,-0.22;-1.78,-8.06,0.08;1.61,0.52,-20.46;3.68,0.22,9.96;8.79,-57.00
118.81025597,31.89289577,10.81;-0.37,258.06,-0.22;-1.78,-8.06,0.08;1.61,0.52,-20.46;3.68,0.22,9.96;8.80,-49.70
118.81018988,31.89288904,10.93;-0.09,268.76,0.84;-0.10,-8.58,0.35;1.61,0.52,-20.46;3.68,0.22,9.96;8.81,-42.30
118.81018988,31.89288904,10.93;-0.09,268.76,0.84;-0.10,-8.58,0.35;1.61,0.52,-20.46;3.68,0.22,9.96;8.83,-34.50
118.81018988,31.89288904,10.93;-0.09,268.76,0.84;-0.10,-8.58,0.35;1.61,0.52,-20.46;3.68,0.22,9.96;8.83,-27.40
118.81018988,31.89288904,10.93;-0.09,268.76,0.84;-0.10,-8.58,0.35;1.61,0.52,-20.46;3.68,0.22,9.96;8.93,-27.40
118.81018988,31.89288904,10.93;-0.09,268.76,0.84;-0.10,-8.58,0.35;1.61,0.52,-20.46;3.68,0.22,9.96;8.93,36.40
118.81018988,31.89288904,10.93;-0.09,268.76,0.84;-0.10,-8.58,0.35;1.61,0.52,-20.46;3.68,0.22,9.96;8.95,39.60
118.81018988,31.89288904,10.93;-0.09,268.76,0.84;-0.10,-8.58,0.35;1.61,0.52,-20.46;3.68,0.22,9.96;9.03,42.90
118.81018988,31.89288904,10.93;-0.09,268.76,0.84;-0.10,-8.58,0.35;5.60,0.58,12.68;-2.41,0.59,8.77;9.05,44.60
118.81018988,31.89288904,10.93;-0.09,268.76,0.84;-0.10,-8.58,0.35;5.60,0.58,12.68;-2.41,0.59,8.77;9.05,47.80
118.81018988,31.89288904,10.93;-0.09,268.76,0.84;-0.10,-8.58,0.35;5.60,0.58,12.68;-2.41,0.59,8.77;9.07,51.00
118.81018988,31.89288904,10.93;-0.09,268.76,0.84;-0.10,-8.58,0.35;5.60,0.58,12.68;-2.41,0.59,8.77;9.09,54.10
118.81018988,31.89288904,10.93;-0.09,268.76,0.84;-0.10,-8.58,0.35;5.60,0.58,12.68;-2.41,0.59,8.77;9.26,43.30
118.81018988,31.89288904,10.93;-0.09,268.76,0.84;-0.10,-8.58,0.35;5.60,0.58,12.68;-2.41,0.59,8.77;9.25,38.60
118.81018988,31.89288904,10.93;-0.09,268.76,0.84;-0.10,-8.58,0.35;5.60,0.58,12.68;-2.41,0.59,8.77;9.25,33.60
118.81012525,31.89288668,11.13;0.25,262.93,1.19;-1.09,-8.85,0.41;5.60,0.58,12.68;-2.41,0.59,8.77;9.24,28.10
118.81012525,31.89288668,11.13;0.25,262.93,1.19;-1.09,-8.85,0.41;5.60,0.58,12.68;-2.41,0.59,8.77;9.25,22.30
118.81012525,31.89288668,11.13;0.25,262.93,1.19;-1.09,-8.85,0.41;5.60,0.58,12.68;-2.41,0.59,8.77;9.25,16.20
118.81012525,31.89288668,11.13;0.25,262.93,1.19;-1.09,-8.85,0.41;5.60,0.58,12.68;-2.41,0.59,8.77;9.27,9.90
118.81012525,31.89288668,11.13;0.25,262.93,1.19;-1.09,-8.85,0.41;5.60,0.58,12.68;-2.41,0.59,8.77;9.27,-69.50
118.81012525,31.89288668,11.13;0.25,262.93,1.19;-1.09,-8.85,0.41;5.60,0.58,12.68;-2.41,0.59,8.77;9.38,-71.50
118.81012525,31.89288668,11.13;0.25,262.93,1.19;-1.09,-8.85,0.41;5.60,0.58,12.68;-2.41,0.59,8.77;9.38,-75.40
118.81012525,31.89288668,11.13;0.25,262.93,1.19;-1.09,-8.85,0.41;1.17,-7.46,-2.33;-0.64,0.54,8.30;9.36,-78.80
118.81012525,31.89288668,11.13;0.25,262.93,1.19;-1.09,-8.85,0.41;-0.12,0.54,-17.32;3.69,0.56,9.46;9.36,-81.50
118.81012525,31.89288668,11.13;0.25,262.93,1.19;-1.09,-8.85,0.41;-0.12,0.54,-17.32;3.69,0.56,9.46;9.35,-83.50
118.81012525,31.89288668,11.13;0.25,262.93,1.19;-1.09,-8.85,0.41;-0.12,0.54,-17.32;3.69,0.56,9.46;9.35,-84.70
118.81012525,31.89288668,11.13;0.25,262.93,1.19;-1.09,-8.85,0.41;-0.12,0.54,-17.32;3.69,0.56,9.46;9.40,-84.70
118.81012525,31.89288668,11.13;0.25,262.93,1.19;-1.09,-8.85,0.41;-0.12,0.54,-17.32;3.69,0.56,9.46;9.40,-44.30
118.81012525,31.89288668,11.13;0.25,262.93,1.19;-1.09,-8.85,0.41;-0.12,0.54,-17.32;3.69,0.56,9.46;9.40,-38.00
118.81012525,31.89288668,11.13;0.25,262.93,1.19;-1.09,-8.85,0.41;-0.12,0.54,-17.32;3.69,0.56,9.46;9.41,-31.90
118.81005400,31.89288262,11.41;-0.18,270.80,1.76;0.21,-9.13,0.44;-0.12,0.54,-17.32;3.69,0.56,9.46;9.42,-28.80
118.81005400,31.89288262,11.41;-0.18,270.80,1.76;0.21,-9.13,0.44;-0.12,0.54,-17.32;3.69,0.56,9.46;9.43,-23.20
118.81005400,31.89288262,11.41;-0.18,270.80,1.76;0.21,-9.13,0.44;-0.12,0.54,-17.32;3.69,0.56,9.46;9.44,-17.20
118.81005400,31.89288262,11.41;-0.18,270.80,1.76;0.21,-9.13,0.44;-0.12,0.54,-17.32;3.69,0.56,9.46;9.44,-11.70
118.81005400,31.89288262,11.41;-0.18,270.80,1.76;0.21,-9.13,0.44;-0.12,0.54,-17.32;3.69,0.56,9.46;9.59,37.40
118.81005400,31.89288262,11.41;-0.18,270.80,1.76;0.21,-9.13,0.44;-0.12,0.54,-17.32;3.69,0.56,9.46;9.60,40.00
118.81005400,31.89288262,11.41;-0.18,270.80,1.76;0.21,-9.13,0.44;-0.12,0.54,-17.32;3.69,0.56,9.46;9.62,42.60
118.81005400,31.89288262,11.41;-0.18,270.80,1.76;0.21,-9.13,0.44;2.38,0.02,11.17;-1.87,0.47,9.95;9.63,44.80
118.81005400,31.89288262,11.41;-0.18,270.80,1.76;0.21,-9.13,0.44;2.38,0.02,11.17;-1.87,0.47,9.95;9.64,46.80
118.81005400,31.89288262,11.41;-0.18,270.80,1.76;0.21,-9.13,0.44;2.38,0.02,11.17;-1.87,0.47,9.95;9.64,48.40
118.81005400,31.89288262,11.41;-0.18,270.80,1.76;0.21,-9.13,0.44;2.38,0.02,11.17;-1.87,0.47,9.95;9.65,49.50
118.81005400,31.89288262,11.41;-0.18,270.80,1.76;0.21,-9.13,0.44;2.38,0.02,11.17;-1.87,0.47,9.95;9.66,17.90
118.81005400,31.89288262,11.41;-0.18,270.80,1.76;0.21,-9.13,0.44;2.38,0.02,11.17;-1.87,0.47,9.95;9.72,15.80
118.81005400,31.89288262,11.41;-0.18,270.80,1.76;0.21,-9.13,0.44;2.38,0.02,11.17;-1.87,0.47,9.95;9.72,11.50
118.80998576,31.89288171,11.73;0.07,266.10,2.20;-0.66,-9.31,0.55;2.38,0.02,11.17;-1.87,0.47,9.95;9.72,7.70
118.80998576,31.89288171,11.73;0.07,266.10,2.20;-0.66,-9.31,0.55;2.38,0.02,11.17;-1.87,0.47,9.95;9.72,4.10
118.80998576,31.89288171,11.73;0.07,266.10,2.20;-0.66,-9.31,0.55;2.38,0.02,11.17;-1.87,0.47,9.95;9.73,0.80
118.80998576,31.89288171,11.73;0.07,266.10,2.20;-0.66,-9.31,0.55;2.38,0.02,11.17;-1.87,0.47,9.95;9.72,-2.20
118.80998576,31.89288171,11.73;0.07,266.10,2.20;-0.66,-9.31,0.55;2.38,0.02,11.17;-1.87,0.47,9.95;9.77,-2.20
118.80998576,31.89288171,11.73;0.07,266.10,2.20;-0.66,-9.31,0.55;2.38,0.02,11.17;-1.87,0.47,9.95;9.77,-10.10
118.80998576,31.89288171,11.73;0.07,266.10,2.20;-0.66,-9.31,0.55;2.38,0.02,11.17;-1.87,0.47,9.95;9.75,-8.90
118.80998576,31.89288171,11.73;0.07,266.10,2.20;-0.66,-9.31,0.55;-12.98,-1.08,-0.74;0.76,0.15,13.97;9.72,-7.70
118.80998576,31.89288171,11.73;0.07,266.10,2.20;-0.66,-9.31,0.55;-12.98,-1.08,-0.74;0.76,0.15,13.97;9.69,-7.10
118.80998576,31.89288171,11.73;0.07,266.10,2.20;-0.66,-9.31,0.55;-12.98,-1.08,-0.74;0.76,0.15,13.97;9.66,-5.90
118.80998576,31.89288171,11.73;0.07,266.10,2.20;-0.66,-9.31,0.55;-12.98,-1.08,-0.74;0.76,0.15,13.97;9.64,-4.90
118.80998576,31.89288171,11.73;0.07,266.10,2.20;-0.66,-9.31,0.55;-12.98,-1.08,-0.74;0.76,0.15,13.97;9.59,-4.10
118.80998576,31.89288171,11.73;0.07,266.10,2.20;-0.66,-9.31,0.55;-12.98,-1.08,-0.74;0.76,0.15,13.97;9.22,-5.30
118.80998576,31.89288171,11.73;0.07,266.10,2.20;-0.66,-9.31,0.55;-12.98,-1.08,-0.74;0.76,0.15,13.97;9.22,-6.10
118.80998576,31.89288171,11.73;0.07,266.10,2.20;-0.66,-9.31,0.55;-12.98,-1.08,-0.74;0.76,0.15,13.97;9.22,-6.90
118.80991380,31.89287826,12.17;0.07,267.04,0.58;-0.49,-8.80,0.09;-12.98,-1.08,-0.74;0.76,0.15,13.97;9.22,-7.80
118.80991380,31.89287826,12.17;0.07,267.04,0.58;-0.49,-8.80,0.09;-12.98,-1.08,-0.74;0.76,0.15,13.97;9.24,-9.00
118.80991380,31.89287826,12.17;0.07,267.04,0.58;-0.49,-8.80,0.09;-12.98,-1.08,-0.74;0.76,0.15,13.97;9.24,-10.30
118.80991380,31.89287826,12.17;0.07,267.04,0.58;-0.49,-8.80,0.09;-12.98,-1.08,-0.74;0.76,0.15,13.97;9.25,-11.40
118.80991380,31.89287826,12.17;0.07,267.04,0.58;-0.49,-8.80,0.09;-12.98,-1.08,-0.74;0.76,0.15,13.97;9.03,-26.90
118.80991380,31.89287826,12.17;0.07,267.04,0.58;-0.49,-8.80,0.09;-12.98,-1.08,-0.74;0.76,0.15,13.97;9.01,-27.10
118.80991380,31.89287826,12.17;0.07,267.04,0.58;-0.49,-8.80,0.09;-0.88,-0.28,-5.61;0.92,-0.80,8.46;8.99,-27.50
118.80991380,31.89287826,12.17;0.07,267.04,0.58;-0.49,-8.80,0.09;-0.88,-0.28,-5.61;0.92,-0.80,8.46;8.97,-27.90
118.80991380,31.89287826,12.17;0.07,267.04,0.58;-0.49,-8.80,0.09;-0.88,-0.28,-5.61;0.92,-0.80,8.46;8.96,-28.10
118.80991380,31.89287826,12.17;0.07,267.04,0.58;-0.49,-8.80,0.09;-0.88,-0.28,-5.61;0.92,-0.80,8.46;8.94,-28.40
118.80991380,31.89287826,12.17;0.07,267.04,0.58;-0.49,-8.80,0.09;-0.88,-0.28,-5.61;0.92,-0.80,8.46;8.94,-28.60
118.80991380,31.89287826,12.17;0.07,267.04,0.58;-0.49,-8.80,0.09;-0.88,-0.28,-5.61;0.92,-0.80,8.46;8.80,-28.60
118.80991380,31.89287826,12.17;0.07,267.04,0.58;-0.49,-8.80,0.09;-0.88,-0.28,-5.61;0.92,-0.80,8.46;8.80,-24.10
118.80991380,31.89287826,12.17;0.07,267.04,0.58;-0.49,-8.80,0.09;-0.88,-0.28,-5.61;0.92,-0.80,8.46;8.78,-23.60
118.80984610,31.89287693,12.29;0.02,270.70,-0.27;0.11,-8.28,0.15;-0.88,-0.28,-5.61;0.92,-0.80,8.46;8.79,-23.10
118.80984610,31.89287693,12.29;0.02,270.70,-0.27;0.11,-8.28,0.15;-0.88,-0.28,-5.61;0.92,-0.80,8.46;8.78,-22.90
118.80984610,31.89287693,12.29;0.02,270.70,-0.27;0.11,-8.28,0.15;-0.88,-0.28,-5.61;0.92,-0.80,8.46;8.76,-22.40
118.80984610,31.89287693,12.29;0.02,270.70,-0.27;0.11,-8.28,0.15;-0.88,-0.28,-5.61;0.92,-0.80,8.46;8.73,-21.80
118.80984610,31.89287693,12.29;0.02,270.70,-0.27;0.11,-8.28,0.15;-0.88,-0.28,-5.61;0.92,-0.80,8.46;8.73,-21.60
118.80984610,31.89287693,12.29;0.02,270.70,-0.27;0.11,-8.28,0.15;-0.88,-0.28,-5.61;0.92,-0.80,8.46;8.51,-21.60
118.80984610,31.89287693,12.29;0.02,270.70,-0.27;0.11,-8.28,0.15;-2.31,1.78,-2.46;0.48,-0.89,9.00;8.49,-15.00
118.80984610,31.89287693,12.29;0.02,270.70,-0.27;0.11,-8.28,0.15;-2.31,1.78,-2.46;0.48,-0.89,9.00;8.49,-14.40
118.80984610,31.89287693,12.29;0.02,270.70,-0.27;0.11,-8.28,0.15;-2.31,1.78,-2.46;0.48,-0.89,9.00;8.47,-13.80
118.80984610,31.89287693,12.29;0.02,270.70,-0.27;0.11,-8.28,0.15;-2.31,1.78,-2.46;0.48,-0.89,9.00;8.47,-13.20
118.80984610,31.89287693,12.29;0.02,270.70,-0.27;0.11,-8.28,0.15;-2.31,1.78,-2.46;0.48,-0.89,9.00;8.45,-12.60
118.80984610,31.89287693,12.29;0.02,270.70,-0.27;0.11,-8.28,0.15;-2.31,1.78,-2.46;0.48,-0.89,9.00;8.32,-12.60
118.80984610,31.89287693,12.29;0.02,270.70,-0.27;0.11,-8.28,0.15;-2.31,1.78,-2.46;0.48,-0.89,9.00;8.32,0.50
118.80984610,31.89287693,12.29;0.02,270.70,-0.27;0.11,-8.28,0.15;-2.31,1.78,-2.46;0.48,-0.89,9.00;8.32,1.80
118.80984610,31.89287693,12.29;0.02,270.70,-0.27;0.11,-8.28,0.15;-2.31,1.78,-2.46;0.48,-0.89,9.00;8.30,3.00
118.80978651,31.89287855,12.36;0.40,271.93,-1.05;0.30,-7.76,0.05;-2.31,1.78,-2.46;0.48,-0.89,9.00;8.28,3.60
118.80978651,31.89287855,12.36;0.40,271.93,-1.05;0.30,-7.76,0.05;-2.31,1.78,-2.46;0.48,-0.89,9.00;8.26,4.60
118.80978651,31.89287855,12.36;0.40,271.93,-1.05;0.30,-7.76,0.05;-2.31,1.78,-2.46;0.48,-0.89,9.00;8.24,5.50
118.80978651,31.89287855,12.36;0.40,271.93,-1.05;0.30,-7.76,0.05;-2.31,1.78,-2.46;0.48,-0.89,9.00;8.22,6.10
118.80978651,31.89287855,12.36;0.40,271.93,-1.05;0.30,-7.76,0.05;-2.31,1.78,-2.46;0.48,-0.89,9.00;7.79,7.20
118.80978651,31.89287855,12.36;0.40,271.93,-1.05;0.30,-7.76,0.05;-2.31,1.78,-2.46;0.48,-0.89,9.00;7.73,7.40
118.80978651,31.89287855,12.36;0.40,271.93,-1.05;0.30,-7.76,0.05;-1.27,1.54,1.35;0.16,-2.45,9.76;7.70,7.60
118.80978651,31.89287855,12.36;0.40,271.93,-1.05;0.30,-7.76,0.05;-1.27,1.54,1.35;0.16,-2.45,9.76;7.66,7.80
118.80978651,31.89287855,12.36;0.40,271.93,-1.05;0.30,-7.76,0.05;-1.27,1.54,1.35;0.16,-2.45,9.76;7.61,8.00
118.80978651,31.89287855,12.36;0.40,271.93,-1.05;0.30,-7.76,0.05;-1.27,1.54,1.35;0.16,-2.45,9.76;7.61,8.20
118.80978651,31.89287855,12.36;0.40,271.93,-1.05;0.30,-7.76,0.05;-1.27,1.54,1.35;0.16,-2.45,9.76;7.57,8.40
118.80978651,31.89287855,12.36;0.40,271.93,-1.05;0.30,-7.76,0.05;-1.27,1.54,1.35;0.16,-2.45,9.76;7.52,8.60
118.80978651,31.89287855,12.36;0.40,271.93,-1.05;0.30,-7.76,0.05;-1.27,1.54,1.35;0.16,-2.45,9.76;6.82,8.70
118.80978651,31.89287855,12.36;0.40,271.93,-1.05;0.30,-7.76,0.05;-1.27,1.54,1.35;0.16,-2.45,9.76;6.77,8.80
118.80978651,31.89287855,12.36;0.40,271.93,-1.05;0.30,-7.76,0.05;-1.27,1.54,1.35;0.16,-2.45,9.76;6.72,8.80
118.80973143,31.89287996,12.45;0.24,271.02,-1.59;0.11,-6.01,0.04;-1.27,1.54,1.35;0.16,-2.45,9.76;6.67,8.60
118.80973143,31.89287996,12.45;0.24,271.02,-1.59;0.11,-6.01,0.04;-1.27,1.54,1.35;0.16,-2.45,9.76;6.61,8.50
118.80973143,31.89287996,12.45;0.24,271.02,-1.59;0.11,-6.01,0.04;-1.27,1.54,1.35;0.16,-2.45,9.76;6.55,8.30
118.80973143,31.89287996,12.45;0.24,271.02,-1.59;0.11,-6.01,0.04;-1.27,1.54,1.35;0.16,-2.45,9.76;5.94,8.30
118.80973143,31.89287996,12.45;0.24,271.02,-1.59;0.11,-6.01,0.04;-1.27,1.54,1.35;0.16,-2.45,9.76;5.94,8.20
118.80973143,31.89287996,12.45;0.24,271.02,-1.59;0.11,-6.01,0.04;-2.28,-0.06,1.12;-0.20,-2.88,9.39;5.88,8.10
118.80973143,31.89287996,12.45;0.24,271.02,-1.59;0.11,-6.01,0.04;-2.28,-0.06,1.12;-0.20,-2.88,9.39;5.82,8.00
118.80973143,31.89287996,12.45;0.24,271.02,-1.59;0.11,-6.01,0.04;-2.28,-0.06,1.12;-0.20,-2.88,9.39;5.76,8.00
118.80973143,31.89287996,12.45;0.24,271.02,-1.59;0.11,-6.01,0.04;-2.28,-0.06,1.12;-0.20,-2.88,9.39;5.69,7.80
118.80973143,31.89287996,12.45;0.24,271.02,-1.59;0.11,-6.01,0.04;-2.28,-0.06,1.12;-0.20,-2.88,9.39;5.63,7.70
118.80973143,31.89287996,12.45;0.24,271.02,-1.59;0.11,-6.01,0.04;-2.28,-0.06,1.12;-0.20,-2.88,9.39;5.56,7.60
118.80973143,31.89287996,12.45;0.24,271.02,-1.59;0.11,-6.01,0.04;-2.28,-0.06,1.12;-0.20,-2.88,9.39;4.86,8.40
118.80973143,31.89287996,12.45;0.24,271.02,-1.59;0.11,-6.01,0.04;-2.28,-0.06,1.12;-0.20,-2.88,9.39;4.80,8.20
118.80973143,31.89287996,12.45;0.24,271.02,-1.59;0.11,-6.01,0.04;-2.28,-0.06,1.12;-0.20,-2.88,9.39;4.74,7.90
118.80969404,31.89288037,12.45;0.37,270.39,-2.18;0.03,-4.09,-0.03;-2.28,-0.06,1.12;-0.20,-2.88,9.39;4.68,7.70
118.80969404,31.89288037,12.45;0.37,270.39,-2.18;0.03,-4.09,-0.03;-2.28,-0.06,1.12;-0.20,-2.88,9.39;4.61,7.50
118.80969404,31.89288037,12.45;0.37,270.39,-2.18;0.03,-4.09,-0.03;-2.28,-0.06,1.12;-0.20,-2.88,9.39;4.61,7.30
118.80969404,31.89288037,12.45;0.37,270.39,-2.18;0.03,-4.09,-0.03;-2.28,-0.06,1.12;-0.20,-2.88,9.39;4.56,7.20
118.80969404,31.89288037,12.45;0.37,270.39,-2.18;0.03,-4.09,-0.03;-2.28,-0.06,1.12;-0.20,-2.88,9.39;3.85,7.70
118.80969404,31.89288037,12.45;0.37,270.39,-2.18;0.03,-4.09,-0.03;-1.05,0.30,0.84;-0.03,-3.08,9.37;3.79,7.70
118.80969404,31.89288037,12.45;0.37,270.39,-2.18;0.03,-4.09,-0.03;1.57,0.04,0.55;0.11,-2.48,10.05;3.79,7.60
118.80969404,31.89288037,12.45;0.37,270.39,-2.18;0.03,-4.09,-0.03;1.57,0.04,0.55;0.11,-2.48,10.05;3.74,7.50
118.80969404,31.89288037,12.45;0.37,270.39,-2.18;0.03,-4.09,-0.03;1.57,0.04,0.55;0.11,-2.48,10.05;3.69,7.30
118.80969404,31.89288037,12.45;0.37,270.39,-2.18;0.03,-4.09,-0.03;1.57,0.04,0.55;0.11,-2.48,10.05;3.64,7.10
118.80969404,31.89288037,12.45;0.37,270.39,-2.18;0.03,-4.09,-0.03;1.57,0.04,0.55;0.11,-2.48,10.05;3.59,7.00
118.80969404,31.89288037,12.45;0.37,270.39,-2.18;0.03,-4.09,-0.03;1.57,0.04,0.55;0.11,-2.48,10.05;2.94,7.00
118.80969404,31.89288037,12.45;0.37,270.39,-2.18;0.03,-4.09,-0.03;1.57,0.04,0.55;0.11,-2.48,10.05;2.94,7.30
118.80969404,31.89288037,12.45;0.37,270.39,-2.18;0.03,-4.09,-0.03;1.57,0.04,0.55;0.11,-2.48,10.05;2.89,7.30
118.80969404,31.89288037,12.45;0.37,270.39,-2.18;0.03,-4.09,-0.03;1.57,0.04,0.55;0.11,-2.48,10.05;2.84,7.20
118.80966920,31.89288054,12.42;0.43,269.97,-1.75;-0.00,-2.31,0.00;1.57,0.04,0.55;0.11,-2.48,10.05;2.79,7.20
118.80966920,31.89288054,12.42;0.43,269.97,-1.75;-0.00,-2.31,0.00;1.57,0.04,0.55;0.11,-2.48,10.05;2.74,7.10
118.80966920,31.89288054,12.42;0.43,269.97,-1.75;-0.00,-2.31,0.00;1.57,0.04,0.55;0.11,-2.48,10.05;2.70,7.10
118.80966920,31.89288054,12.42;0.43,269.97,-1.75;-0.00,-2.31,0.00;1.57,0.04,0.55;0.11,-2.48,10.05;2.66,7.20
118.80966920,31.89288054,12.42;0.43,269.97,-1.75;-0.00,-2.31,0.00;-0.23,-0.26,0.52;0.09,-1.91,9.66;2.15,6.70
118.80966920,31.89288054,12.42;0.43,269.97,-1.75;-0.00,-2.31,0.00;-0.23,-0.26,0.52;0.09,-1.91,9.66;2.12,6.60
118.80966920,31.89288054,12.42;0.43,269.97,-1.75;-0.00,-2.31,0.00;-0.23,-0.26,0.52;0.09,-1.91,9.66;2.08,6.60
118.80966920,31.89288054,12.42;0.43,269.97,-1.75;-0.00,-2.31,0.00;-0.23,-0.26,0.52;0.09,-1.91,9.66;2.05,6.50
118.80966920,31.89288054,12.42;0.43,269.97,-1.75;-0.00,-2.31,0.00;-0.23,-0.26,0.52;0.09,-1.91,9.66;2.01,6.50
118.80966920,31.89288054,12.42;0.43,269.97,-1.75;-0.00,-2.31,0.00;-0.23,-0.26,0.52;0.09,-1.91,9.66;2.01,6.50
118.80966920,31.89288054,12.42;0.43,269.97,-1.75;-0.00,-2.31,0.00;-0.23,-0.26,0.52;0.09,-1.91,9.66;1.98,6.40
118.80966920,31.89288054,12.42;0.43,269.97,-1.75;-0.00,-2.31,0.00;-0.23,-0.26,0.52;0.09,-1.91,9.66;1.51,3.10
118.80966920,31.89288054,12.42;0.43,269.97,-1.75;-0.00,-2.31,0.00;-0.23,-0.26,0.52;0.09,-1.91,9.66;1.47,2.90
118.80966920,31.89288054,12.42;0.43,269.97,-1.75;-0.00,-2.31,0.00;-0.23,-0.26,0.52;0.09,-1.91,9.66;1.43,2.30
118.80965680,31.89288055,12.42;0.24,269.77,-1.57;0.00,-1.05,-0.00;-0.23,-0.26,0.52;0.09,-1.91,9.66;1.41,1.80
118.80965680,31.89288055,12.42;0.24,269.77,-1.57;0.00,-1.05,-0.00;-0.23,-0.26,0.52;0.09,-1.91,9.66;1.37,1.50
118.80965680,31.89288055,12.42;0.24,269.77,-1.57;0.00,-1.05,-0.00;-0.23,-0.26,0.52;0.09,-1.91,9.66;1.34,1.20
118.80965680,31.89288055,12.42;0.24,269.77,-1.57;0.00,-1.05,-0.00;-0.23,-0.26,0.52;0.09,-1.91,9.66;1.30,1.00
118.80965680,31.89288055,12.42;0.24,269.77,-1.57;0.00,-1.05,-0.00;-0.23,-0.26,0.52;0.09,-1.91,9.66;0.86,1.00
118.80965680,31.89288055,12.42;0.24,269.77,-1.57;0.00,-1.05,-0.00;-0.29,-0.03,0.17;-0.09,-2.22,9.76;0.86,1.50
118.80965680,31.89288055,12.42;0.24,269.77,-1.57;0.00,-1.05,-0.00;-0.29,-0.03,0.17;-0.09,-2.22,9.76;0.83,1.60
118.80965680,31.89288055,12.42;0.24,269.77,-1.57;0.00,-1.05,-0.00;-0.29,-0.03,0.17;-0.09,-2.22,9.76;0.79,1.60
118.80965680,31.89288055,12.42;0.24,269.77,-1.57;0.00,-1.05,-0.00;-0.29,-0.03,0.17;-0.09,-2.22,9.76;0.76,1.60
118.80965680,31.89288055,12.42;0.24,269.77,-1.57;0.00,-1.05,-0.00;-0.29,-0.03,0.17;-0.09,-2.22,9.76;0.72,1.60
118.80965680,31.89288055,12.42;0.24,269.77,-1.57;0.00,-1.05,-0.00;-0.29,-0.03,0.17;-0.09,-2.22,9.76;0.68,1.60
118.80965680,31.89288055,12.42;0.24,269.77,-1.57;0.00,-1.05,-0.00;-0.29,-0.03,0.17;-0.09,-2.22,9.76;0.66,1.60
118.80965680,31.89288055,12.42;0.24,269.77,-1.57;0.00,-1.05,-0.00;-0.29,-0.03,0.17;-0.09,-2.22,9.76;0.24,1.50
118.80965680,31.89288055,12.42;0.24,269.77,-1.57;0.00,-1.05,-0.00;-0.29,-0.03,0.17;-0.09,-2.22,9.76;0.23,1.50
118.80965680,31.89288055,12.42;0.24,269.77,-1.57;0.00,-1.05,-0.00;-0.29,-0.03,0.17;-0.09,-2.22,9.76;0.23,1.50
118.80965373,31.89288053,12.44;0.23,269.73,-1.16;-0.01,0.04,-0.07;-0.29,-0.03,0.17;-0.09,-2.22,9.76;0.22,1.50
118.80965373,31.89288053,12.44;0.23,269.73,-1.16;-0.01,0.04,-0.07;-0.29,-0.03,0.17;-0.09,-2.22,9.76;0.21,1.60
118.80965373,31.89288053,12.44;0.23,269.73,-1.16;-0.01,0.04,-0.07;-0.29,-0.03,0.17;-0.09,-2.22,9.76;0.21,1.60
118.80965373,31.89288053,12.44;0.23,269.73,-1.16;-0.01,0.04,-0.07;-0.29,-0.03,0.17;-0.09,-2.22,9.76;0.21,1.70
118.80965373,31.89288053,12.44;0.23,269.73,-1.16;-0.01,0.04,-0.07;-0.22,0.16,0.33;0.22,-0.22,9.43;0.12,1.70
118.80965373,31.89288053,12.44;0.23,269.73,-1.16;-0.01,0.04,-0.07;-0.22,0.16,0.33;0.22,-0.22,9.43;0.10,1.70
118.80965373,31.89288053,12.44;0.23,269.73,-1.16;-0.01,0.04,-0.07;-0.22,0.16,0.33;0.22,-0.22,9.43;0.09,1.70
118.80965373,31.89288053,12.44;0.23,269.73,-1.16;-0.01,0.04,-0.07;-0.22,0.16,0.33;0.22,-0.22,9.43;0.09,1.70
118.80965373,31.89288053,12.44;0.23,269.73,-1.16;-0.01,0.04,-0.07;-0.22,0.16,0.33;0.22,-0.22,9.43;0.08,1.70
118.80965373,31.89288053,12.44;0.23,269.73,-1.16;-0.01,0.04,-0.07;-0.22,0.16,0.33;0.22,-0.22,9.43;0.08,1.70
118.80965373,31.89288053,12.44;0.23,269.73,-1.16;-0.01,0.04,-0.07;-0.22,0.16,0.33;0.22,-0.22,9.43;0.07,1.70
118.80965373,31.89288053,12.44;0.23,269.73,-1.16;-0.01,0.04,-0.07;-0.22,0.16,0.33;0.22,-0.22,9.43;0.00,1.70
118.80965373,31.89288053,12.44;0.23,269.73,-1.16;-0.01,0.04,-0.07;-0.22,0.16,0.33;0.22,-0.22,9.43;0.00,1.70
118.80965373,31.89288053,12.44;0.23,269.73,-1.16;-0.01,0.04,-0.07;-0.22,0.16,0.33;0.22,-0.22,9.43;0.00,1.70
118.80965376,31.89288053,12.44;0.20,269.73,-0.99;0.00,-0.01,0.01;-0.22,0.16,0.33;0.22,-0.22,9.43;0.00,1.70
118.80965376,31.89288053,12.44;0.20,269.73,-0.99;0.00,-0.01,0.01;-0.22,0.16,0.33;0.22,-0.22,9.43;0.00,1.80
118.80965376,31.89288053,12.44;0.20,269.73,-0.99;0.00,-0.01,0.01;-0.22,0.16,0.33;0.22,-0.22,9.43;0.00,1.80
118.80965376,31.89288053,12.44;0.20,269.73,-0.99;0.00,-0.01,0.01;-0.22,0.16,0.33;0.22,-0.22,9.43;0.00,1.80
118.80965376,31.89288053,12.44;0.20,269.73,-0.99;0.00,-0.01,0.01;0.32,0.18,0.06;0.19,-0.16,9.82;0.00,1.80
118.80965376,31.89288053,12.44;0.20,269.73,-0.99;0.00,-0.01,0.01;0.13,-0.01,0.04;0.07,-0.07,9.84;0.00,1.80
118.80965376,31.89288053,12.44;0.20,269.73,-0.99;0.00,-0.01,0.01;0.13,-0.01,0.04;0.07,-0.07,9.84;0.00,1.90
118.80965376,31.89288053,12.44;0.20,269.73,-0.99;0.00,-0.01,0.01;0.13,-0.01,0.04;0.07,-0.07,9.84;0.00,1.90
118.80965376,31.89288053,12.44;0.20,269.73,-0.99;0.00,-0.01,0.01;0.13,-0.01,0.04;0.07,-0.07,9.84;0.00,1.90
118.80965376,31.89288053,12.44;0.20,269.73,-0.99;0.00,-0.01,0.01;0.13,-0.01,0.04;0.07,-0.07,9.84;0.00,1.90
118.80965376,31.89288053,12.44;0.20,269.73,-0.99;0.00,-0.01,0.01;0.13,-0.01,0.04;0.07,-0.07,9.84;0.00,1.90
118.80965376,31.89288053,12.44;0.20,269.73,-0.99;0.00,-0.01,0.01;0.13,-0.01,0.04;0.07,-0.07,9.84;0.00,1.90
118.80965376,31.89288053,12.44;0.20,269.73,-0.99;0.00,-0.01,0.01;0.13,-0.01,0.04;0.07,-0.07,9.84;0.00,2.00
118.80965376,31.89288053,12.44;0.20,269.73,-0.99;0.00,-0.01,0.01;0.13,-0.01,0.04;0.07,-0.07,9.84;0.00,2.00
