31.88332725	118.81730676	1.424
31.88332749	118.81730861	1.424
31.88332773	118.81731053	1.426
31.88332803	118.81731284	1.429
31.88332837	118.81731557	1.432
31.88332863	118.81731782	1.434
31.88332892	118.81732021	1.435
31.88332921	118.81732275	1.437
31.88332950	118.81732542	1.439
31.88332980	118.81732822	1.440
31.88333011	118.81733113	1.441
31.88333043	118.81733414	1.440
31.88333064	118.81733621	1.440
31.88333086	118.81733835	1.439
31.88333109	118.81734055	1.439
31.88333133	118.81734280	1.439
31.88333158	118.81734510	1.439
31.88333183	118.81734745	1.439
31.88333209	118.81734985	1.439
31.88333235	118.81735227	1.438
31.88333261	118.81735474	1.438
31.88333288	118.81735723	1.437
31.88333315	118.81735976	1.436
31.88333343	118.81736232	1.436
31.88333371	118.81736493	1.435
31.88333401	118.81736760	1.434
31.88333431	118.81737032	1.433
31.88333464	118.81737311	1.433
31.88333497	118.81737596	1.433
31.88333531	118.81737887	1.432
31.88333566	118.81738185	1.432
31.88333602	118.81738489	1.432
31.88333641	118.81738800	1.432
31.88333679	118.81739119	1.432
31.88333717	118.81739445	1.433
31.88333754	118.81739779	1.433
31.88333793	118.81740120	1.435
31.88333831	118.81740466	1.436
31.88333870	118.81740819	1.438
31.88333911	118.81741179	1.439
31.88333949	118.81741546	1.440
31.88333986	118.81741921	1.441
31.88334026	118.81742303	1.443
31.88334066	118.81742692	1.444
31.88334106	118.81743089	1.445
31.88334146	118.81743494	1.447
31.88334187	118.81743907	1.448
31.88334209	118.81744116	1.449
31.88334230	118.81744326	1.450
31.88334251	118.81744539	1.450
31.88334273	118.81744753	1.449
31.88334295	118.81744969	1.449
31.88334317	118.81745187	1.448
31.88334339	118.81745407	1.447
31.88334362	118.81745628	1.446
31.88334385	118.81745851	1.446
31.88334409	118.81746076	1.445
31.88334432	118.81746302	1.445
31.88334456	118.81746531	1.444
31.88334480	118.81746761	1.444
31.88334505	118.81746993	1.443
31.88334530	118.81747227	1.443
31.88334555	118.81747462	1.442
31.88334580	118.81747699	1.442
31.88334606	118.81747938	1.441
31.88334632	118.81748178	1.441
31.88334657	118.81748420	1.440
31.88334684	118.81748663	1.440
31.88334710	118.81748908	1.439
31.88334737	118.81749154	1.439
31.88334764	118.81749402	1.438
31.88334792	118.81749652	1.438
31.88334820	118.81749903	1.438
31.88334848	118.81750156	1.437
31.88334876	118.81750410	1.437
31.88334904	118.81750666	1.437
31.88334932	118.81750924	1.436
31.88334961	118.81751183	1.436
31.88334989	118.81751443	1.436
31.88335018	118.81751705	1.435
31.88335048	118.81751969	1.435
31.88335078	118.81752234	1.435
31.88335108	118.81752500	1.434
31.88335139	118.81752768	1.434
31.88335169	118.81753036	1.434
31.88335199	118.81753307	1.433
31.88335230	118.81753580	1.433
31.88335262	118.81753855	1.433
31.88335294	118.81754131	1.432
31.88335326	118.81754409	1.432
31.88335359	118.81754689	1.432
31.88335392	118.81754970	1.431
31.88335425	118.81755253	1.430
31.88335457	118.81755538	1.430
31.88335491	118.81755824	1.430
31.88335525	118.81756112	1.430
31.88335560	118.81756401	1.430
31.88335595	118.81756691	1.430
31.88335630	118.81756983	1.430
31.88335665	118.81757276	1.431
31.88335700	118.81757571	1.431
31.88335735	118.81757867	1.432
31.88335770	118.81758165	1.432
31.88335805	118.81758464	1.432
31.88335839	118.81758764	1.432
31.88335874	118.81759067	1.433
31.88335909	118.81759368	1.433
31.88335946	118.81759668	1.433
31.88335982	118.81759969	1.434
31.88336019	118.81760272	1.434
31.88336055	118.81760576	1.435
31.88336091	118.81760881	1.436
31.88336126	118.81761188	1.437
31.88336162	118.81761496	1.437
31.88336198	118.81761805	1.438
31.88336234	118.81762116	1.439
31.88336270	118.81762428	1.440
31.88336306	118.81762740	1.441
31.88336341	118.81763056	1.441
31.88336376	118.81763372	1.442
31.88336411	118.81763690	1.442
31.88336446	118.81764009	1.442
31.88336481	118.81764329	1.442
31.88336516	118.81764651	1.443
31.88336552	118.81764973	1.443
31.88336587	118.81765297	1.443
31.88336621	118.81765624	1.443
31.88336654	118.81765954	1.442
31.88336687	118.81766284	1.442
31.88336720	118.81766617	1.442
31.88336754	118.81766950	1.442
31.88336787	118.81767284	1.442
31.88336821	118.81767620	1.441
31.88336855	118.81767956	1.441
31.88336889	118.81768291	1.441
31.88336922	118.81768627	1.441
31.88336956	118.81768964	1.441
31.88336988	118.81769300	1.441
31.88337021	118.81769636	1.441
31.88337053	118.81769973	1.441
31.88337086	118.81770309	1.441
31.88337118	118.81770645	1.441
31.88337151	118.81770982	1.442
31.88337183	118.81771318	1.442
31.88337215	118.81771654	1.442
31.88337247	118.81771990	1.442
31.88337283	118.81772325	1.442
31.88337321	118.81772660	1.442
31.88337360	118.81772995	1.442
31.88337399	118.81773329	1.442
31.88337438	118.81773664	1.442
31.88337475	118.81774000	1.442
31.88337513	118.81774335	1.442
31.88337551	118.81774672	1.442
31.88337589	118.81775009	1.442
31.88337627	118.81775347	1.443
31.88337665	118.81775685	1.443
31.88337702	118.81776023	1.442
31.88337739	118.81776363	1.442
31.88337776	118.81776703	1.442
31.88337814	118.81777042	1.441
31.88337852	118.81777382	1.441
31.88337890	118.81777722	1.441
31.88337928	118.81778062	1.441
31.88337966	118.81778403	1.440
31.88338005	118.81778745	1.439
31.88338042	118.81779089	1.438
31.88338079	118.81779434	1.437
31.88338117	118.81779779	1.436
31.88338155	118.81780125	1.435
31.88338194	118.81780471	1.435
31.88338232	118.81780817	1.434
31.88338271	118.81781163	1.434
31.88338310	118.81781510	1.434
31.88338349	118.81781858	1.434
31.88338388	118.81782205	1.434
31.88338427	118.81782554	1.433
31.88338466	118.81782902	1.433
31.88338505	118.81783252	1.433
31.88338545	118.81783601	1.432
31.88338584	118.81783951	1.432
31.88338624	118.81784301	1.433
31.88338664	118.81784652	1.433
31.88338704	118.81785003	1.433
31.88338743	118.81785355	1.433
31.88338783	118.81785707	1.433
31.88338821	118.81786059	1.433
31.88338860	118.81786411	1.433
31.88338899	118.81786763	1.433
31.88338937	118.81787116	1.433
31.88338976	118.81787469	1.433
31.88339015	118.81787822	1.433
31.88339053	118.81788176	1.433
31.88339092	118.81788529	1.432
31.88339131	118.81788882	1.432
31.88339170	118.81789235	1.432
31.88339209	118.81789588	1.432
31.88339248	118.81789942	1.432
31.88339287	118.81790295	1.432
31.88339327	118.81790647	1.432
31.88339366	118.81791000	1.432
31.88339405	118.81791353	1.431
31.88339444	118.81791706	1.431
31.88339483	118.81792059	1.431
31.88339523	118.81792412	1.431
31.88339562	118.81792765	1.431
31.88339602	118.81793117	1.431
31.88339641	118.81793470	1.430
31.88339680	118.81793822	1.430
31.88339719	118.81794174	1.430
31.88339758	118.81794526	1.429
31.88339798	118.81794878	1.429
31.88339838	118.81795229	1.429
31.88339877	118.81795581	1.429
31.88339917	118.81795933	1.429
31.88339956	118.81796285	1.428
31.88339995	118.81796637	1.428
31.88340035	118.81796988	1.427
31.88340076	118.81797340	1.427
31.88340116	118.81797692	1.426
31.88340157	118.81798044	1.426
31.88340196	118.81798396	1.426
31.88340236	118.81798748	1.425
31.88340276	118.81799100	1.425
31.88340317	118.81799453	1.425
31.88340359	118.81799805	1.425
31.88340397	118.81800151	1.425
31.88340434	118.81800493	1.425
31.88340470	118.81800836	1.425
31.88340506	118.81801178	1.424
31.88340543	118.81801521	1.424
31.88340580	118.81801864	1.425
31.88340616	118.81802206	1.425
31.88340653	118.81802550	1.425
31.88340690	118.81802894	1.425
31.88340726	118.81803238	1.425
31.88340762	118.81803581	1.426
31.88340800	118.81803926	1.426
31.88340837	118.81804271	1.426
31.88340874	118.81804616	1.427
31.88340911	118.81804961	1.427
31.88340946	118.81805305	1.427
31.88340982	118.81805652	1.428
31.88341019	118.81805999	1.428
31.88341058	118.81806344	1.429
31.88341095	118.81806689	1.429
31.88341134	118.81807041	1.429
31.88341172	118.81807398	1.429
31.88341209	118.81807755	1.429
31.88341247	118.81808112	1.428
31.88341288	118.81808470	1.428
31.88341329	118.81808828	1.428
31.88341369	118.81809186	1.429
31.88341409	118.81809545	1.429
31.88341449	118.81809904	1.429
31.88341487	118.81810264	1.429
31.88341527	118.81810623	1.430
31.88341566	118.81810982	1.430
31.88341605	118.81811341	1.431
31.88341645	118.81811701	1.432
31.88341684	118.81812063	1.433
31.88341723	118.81812425	1.433
31.88341762	118.81812788	1.434
31.88341801	118.81813153	1.434
31.88341840	118.81813517	1.435
31.88341879	118.81813882	1.435
31.88341918	118.81814246	1.436
31.88341956	118.81814612	1.437
31.88341995	118.81814978	1.437
31.88342033	118.81815345	1.437
31.88342071	118.81815713	1.438
31.88342109	118.81816082	1.438
31.88342147	118.81816451	1.438
31.88342185	118.81816821	1.438
31.88342223	118.81817192	1.439
31.88342260	118.81817563	1.439
31.88342298	118.81817935	1.439
31.88342336	118.81818308	1.440
31.88342374	118.81818681	1.440
31.88342412	118.81819054	1.441
31.88342449	118.81819428	1.441
31.88342487	118.81819803	1.441
31.88342524	118.81820178	1.442
31.88342562	118.81820554	1.442
31.88342600	118.81820930	1.442
31.88342637	118.81821306	1.443
31.88342676	118.81821686	1.443
31.88342716	118.81822069	1.443
31.88342757	118.81822454	1.443
31.88342797	118.81822837	1.442
31.88342837	118.81823221	1.442
31.88342878	118.81823606	1.442
31.88342919	118.81823991	1.442
31.88342960	118.81824377	1.442
31.88343000	118.81824763	1.442
31.88343041	118.81825149	1.441
31.88343082	118.81825537	1.441
31.88343124	118.81825924	1.441
31.88343165	118.81826312	1.441
31.88343206	118.81826700	1.441
31.88343247	118.81827088	1.441
31.88343289	118.81827478	1.440
31.88343331	118.81827867	1.440
31.88343373	118.81828256	1.440
31.88343415	118.81828647	1.440
31.88343457	118.81829038	1.440
31.88343499	118.81829432	1.440
31.88343540	118.81829829	1.440
31.88343581	118.81830228	1.440
31.88343622	118.81830626	1.440
31.88343663	118.81831024	1.440
31.88343704	118.81831422	1.440
31.88343745	118.81831822	1.441
31.88343787	118.81832223	1.441
31.88343827	118.81832623	1.441
31.88343868	118.81833023	1.441
31.88343909	118.81833426	1.441
31.88343951	118.81833827	1.441
31.88343992	118.81834228	1.442
31.88344033	118.81834630	1.442
31.88344074	118.81835033	1.442
31.88344116	118.81835437	1.442
31.88344157	118.81835840	1.443
31.88344197	118.81836244	1.443
31.88344239	118.81836649	1.443
31.88344280	118.81837053	1.443
31.88344320	118.81837451	1.444
31.88344360	118.81837848	1.444
31.88344400	118.81838245	1.445
31.88344438	118.81838642	1.446
31.88344477	118.81839040	1.447
31.88344517	118.81839437	1.449
31.88344556	118.81839835	1.450
31.88344594	118.81840234	1.451
31.88344631	118.81840634	1.452
31.88344668	118.81841033	1.453
31.88344705	118.81841433	1.454
31.88344742	118.81841833	1.456
31.88344779	118.81842233	1.457
31.88344815	118.81842634	1.459
31.88344850	118.81843035	1.460
31.88344885	118.81843438	1.461
31.88344920	118.81843840	1.462
31.88344954	118.81844243	1.463
31.88344987	118.81844646	1.464
31.88345021	118.81845050	1.465
31.88345054	118.81845454	1.466
31.88345086	118.81845859	1.467
31.88345117	118.81846264	1.467
31.88345148	118.81846669	1.468
31.88345179	118.81847075	1.469
31.88345211	118.81847481	1.470
31.88345242	118.81847887	1.472
31.88345274	118.81848293	1.473
31.88345305	118.81848700	1.473
31.88345335	118.81849107	1.474
31.88345366	118.81849514	1.474
31.88345397	118.81849921	1.474
31.88345428	118.81850329	1.475
31.88345459	118.81850737	1.476
31.88345489	118.81851146	1.477
31.88345519	118.81851554	1.477
31.88345549	118.81851963	1.478
31.88345579	118.81852372	1.478
31.88345609	118.81852781	1.479
31.88345638	118.81853191	1.479
31.88345668	118.81853600	1.479
31.88345698	118.81854010	1.479
31.88345728	118.81854420	1.479
31.88345758	118.81854830	1.479
31.88345789	118.81855239	1.479
31.88345820	118.81855649	1.479
31.88345852	118.81856059	1.479
31.88345884	118.81856470	1.479
31.88345915	118.81856880	1.479
31.88345945	118.81857291	1.478
31.88345975	118.81857702	1.477
31.88346006	118.81858113	1.477
31.88346038	118.81858524	1.476
31.88346071	118.81858935	1.476
31.88346104	118.81859346	1.476
31.88346136	118.81859758	1.476
31.88346168	118.81860170	1.476
31.88346200	118.81860582	1.476
31.88346232	118.81860995	1.476
31.88346265	118.81861407	1.477
31.88346295	118.81861820	1.478
31.88346324	118.81862233	1.478
31.88346352	118.81862647	1.478
31.88346380	118.81863061	1.478
31.88346408	118.81863475	1.479
31.88346436	118.81863889	1.479
31.88346464	118.81864304	1.479
31.88346492	118.81864719	1.479
31.88346520	118.81865134	1.479
31.88346549	118.81865549	1.479
31.88346578	118.81865965	1.478
31.88346606	118.81866381	1.477
31.88346634	118.81866797	1.477
31.88346663	118.81867213	1.477
31.88346691	118.81867630	1.477
31.88346720	118.81868047	1.478
31.88346750	118.81868464	1.478
31.88346779	118.81868882	1.477
31.88346808	118.81869299	1.477
31.88346836	118.81869716	1.477
31.88346867	118.81870136	1.477
31.88346899	118.81870557	1.477
31.88346932	118.81870978	1.477
31.88346965	118.81871398	1.477
31.88346998	118.81871819	1.477
31.88347031	118.81872242	1.477
31.88347066	118.81872663	1.476
31.88347099	118.81873085	1.476
31.88347131	118.81873506	1.476
31.88347162	118.81873928	1.475
31.88347195	118.81874349	1.475
31.88347229	118.81874770	1.475
31.88347263	118.81875193	1.476
31.88347295	118.81875615	1.477
31.88347329	118.81876038	1.477
31.88347361	118.81876461	1.477
31.88347393	118.81876884	1.478
31.88347424	118.81877308	1.478
31.88347456	118.81877732	1.478
31.88347488	118.81878157	1.478
31.88347518	118.81878578	1.479
31.88347547	118.81878997	1.479
31.88347576	118.81879417	1.480
31.88347604	118.81879837	1.480
31.88347633	118.81880258	1.481
31.88347661	118.81880679	1.481
31.88347690	118.81881100	1.481
31.88347718	118.81881521	1.482
31.88347745	118.81881943	1.482
31.88347773	118.81882365	1.483
31.88347801	118.81882788	1.483
31.88347829	118.81883211	1.483
31.88347857	118.81883634	1.484
31.88347884	118.81884058	1.484
31.88347911	118.81884481	1.485
31.88347938	118.81884906	1.485
31.88347964	118.81885331	1.485
31.88347991	118.81885756	1.486
31.88348018	118.81886181	1.486
31.88348044	118.81886607	1.487
31.88348072	118.81887041	1.487
31.88348099	118.81887479	1.487
31.88348127	118.81887918	1.488
31.88348154	118.81888357	1.488
31.88348182	118.81888796	1.489
31.88348209	118.81889236	1.489
31.88348236	118.81889677	1.489
31.88348263	118.81890117	1.490
31.88348290	118.81890557	1.490
31.88348317	118.81890999	1.490
31.88348343	118.81891440	1.490
31.88348370	118.81891883	1.491
31.88348397	118.81892326	1.491
31.88348424	118.81892768	1.491
31.88348450	118.81893212	1.492
31.88348476	118.81893656	1.492
31.88348502	118.81894100	1.492
31.88348528	118.81894544	1.493
31.88348554	118.81894989	1.493
31.88348580	118.81895436	1.493
31.88348604	118.81895891	1.494
31.88348627	118.81896357	1.494
31.88348649	118.81896828	1.494
31.88348671	118.81897296	1.495
31.88348694	118.81897763	1.495
31.88348717	118.81898231	1.496
31.88348739	118.81898704	1.496
31.88348761	118.81899173	1.497
31.88348783	118.81899642	1.497
31.88348805	118.81900112	1.497
31.88348827	118.81900583	1.498
31.88348848	118.81901057	1.498
31.88348869	118.81901527	1.498
31.88348890	118.81901997	1.499
31.88348911	118.81902472	1.499
31.88348931	118.81902943	1.500
31.88348952	118.81903415	1.500
31.88348972	118.81903886	1.500
31.88348992	118.81904358	1.501
31.88349011	118.81904834	1.501
31.88349030	118.81905289	1.501
31.88349051	118.81905737	1.502
31.88349071	118.81906185	1.502
31.88349091	118.81906633	1.503
31.88349111	118.81907081	1.503
31.88349131	118.81907530	1.504
31.88349150	118.81907979	1.504
31.88349170	118.81908428	1.505
31.88349189	118.81908877	1.505
31.88349208	118.81909327	1.506
31.88349226	118.81909776	1.506
31.88349245	118.81910226	1.507
31.88349263	118.81910676	1.507
31.88349282	118.81911126	1.507
31.88349300	118.81911577	1.508
31.88349318	118.81912027	1.508
31.88349336	118.81912478	1.509
31.88349354	118.81912928	1.509
31.88349371	118.81913378	1.510
31.88349389	118.81913827	1.510
31.88349407	118.81914276	1.511
31.88349426	118.81914724	1.511
31.88349444	118.81915170	1.512
31.88349463	118.81915616	1.512
31.88349481	118.81916061	1.513
31.88349499	118.81916504	1.513
31.88349518	118.81916947	1.514
31.88349535	118.81917389	1.514
31.88349553	118.81917830	1.515
31.88349570	118.81918270	1.515
31.88349587	118.81918708	1.515
31.88349603	118.81919144	1.516
31.88349620	118.81919580	1.516
31.88349635	118.81920014	1.517
31.88349651	118.81920447	1.517
31.88349667	118.81920878	1.518
31.88349682	118.81921308	1.518
31.88349697	118.81921736	1.518
31.88349712	118.81922163	1.518
31.88349727	118.81922589	1.518
31.88349742	118.81923017	1.517
31.88349758	118.81923448	1.516
31.88349775	118.81923878	1.516
31.88349792	118.81924306	1.516
31.88349809	118.81924732	1.516
31.88349825	118.81925157	1.516
31.88349842	118.81925581	1.516
31.88349858	118.81926003	1.517
31.88349872	118.81926423	1.517
31.88349887	118.81926842	1.517
31.88349900	118.81927260	1.517
31.88349913	118.81927678	1.517
31.88349927	118.81928093	1.517
31.88349942	118.81928507	1.517
31.88349959	118.81928921	1.518
31.88349974	118.81929332	1.518
31.88349988	118.81929741	1.518
31.88350003	118.81930149	1.519
31.88350019	118.81930556	1.519
31.88350035	118.81930961	1.520
31.88350058	118.81931365	1.520
31.88350084	118.81931768	1.520
31.88350110	118.81932168	1.520
31.88350138	118.81932567	1.520
31.88350163	118.81932964	1.521
31.88350189	118.81933357	1.521
31.88350216	118.81933750	1.521
31.88350241	118.81934138	1.521
31.88350266	118.81934524	1.521
31.88350291	118.81934908	1.521
31.88350316	118.81935289	1.521
31.88350342	118.81935669	1.521
31.88350367	118.81936045	1.520
31.88350392	118.81936419	1.520
31.88350419	118.81936790	1.520
31.88350444	118.81937158	1.520
31.88350469	118.81937522	1.520
31.88350494	118.81937884	1.520
31.88350521	118.81938243	1.519
31.88350546	118.81938598	1.519
31.88350564	118.81938948	1.519
31.88350580	118.81939292	1.519
31.88350595	118.81939633	1.518
31.88350611	118.81939970	1.518
31.88350626	118.81940304	1.517
31.88350642	118.81940635	1.516
31.88350658	118.81940962	1.515
31.88350675	118.81941285	1.514
31.88350691	118.81941604	1.513
31.88350707	118.81941919	1.512
31.88350724	118.81942232	1.511
31.88350740	118.81942542	1.510
31.88350756	118.81942849	1.508
31.88350772	118.81943154	1.505
31.88350789	118.81943458	1.501
31.88350807	118.81943761	1.497
31.88350826	118.81944062	1.492
31.88350847	118.81944362	1.486
31.88350869	118.81944661	1.480
31.88350893	118.81944959	1.474
31.88350916	118.81945254	1.467
31.88350941	118.81945548	1.461
31.88350966	118.81945840	1.456
31.88350993	118.81946132	1.450
31.88351022	118.81946422	1.445
31.88351051	118.81946712	1.439
31.88351082	118.81946999	1.433
31.88351115	118.81947286	1.427
31.88351148	118.81947571	1.420
31.88351184	118.81947855	1.413
31.88351220	118.81948137	1.406
31.88351259	118.81948418	1.398
31.88351299	118.81948697	1.390
31.88351341	118.81948974	1.381
31.88351385	118.81949250	1.372
31.88351431	118.81949525	1.362
31.88351480	118.81949798	1.352
31.88351530	118.81950069	1.342
31.88351583	118.81950338	1.331
31.88351637	118.81950606	1.320
31.88351694	118.81950870	1.309
31.88351753	118.81951133	1.298
31.88351814	118.81951393	1.286
31.88351878	118.81951651	1.275
31.88351943	118.81951907	1.264
31.88352011	118.81952161	1.252
31.88352082	118.81952413	1.241
31.88352154	118.81952663	1.229
31.88352228	118.81952911	1.217
31.88352304	118.81953156	1.205
31.88352382	118.81953399	1.192
31.88352463	118.81953640	1.179
31.88352547	118.81953877	1.165
31.88352633	118.81954112	1.151
31.88352722	118.81954344	1.137
31.88352812	118.81954573	1.122
31.88352904	118.81954799	1.107
31.88352999	118.81955023	1.091
31.88353096	118.81955244	1.074
31.88353196	118.81955461	1.057
31.88353299	118.81955676	1.040
31.88353405	118.81955887	1.022
31.88353514	118.81956095	1.004
31.88353625	118.81956299	0.985
31.88353738	118.81956500	0.967
31.88353854	118.81956697	0.948
31.88353972	118.81956891	0.930
31.88354093	118.81957082	0.912
31.88354214	118.81957268	0.894
31.88354338	118.81957452	0.876
31.88354464	118.81957632	0.857
31.88354593	118.81957807	0.838
31.88354723	118.81957977	0.820
31.88354857	118.81958143	0.801
31.88354993	118.81958304	0.782
31.88355131	118.81958461	0.764
31.88355270	118.81958614	0.745
31.88355410	118.81958765	0.725
31.88355551	118.81958913	0.706
31.88355693	118.81959057	0.687
31.88355840	118.81959202	0.668
31.88355994	118.81959348	0.650
31.88356150	118.81959489	0.632
31.88356308	118.81959627	0.614
31.88356467	118.81959759	0.597
31.88356626	118.81959888	0.580
31.88356786	118.81960016	0.563
31.88356946	118.81960139	0.547
31.88357106	118.81960260	0.531
31.88357267	118.81960378	0.515
31.88357429	118.81960495	0.500
31.88357591	118.81960606	0.484
31.88357753	118.81960714	0.469
31.88357917	118.81960818	0.454
31.88358081	118.81960918	0.438
31.88358249	118.81961017	0.422
31.88358417	118.81961111	0.407
31.88358586	118.81961203	0.392
31.88358759	118.81961296	0.377
31.88358931	118.81961384	0.361
31.88359269	118.81961545	0.330
31.88359439	118.81961618	0.315
31.88359612	118.81961689	0.300
31.88359786	118.81961756	0.285
31.88359962	118.81961819	0.271
31.88360141	118.81961881	0.255
31.88360321	118.81961940	0.238
31.88360503	118.81961998	0.221
31.88360688	118.81962052	0.205
31.88360874	118.81962104	0.189
31.88361062	118.81962150	0.173
31.88361253	118.81962193	0.158
31.88361445	118.81962231	0.143
31.88361638	118.81962267	0.128
31.88361833	118.81962300	0.115
31.88362030	118.81962330	0.102
31.88362229	118.81962357	0.089
31.88362429	118.81962383	0.078
31.88362631	118.81962406	0.067
31.88362836	118.81962427	0.057
31.88363044	118.81962446	0.047
31.88363254	118.81962462	0.039
31.88363465	118.81962477	0.031
31.88363677	118.81962490	0.023
31.88363891	118.81962501	0.016
31.88364108	118.81962511	0.009
31.88364325	118.81962519	0.003
31.88364544	118.81962526	6.280
31.88364765	118.81962530	6.274
31.88364988	118.81962534	6.268
31.88365212	118.81962536	6.262
31.88365438	118.81962535	6.256
31.88365665	118.81962534	6.250
31.88365894	118.81962530	6.244
31.88366125	118.81962527	6.238
31.88366358	118.81962521	6.232
31.88366593	118.81962513	6.227
31.88366829	118.81962504	6.222
31.88367066	118.81962493	6.218
31.88367306	118.81962478	6.214
31.88367546	118.81962461	6.211
31.88367789	118.81962443	6.208
31.88368033	118.81962424	6.206
31.88368279	118.81962405	6.204
31.88368527	118.81962385	6.203
31.88368777	118.81962364	6.202
31.88369029	118.81962343	6.202
31.88369282	118.81962322	6.201
31.88369537	118.81962300	6.201
31.88369794	118.81962279	6.201
31.88370053	118.81962256	6.200
31.88370313	118.81962234	6.200
31.88370575	118.81962212	6.199
31.88370838	118.81962189	6.199
31.88371104	118.81962166	6.198
31.88371371	118.81962142	6.198
31.88371640	118.81962117	6.197
31.88371910	118.81962093	6.197
31.88372183	118.81962068	6.197
31.88372456	118.81962044	6.197
31.88372731	118.81962019	6.197
31.88373007	118.81961994	6.197
31.88373285	118.81961968	6.198
31.88373564	118.81961944	6.198
31.88373845	118.81961919	6.198
31.88374128	118.81961894	6.198
31.88374412	118.81961869	6.198
31.88374698	118.81961844	6.199
31.88374986	118.81961818	6.199
31.88375276	118.81961792	6.199
31.88375567	118.81961767	6.199
31.88375861	118.81961742	6.199
31.88376155	118.81961717	6.199
31.88376452	118.81961691	6.199
31.88376750	118.81961665	6.199
31.88377050	118.81961638	6.200
31.88377352	118.81961612	6.200
31.88377655	118.81961587	6.201
31.88377960	118.81961561	6.201
31.88378266	118.81961535	6.201
31.88378574	118.81961509	6.202
31.88378884	118.81961482	6.202
31.88379195	118.81961456	6.203
31.88379507	118.81961430	6.204
31.88379822	118.81961404	6.205
31.88380137	118.81961379	6.206
31.88380455	118.81961353	6.207
31.88380773	118.81961328	6.209
31.88381093	118.81961304	6.210
31.88381415	118.81961280	6.211
31.88381738	118.81961256	6.212
31.88382063	118.81961232	6.213
31.88382390	118.81961209	6.214
31.88382718	118.81961185	6.215
31.88383048	118.81961162	6.216
31.88383379	118.81961140	6.217
31.88383711	118.81961118	6.217
31.88384046	118.81961097	6.218
31.88384381	118.81961075	6.218
31.88384717	118.81961053	6.219
31.88385054	118.81961030	6.220
31.88385393	118.81961008	6.221
31.88385733	118.81960987	6.221
31.88386074	118.81960966	6.222
31.88386416	118.81960945	6.223
31.88386760	118.81960924	6.224
31.88387106	118.81960904	6.225
31.88387452	118.81960884	6.225
31.88387800	118.81960864	6.226
31.88388150	118.81960844	6.227
31.88388500	118.81960824	6.228
31.88388852	118.81960805	6.229
31.88389205	118.81960786	6.230
31.88389560	118.81960767	6.231
31.88389916	118.81960749	6.232
31.88390273	118.81960732	6.233
31.88390632	118.81960714	6.234
31.88390991	118.81960697	6.235
31.88391353	118.81960680	6.236
31.88391715	118.81960665	6.237
31.88392079	118.81960650	6.237
31.88392444	118.81960636	6.237
31.88392810	118.81960622	6.236
31.88393178	118.81960607	6.234
31.88393547	118.81960591	6.233
31.88393917	118.81960575	6.231
31.88394288	118.81960558	6.229
31.88394661	118.81960539	6.227
31.88395035	118.81960519	6.226
31.88395410	118.81960499	6.226
31.88395786	118.81960478	6.225
31.88396163	118.81960457	6.224
31.88396542	118.81960435	6.224
31.88396921	118.81960414	6.223
31.88397301	118.81960392	6.223
31.88397683	118.81960370	6.222
31.88398066	118.81960348	6.222
31.88398450	118.81960325	6.221
31.88398835	118.81960302	6.221
31.88399221	118.81960279	6.221
31.88399608	118.81960254	6.220
31.88399996	118.81960230	6.220
31.88400386	118.81960205	6.219
31.88400776	118.81960179	6.218
31.88401168	118.81960153	6.218
31.88401561	118.81960127	6.218
31.88401955	118.81960101	6.218
31.88402350	118.81960075	6.218
31.88402746	118.81960048	6.218
31.88403143	118.81960021	6.217
31.88403541	118.81959995	6.217
31.88403939	118.81959969	6.217
31.88404337	118.81959943	6.217
31.88404737	118.81959916	6.217
31.88405136	118.81959889	6.217
31.88405535	118.81959863	6.216
31.88405936	118.81959836	6.216
31.88406337	118.81959809	6.216
31.88406738	118.81959781	6.216
31.88407139	118.81959753	6.216
31.88407541	118.81959725	6.215
31.88407943	118.81959697	6.215
31.88408345	118.81959670	6.215
31.88408748	118.81959643	6.215
31.88409151	118.81959614	6.215
31.88409555	118.81959586	6.215
31.88409960	118.81959559	6.216
31.88410364	118.81959531	6.216
31.88410769	118.81959504	6.216
31.88411174	118.81959476	6.217
31.88411579	118.81959447	6.217
31.88411985	118.81959419	6.218
31.88412391	118.81959391	6.218
31.88412798	118.81959363	6.219
31.88413205	118.81959336	6.219
31.88413613	118.81959309	6.220
31.88414021	118.81959283	6.220
31.88414429	118.81959257	6.220
31.88414837	118.81959232	6.220
31.88415246	118.81959206	6.221
31.88415655	118.81959179	6.221
31.88416064	118.81959153	6.221
31.88416473	118.81959127	6.221
31.88416883	118.81959101	6.222
31.88417293	118.81959075	6.222
31.88417704	118.81959049	6.222
31.88418115	118.81959023	6.222
31.88418526	118.81958996	6.222
31.88418937	118.81958970	6.222
31.88419350	118.81958945	6.222
31.88419763	118.81958920	6.222
31.88420176	118.81958894	6.222
31.88420589	118.81958868	6.222
31.88421002	118.81958842	6.223
31.88421415	118.81958816	6.223
31.88421828	118.81958791	6.223
31.88422243	118.81958766	6.223
31.88422659	118.81958740	6.223
31.88423074	118.81958714	6.223
31.88423490	118.81958688	6.224
31.88423906	118.81958662	6.224
31.88424323	118.81958637	6.225
31.88424740	118.81958612	6.226
31.88425157	118.81958587	6.226
31.88425575	118.81958562	6.227
31.88425993	118.81958538	6.228
31.88426411	118.81958514	6.228
31.88426830	118.81958490	6.229
31.88427247	118.81958467	6.229
31.88427665	118.81958444	6.229
31.88428083	118.81958421	6.229
31.88428500	118.81958398	6.229
31.88428916	118.81958375	6.229
31.88429331	118.81958352	6.228
31.88429746	118.81958330	6.227
31.88430160	118.81958306	6.227
31.88430573	118.81958282	6.226
31.88430985	118.81958258	6.225
31.88431396	118.81958234	6.224
31.88431806	118.81958209	6.224
31.88432215	118.81958183	6.223
31.88432623	118.81958158	6.223
31.88433030	118.81958133	6.222
31.88433435	118.81958108	6.221
31.88433838	118.81958082	6.221
31.88434240	118.81958056	6.220
31.88434641	118.81958030	6.220
31.88435040	118.81958004	6.219
31.88435438	118.81957977	6.219
31.88435834	118.81957951	6.218
31.88436228	118.81957925	6.217
31.88436621	118.81957899	6.217
31.88437013	118.81957872	6.216
31.88437403	118.81957844	6.215
31.88437792	118.81957816	6.215
31.88438179	118.81957788	6.215
31.88438564	118.81957760	6.214
31.88438948	118.81957731	6.214
31.88439330	118.81957703	6.213
31.88439718	118.81957678	6.213
31.88440110	118.81957659	6.212
31.88440503	118.81957642	6.212
31.88440892	118.81957624	6.211
31.88441279	118.81957606	6.210
31.88441665	118.81957588	6.209
31.88442053	118.81957571	6.209
31.88442436	118.81957552	6.208
31.88442818	118.81957534	6.207
31.88443199	118.81957515	6.207
31.88443578	118.81957496	6.206
31.88443958	118.81957477	6.205
31.88444335	118.81957457	6.205
31.88444709	118.81957437	6.204
31.88445085	118.81957419	6.204
31.88445457	118.81957399	6.203
31.88445827	118.81957378	6.203
31.88446196	118.81957357	6.202
31.88446563	118.81957338	6.202
31.88446931	118.81957319	6.201
31.88447288	118.81957294	6.200
31.88447638	118.81957263	6.200
31.88447985	118.81957231	6.199
31.88448331	118.81957201	6.199
31.88448674	118.81957169	6.198
31.88449016	118.81957137	6.198
31.88449357	118.81957106	6.197
31.88449695	118.81957075	6.197
31.88450031	118.81957043	6.196
31.88450365	118.81957012	6.196
31.88450697	118.81956981	6.195
31.88451027	118.81956950	6.195
31.88451355	118.81956919	6.195
31.88451680	118.81956888	6.194
31.88452002	118.81956857	6.194
31.88452323	118.81956827	6.194
31.88452641	118.81956797	6.194
31.88452956	118.81956767	6.193
31.88453269	118.81956737	6.193
31.88453579	118.81956707	6.193
31.88453886	118.81956676	6.193
31.88454191	118.81956646	6.193
31.88454493	118.81956615	6.193
31.88454794	118.81956585	6.192
31.88455092	118.81956555	6.192
31.88455389	118.81956524	6.193
31.88455685	118.81956495	6.193
31.88455979	118.81956465	6.195
31.88456272	118.81956436	6.196
31.88456563	118.81956408	6.198
31.88456853	118.81956380	6.199
31.88457141	118.81956352	6.201
31.88457428	118.81956326	6.202
31.88457715	118.81956300	6.203
31.88457999	118.81956275	6.205
31.88458283	118.81956249	6.207
31.88458565	118.81956225	6.210
31.88458845	118.81956201	6.215
31.88459124	118.81956178	6.221
31.88459402	118.81956157	6.228
31.88459679	118.81956138	6.235
31.88459955	118.81956122	6.243
31.88460230	118.81956109	6.252
31.88460504	118.81956099	6.260
31.88460776	118.81956091	6.268
31.88461047	118.81956087	6.276
31.88461316	118.81956086	0.001
31.88461584	118.81956088	0.008
31.88461850	118.81956092	0.017
31.88462115	118.81956098	0.026
31.88462379	118.81956107	0.036
31.88462642	118.81956119	0.046
31.88462903	118.81956133	0.057
31.88463163	118.81956151	0.069
31.88463421	118.81956172	0.081
31.88463677	118.81956197	0.093
31.88463932	118.81956227	0.105
31.88464185	118.81956260	0.116
31.88464438	118.81956296	0.128
31.88464688	118.81956335	0.139
31.88464936	118.81956377	0.151
31.88465183	118.81956420	0.163
31.88465428	118.81956467	0.175
31.88465671	118.81956517	0.187
31.88465913	118.81956571	0.198
31.88466152	118.81956629	0.210
31.88466390	118.81956688	0.222
31.88466627	118.81956750	0.234
31.88466862	118.81956814	0.246
31.88467096	118.81956882	0.258
31.88467328	118.81956954	0.269
31.88467559	118.81957030	0.280
31.88467789	118.81957109	0.292
31.88468019	118.81957191	0.304
31.88468249	118.81957275	0.316
31.88468479	118.81957363	0.328
31.88468709	118.81957455	0.340
31.88468938	118.81957551	0.352
31.88469167	118.81957652	0.364
31.88469396	118.81957755	0.376
31.88469625	118.81957862	0.388
31.88469855	118.81957972	0.401
31.88470084	118.81958086	0.414
31.88470311	118.81958203	0.426
31.88470537	118.81958325	0.439
31.88470761	118.81958450	0.452
31.88470984	118.81958579	0.465
31.88471205	118.81958711	0.478
31.88471424	118.81958847	0.491
31.88471641	118.81958984	0.504
31.88471857	118.81959124	0.517
31.88472071	118.81959266	0.530
31.88472283	118.81959412	0.542
31.88472493	118.81959560	0.555
31.88472700	118.81959711	0.567
31.88472905	118.81959865	0.579
31.88473108	118.81960022	0.590
31.88473308	118.81960180	0.601
31.88473506	118.81960341	0.613
31.88473702	118.81960503	0.624
31.88473896	118.81960667	0.635
31.88474086	118.81960831	0.646
31.88474275	118.81960998	0.656
31.88474461	118.81961167	0.665
31.88474645	118.81961337	0.674
31.88474827	118.81961509	0.681
31.88475008	118.81961682	0.688
31.88475187	118.81961854	0.694
31.88475364	118.81962028	0.699
31.88475540	118.81962202	0.703
31.88475715	118.81962378	0.706
31.88475889	118.81962554	0.708
31.88476063	118.81962731	0.710
31.88476236	118.81962909	0.711
31.88476410	118.81963087	0.712
31.88476586	118.81963265	0.712
31.88476761	118.81963443	0.712
31.88476937	118.81963621	0.711
31.88477114	118.81963799	0.709
31.88477292	118.81963978	0.708
31.88477471	118.81964158	0.706
31.88477650	118.81964338	0.705
31.88477831	118.81964519	0.704
31.88478014	118.81964700	0.702
31.88478197	118.81964881	0.700
31.88478382	118.81965063	0.697
31.88478567	118.81965246	0.692
31.88478754	118.81965429	0.686
31.88478942	118.81965611	0.679
31.88479133	118.81965792	0.672
31.88479326	118.81965972	0.664
31.88479520	118.81966151	0.656
31.88479717	118.81966329	0.648
31.88479916	118.81966506	0.639
31.88480116	118.81966681	0.631
31.88480319	118.81966855	0.623
31.88480524	118.81967028	0.615
31.88480731	118.81967199	0.607
31.88480939	118.81967370	0.599
31.88481149	118.81967539	0.590
31.88481360	118.81967708	0.582
31.88481572	118.81967875	0.572
31.88481786	118.81968040	0.563
31.88482002	118.81968201	0.552
31.88482219	118.81968361	0.542
31.88482436	118.81968517	0.531
31.88482655	118.81968671	0.520
31.88482875	118.81968822	0.509
31.88483096	118.81968970	0.497
31.88483318	118.81969113	0.486
31.88483542	118.81969253	0.474
31.88483765	118.81969389	0.463
31.88483990	118.81969522	0.452
31.88484215	118.81969652	0.442
31.88484441	118.81969779	0.431
31.88484667	118.81969903	0.420
31.88484893	118.81970024	0.409
31.88485119	118.81970141	0.397
31.88485345	118.81970255	0.386
31.88485571	118.81970365	0.374
31.88485797	118.81970470	0.363
31.88486023	118.81970572	0.351
31.88486249	118.81970671	0.338
31.88486475	118.81970765	0.324
31.88486702	118.81970857	0.310
31.88486928	118.81970943	0.295
31.88487154	118.81971025	0.280
31.88487380	118.81971103	0.265
31.88487607	118.81971176	0.251
31.88487835	118.81971246	0.236
31.88488064	118.81971311	0.221
31.88488293	118.81971373	0.206
31.88488523	118.81971430	0.192
31.88488755	118.81971484	0.177
31.88488987	118.81971533	0.162
31.88489220	118.81971578	0.147
31.88489453	118.81971620	0.132
31.88489688	118.81971658	0.118
31.88489923	118.81971692	0.103
31.88490159	118.81971723	0.088
31.88490396	118.81971749	0.073
31.88490633	118.81971770	0.058
31.88490872	118.81971788	0.043
31.88491110	118.81971801	0.028
31.88491350	118.81971811	0.013
31.88491589	118.81971816	6.281
31.88491829	118.81971817	6.266
31.88492070	118.81971814	6.251
31.88492310	118.81971806	6.236
31.88492550	118.81971794	6.220
31.88492791	118.81971778	6.205
31.88493032	118.81971758	6.190
31.88493272	118.81971733	6.174
31.88493512	118.81971704	6.158
31.88493753	118.81971671	6.143
31.88493993	118.81971632	6.128
31.88494233	118.81971590	6.112
31.88494472	118.81971543	6.097
31.88494711	118.81971492	6.082
31.88494950	118.81971438	6.066
31.88495188	118.81971378	6.051
31.88495426	118.81971314	6.035
31.88495663	118.81971244	6.020
31.88495899	118.81971170	6.004
31.88496135	118.81971092	5.989
31.88496371	118.81971010	5.973
31.88496606	118.81970923	5.957
31.88496841	118.81970832	5.942
31.88497075	118.81970736	5.926
31.88497308	118.81970636	5.911
31.88497539	118.81970530	5.895
31.88497770	118.81970420	5.880
31.88498000	118.81970306	5.865
31.88498229	118.81970187	5.850
31.88498457	118.81970065	5.836
31.88498684	118.81969939	5.821
31.88498910	118.81969809	5.807
31.88499135	118.81969674	5.793
31.88499358	118.81969534	5.780
31.88499580	118.81969391	5.767
31.88499801	118.81969244	5.754
31.88500021	118.81969095	5.741
31.88500239	118.81968943	5.729
31.88500457	118.81968787	5.716
31.88500672	118.81968629	5.703
31.88500886	118.81968467	5.690
31.88501097	118.81968303	5.678
31.88501306	118.81968135	5.665
31.88501513	118.81967965	5.652
31.88501718	118.81967792	5.639
31.88501920	118.81967616	5.627
31.88502120	118.81967437	5.614
31.88502318	118.81967257	5.602
31.88502514	118.81967074	5.589
31.88502707	118.81966889	5.576
31.88502897	118.81966701	5.563
31.88503085	118.81966512	5.550
31.88503269	118.81966319	5.537
31.88503450	118.81966125	5.524
31.88503629	118.81965929	5.510
31.88503804	118.81965732	5.496
31.88503976	118.81965532	5.481
31.88504145	118.81965331	5.466
31.88504310	118.81965127	5.452
31.88504471	118.81964920	5.437
31.88504629	118.81964712	5.423
31.88504784	118.81964502	5.409
31.88504935	118.81964290	5.394
31.88505084	118.81964078	5.379
31.88505230	118.81963864	5.365
31.88505372	118.81963648	5.350
31.88505510	118.81963431	5.335
31.88505645	118.81963212	5.320
31.88505776	118.81962992	5.305
31.88505903	118.81962770	5.290
31.88506028	118.81962548	5.275
31.88506149	118.81962325	5.259
31.88506267	118.81962100	5.243
31.88506381	118.81961874	5.227
31.88506492	118.81961647	5.211
31.88506598	118.81961420	5.195
31.88506701	118.81961193	5.179
31.88506800	118.81960965	5.163
31.88506896	118.81960736	5.147
31.88506988	118.81960506	5.131
31.88507076	118.81960276	5.116
31.88507160	118.81960045	5.101
31.88507241	118.81959814	5.086
31.88507319	118.81959583	5.071
31.88507394	118.81959352	5.056
31.88507466	118.81959121	5.041
31.88507534	118.81958889	5.027
31.88507599	118.81958658	5.013
31.88507660	118.81958426	4.998
31.88507718	118.81958194	4.984
31.88507774	118.81957962	4.970
31.88507827	118.81957729	4.956
31.88507877	118.81957495	4.942
31.88507924	118.81957260	4.928
31.88507969	118.81957024	4.914
31.88508010	118.81956787	4.900
31.88508048	118.81956548	4.887
31.88508084	118.81956308	4.873
31.88508117	118.81956067	4.860
31.88508148	118.81955825	4.846
31.88508177	118.81955583	4.833
31.88508203	118.81955338	4.819
31.88508226	118.81955093	4.806
31.88508246	118.81954848	4.793
31.88508263	118.81954601	4.781
31.88508277	118.81954354	4.768
31.88508288	118.81954106	4.756
31.88508298	118.81953858	4.744
31.88508305	118.81953608	4.732
31.88508310	118.81953359	4.720
31.88508313	118.81953108	4.708
31.88508312	118.81952857	4.696
31.88508309	118.81952604	4.684
31.88508303	118.81952351	4.672
31.88508294	118.81952096	4.660
31.88508284	118.81951842	4.647
31.88508271	118.81951588	4.634
31.88508257	118.81951334	4.621
31.88508239	118.81951079	4.607
31.88508218	118.81950823	4.592
31.88508193	118.81950567	4.578
31.88508165	118.81950310	4.563
31.88508133	118.81950052	4.547
31.88508098	118.81949794	4.532
31.88508059	118.81949535	4.517
31.88508016	118.81949276	4.501
31.88507971	118.81949016	4.486
31.88507921	118.81948756	4.470
31.88507868	118.81948495	4.455
31.88507811	118.81948235	4.439
31.88507750	118.81947974	4.423
31.88507685	118.81947713	4.407
31.88507616	118.81947452	4.391
31.88507544	118.81947192	4.375
31.88507468	118.81946932	4.359
31.88507388	118.81946671	4.343
31.88507304	118.81946410	4.327
31.88507217	118.81946149	4.310
31.88507125	118.81945890	4.293
31.88507028	118.81945631	4.277
31.88506928	118.81945374	4.261
31.88506823	118.81945117	4.245
31.88506715	118.81944861	4.229
31.88506603	118.81944606	4.214
31.88506487	118.81944352	4.199
31.88506367	118.81944099	4.186
31.88506244	118.81943848	4.172
31.88506117	118.81943597	4.159
31.88505988	118.81943348	4.146
31.88505856	118.81943099	4.133
31.88505720	118.81942852	4.119
31.88505581	118.81942607	4.106
31.88505438	118.81942362	4.092
31.88505293	118.81942120	4.079
31.88505144	118.81941878	4.065
31.88504992	118.81941638	4.051
31.88504836	118.81941401	4.037
31.88504677	118.81941165	4.024
31.88504515	118.81940931	4.010
31.88504350	118.81940700	3.996
31.88504181	118.81940469	3.982
31.88504010	118.81940241	3.968
31.88503835	118.81940016	3.954
31.88503657	118.81939793	3.940
31.88503475	118.81939572	3.926
31.88503290	118.81939353	3.912
31.88503102	118.81939137	3.897
31.88502911	118.81938923	3.883
31.88502717	118.81938711	3.869
31.88502520	118.81938503	3.855
31.88502320	118.81938296	3.841
31.88502116	118.81938093	3.827
31.88501910	118.81937892	3.813
31.88501700	118.81937693	3.799
31.88501487	118.81937498	3.784
31.88501272	118.81937305	3.770
31.88501052	118.81937116	3.757
31.88500830	118.81936929	3.743
31.88500606	118.81936744	3.729
31.88500378	118.81936563	3.715
31.88500148	118.81936385	3.701
31.88499914	118.81936210	3.687
31.88499677	118.81936039	3.673
31.88499438	118.81935872	3.659
31.88499196	118.81935707	3.644
31.88498951	118.81935546	3.630
31.88498704	118.81935389	3.614
31.88498454	118.81935236	3.599
31.88498201	118.81935087	3.584
31.88497945	118.81934942	3.569
31.88497688	118.81934802	3.553
31.88497428	118.81934665	3.537
31.88497165	118.81934533	3.520
31.88496902	118.81934407	3.504
31.88496636	118.81934286	3.487
31.88496369	118.81934171	3.470
31.88496100	118.81934060	3.452
31.88495830	118.81933955	3.434
31.88495559	118.81933855	3.415
31.88495286	118.81933762	3.397
31.88495012	118.81933675	3.379
31.88494737	118.81933594	3.360
31.88494460	118.81933518	3.342
31.88494183	118.81933449	3.324
31.88493904	118.81933386	3.305
31.88493625	118.81933329	3.287
31.88493344	118.81933278	3.269
31.88493063	118.81933234	3.251
31.88492781	118.81933194	3.233
31.88492499	118.81933161	3.215
31.88492216	118.81933134	3.196
31.88491933	118.81933112	3.178
31.88491649	118.81933097	3.160
31.88491365	118.81933088	3.142
31.88491081	118.81933085	3.124
31.88490797	118.81933088	3.105
31.88490514	118.81933096	3.087
31.88490231	118.81933111	3.068
31.88489949	118.81933132	3.050
31.88489666	118.81933160	3.031
31.88489384	118.81933194	3.013
31.88489103	118.81933234	2.994
31.88488822	118.81933279	2.976
31.88488541	118.81933331	2.957
31.88488261	118.81933389	2.938
31.88487982	118.81933454	2.920
31.88487704	118.81933525	2.902
31.88487427	118.81933602	2.884
31.88487150	118.81933684	2.866
31.88486875	118.81933772	2.847
31.88486600	118.81933865	2.829
31.88486327	118.81933966	2.811
31.88486055	118.81934072	2.793
31.88485784	118.81934184	2.776
31.88485514	118.81934302	2.758
31.88485246	118.81934425	2.740
31.88484980	118.81934553	2.723
31.88484715	118.81934687	2.705
31.88484453	118.81934827	2.688
31.88484193	118.81934971	2.671
31.88483935	118.81935120	2.654
31.88483680	118.81935274	2.637
31.88483428	118.81935434	2.620
31.88483179	118.81935599	2.603
31.88482932	118.81935768	2.586
31.88482688	118.81935942	2.568
31.88482448	118.81936120	2.552
31.88482211	118.81936302	2.535
31.88481977	118.81936489	2.520
31.88481746	118.81936679	2.504
31.88481519	118.81936873	2.489
31.88481295	118.81937070	2.473
31.88481074	118.81937270	2.458
31.88480856	118.81937473	2.443
31.88480642	118.81937680	2.428
31.88480432	118.81937889	2.414
31.88480225	118.81938101	2.400
31.88480021	118.81938316	2.386
31.88479821	118.81938534	2.373
31.88479624	118.81938753	2.361
31.88479431	118.81938974	2.350
31.88479240	118.81939197	2.340
31.88479052	118.81939421	2.331
31.88478867	118.81939647	2.323
31.88478684	118.81939873	2.316
31.88478504	118.81940099	2.309
31.88478325	118.81940326	2.304
31.88478148	118.81940553	2.299
31.88477973	118.81940780	2.296
31.88477800	118.81941006	2.293
31.88477628	118.81941233	2.291
31.88477457	118.81941458	2.291
31.88477287	118.81941683	2.291
31.88477117	118.81941907	2.292
31.88476948	118.81942129	2.293
31.88476780	118.81942350	2.295
31.88476612	118.81942571	2.297
31.88476445	118.81942790	2.300
31.88476279	118.81943008	2.303
31.88476113	118.81943224	2.307
31.88475947	118.81943439	2.312
31.88475780	118.81943651	2.316
31.88475613	118.81943861	2.322
31.88475446	118.81944069	2.328
31.88475279	118.81944274	2.334
31.88475111	118.81944478	2.342
31.88474944	118.81944679	2.349
31.88474775	118.81944878	2.357
31.88474606	118.81945073	2.364
31.88474436	118.81945267	2.371
31.88474265	118.81945457	2.378
31.88474093	118.81945647	2.384
31.88473920	118.81945836	2.392
31.88473747	118.81946024	2.399
31.88473572	118.81946209	2.408
31.88473395	118.81946394	2.416
31.88473216	118.81946578	2.425
31.88473035	118.81946761	2.434
31.88472852	118.81946943	2.443
31.88472666	118.81947124	2.453
31.88472478	118.81947304	2.463
31.88472288	118.81947482	2.473
31.88472095	118.81947659	2.483
31.88471899	118.81947834	2.493
31.88471701	118.81948008	2.504
31.88471501	118.81948181	2.515
31.88471300	118.81948353	2.526
31.88471095	118.81948522	2.537
31.88470889	118.81948688	2.548
31.88470682	118.81948852	2.560
31.88470472	118.81949013	2.572
31.88470261	118.81949170	2.584
31.88470048	118.81949325	2.597
31.88469834	118.81949477	2.610
31.88469619	118.81949626	2.623
31.88469401	118.81949771	2.636
31.88469182	118.81949913	2.648
31.88468962	118.81950050	2.661
31.88468740	118.81950185	2.674
31.88468517	118.81950316	2.687
31.88468291	118.81950444	2.700
31.88468065	118.81950569	2.714
31.88467837	118.81950691	2.727
31.88467608	118.81950808	2.741
31.88467377	118.81950922	2.756
31.88467144	118.81951032	2.771
31.88466911	118.81951139	2.786
31.88466675	118.81951242	2.800
31.88466439	118.81951339	2.815
31.88466201	118.81951433	2.829
31.88465960	118.81951522	2.842
31.88465719	118.81951608	2.855
31.88465476	118.81951692	2.868
31.88465232	118.81951772	2.879
31.88464985	118.81951850	2.890
31.88464736	118.81951924	2.900
31.88464487	118.81951996	2.910
31.88464237	118.81952065	2.920
31.88463985	118.81952132	2.929
31.88463730	118.81952197	2.939
31.88463474	118.81952259	2.949
31.88463216	118.81952319	2.959
31.88462957	118.81952375	2.968
31.88462695	118.81952428	2.976
31.88462431	118.81952478	2.984
31.88462165	118.81952527	2.991
31.88461898	118.81952574	2.997
31.88461629	118.81952619	3.003
31.88461359	118.81952662	3.009
31.88461088	118.81952704	3.015
31.88460815	118.81952744	3.020
31.88460540	118.81952783	3.026
31.88460264	118.81952820	3.031
31.88459987	118.81952855	3.036
31.88459708	118.81952889	3.042
31.88459427	118.81952921	3.046
31.88459144	118.81952952	3.052
31.88458860	118.81952982	3.057
31.88458574	118.81953011	3.062
31.88458288	118.81953038	3.066
31.88458000	118.81953062	3.071
31.88457710	118.81953086	3.075
31.88457419	118.81953108	3.078
31.88457127	118.81953129	3.081
31.88456834	118.81953149	3.082
31.88456540	118.81953168	3.083
31.88456244	118.81953188	3.083
31.88455947	118.81953208	3.082
31.88455649	118.81953229	3.081
31.88455349	118.81953250	3.080
31.88455048	118.81953271	3.080
31.88454746	118.81953293	3.079
31.88454442	118.81953315	3.079
31.88454137	118.81953337	3.079
31.88453831	118.81953360	3.079
31.88453524	118.81953381	3.080
31.88453216	118.81953402	3.080
31.88452907	118.81953423	3.079
31.88452597	118.81953444	3.079
31.88452285	118.81953465	3.079
31.88451971	118.81953486	3.079
31.88451657	118.81953508	3.078
31.88451341	118.81953530	3.078
31.88451024	118.81953552	3.077
31.88450707	118.81953576	3.076
31.88450388	118.81953599	3.074
31.88450068	118.81953621	3.073
31.88449747	118.81953645	3.072
31.88449424	118.81953670	3.071
31.88449100	118.81953696	3.070
31.88448776	118.81953722	3.070
31.88448450	118.81953748	3.069
31.88448123	118.81953775	3.068
31.88447795	118.81953802	3.068
31.88447465	118.81953828	3.067
31.88447136	118.81953855	3.067
31.88446805	118.81953881	3.067
31.88446473	118.81953908	3.067
31.88446140	118.81953936	3.067
31.88445806	118.81953963	3.067
31.88445471	118.81953991	3.067
31.88445134	118.81954018	3.066
31.88444797	118.81954046	3.066
31.88444458	118.81954073	3.066
31.88444119	118.81954102	3.066
31.88443779	118.81954130	3.066
31.88443437	118.81954159	3.065
31.88443095	118.81954187	3.065
31.88442752	118.81954216	3.065
31.88442407	118.81954245	3.065
31.88442062	118.81954274	3.064
31.88441716	118.81954303	3.064
31.88441370	118.81954333	3.064
31.88441022	118.81954363	3.065
31.88440673	118.81954392	3.065
31.88440323	118.81954421	3.065
31.88439972	118.81954450	3.065
31.88439620	118.81954479	3.065
31.88439268	118.81954509	3.065
31.88438914	118.81954539	3.065
31.88438560	118.81954569	3.065
31.88438205	118.81954599	3.065
31.88437849	118.81954629	3.065
31.88437492	118.81954659	3.065
31.88437134	118.81954689	3.065
31.88436775	118.81954721	3.066
31.88436416	118.81954752	3.067
31.88436056	118.81954782	3.068
31.88435694	118.81954812	3.069
31.88435332	118.81954841	3.071
31.88434968	118.81954870	3.072
31.88434604	118.81954898	3.074
31.88434239	118.81954925	3.077
31.88433873	118.81954951	3.079
31.88433507	118.81954977	3.080
31.88433139	118.81955000	3.083
31.88432771	118.81955023	3.084
31.88432402	118.81955045	3.086
31.88432032	118.81955065	3.088
31.88431661	118.81955085	3.089
31.88431289	118.81955105	3.090
31.88430916	118.81955124	3.090
31.88430542	118.81955142	3.089
31.88430167	118.81955161	3.088
31.88429792	118.81955180	3.088
31.88429416	118.81955199	3.086
31.88429038	118.81955220	3.085
31.88428660	118.81955241	3.083
31.88428281	118.81955263	3.082
31.88427902	118.81955286	3.081
31.88427521	118.81955310	3.080
31.88427140	118.81955334	3.079
31.88426758	118.81955359	3.079
31.88426375	118.81955383	3.078
31.88425991	118.81955408	3.078
31.88425606	118.81955435	3.077
31.88425219	118.81955464	3.077
31.88424832	118.81955493	3.077
31.88424443	118.81955522	3.077
31.88424054	118.81955552	3.078
31.88423664	118.81955581	3.079
31.88423274	118.81955611	3.079
31.88422882	118.81955640	3.080
31.88422490	118.81955667	3.081
31.88422096	118.81955694	3.081
31.88421702	118.81955722	3.081
31.88421307	118.81955750	3.080
31.88420911	118.81955778	3.079
31.88420514	118.81955806	3.078
31.88420116	118.81955834	3.077
31.88419718	118.81955863	3.076
31.88419319	118.81955893	3.075
31.88418920	118.81955923	3.075
31.88418521	118.81955955	3.074
31.88418121	118.81955986	3.074
31.88417722	118.81956017	3.073
31.88417322	118.81956048	3.073
31.88416922	118.81956080	3.073
31.88416521	118.81956111	3.073
31.88416119	118.81956142	3.072
31.88415718	118.81956173	3.072
31.88415316	118.81956205	3.072
31.88414913	118.81956236	3.072
31.88414511	118.81956268	3.071
31.88414108	118.81956301	3.071
31.88413706	118.81956333	3.071
31.88413304	118.81956365	3.070
31.88412902	118.81956396	3.070
31.88412499	118.81956428	3.069
31.88412097	118.81956461	3.069
31.88411695	118.81956494	3.069
31.88411292	118.81956528	3.068
31.88410889	118.81956562	3.067
31.88410485	118.81956597	3.067
31.88409678	118.81956666	3.066
31.88409274	118.81956700	3.066
31.88408870	118.81956733	3.066
31.88408465	118.81956767	3.066
31.88408060	118.81956800	3.065
31.88407654	118.81956834	3.065
31.88407249	118.81956867	3.065
31.88406844	118.81956900	3.065
31.88406439	118.81956933	3.065
31.88406033	118.81956967	3.065
31.88405627	118.81957001	3.065
31.88405220	118.81957035	3.065
31.88404814	118.81957069	3.065
31.88404407	118.81957103	3.065
31.88404000	118.81957137	3.065
31.88403593	118.81957171	3.065
31.88403186	118.81957205	3.065
31.88402780	118.81957239	3.065
31.88402372	118.81957272	3.065
31.88401557	118.81957340	3.065
31.88401150	118.81957376	3.065
31.88400743	118.81957411	3.065
31.88400337	118.81957447	3.065
31.88399930	118.81957482	3.065
31.88399524	118.81957518	3.065
31.88399118	118.81957553	3.065
31.88398713	118.81957589	3.066
31.88398308	118.81957624	3.066
31.88397905	118.81957659	3.066
31.88397501	118.81957694	3.067
31.88397098	118.81957729	3.067
31.88396696	118.81957764	3.067
31.88396295	118.81957798	3.068
31.88395894	118.81957832	3.068
31.88395494	118.81957867	3.068
31.88395095	118.81957900	3.069
31.88394697	118.81957934	3.069
31.88394300	118.81957968	3.069
31.88393905	118.81958001	3.070
31.88393511	118.81958033	3.070
31.88393119	118.81958064	3.070
31.88392728	118.81958093	3.071
31.88392338	118.81958123	3.071
31.88391949	118.81958153	3.071
31.88391561	118.81958183	3.071
31.88391175	118.81958212	3.072
31.88390791	118.81958241	3.072
31.88390407	118.81958270	3.072
31.88390025	118.81958298	3.073
31.88389645	118.81958327	3.073
31.88389266	118.81958355	3.073
31.88388888	118.81958382	3.073
31.88388511	118.81958409	3.073
31.88388135	118.81958437	3.073
31.88387760	118.81958464	3.074
31.88387387	118.81958491	3.074
31.88387016	118.81958518	3.074
31.88386645	118.81958545	3.073
31.88386275	118.81958571	3.073
31.88385907	118.81958597	3.072
31.88385541	118.81958622	3.072
31.88385175	118.81958646	3.072
31.88384811	118.81958671	3.072
31.88384449	118.81958696	3.072
31.88384087	118.81958722	3.072
31.88383727	118.81958747	3.072
31.88383368	118.81958771	3.072
31.88383009	118.81958796	3.072
31.88382653	118.81958820	3.072
31.88382298	118.81958844	3.073
31.88381943	118.81958868	3.073
31.88381590	118.81958891	3.073
31.88381238	118.81958915	3.073
31.88380887	118.81958938	3.073
31.88380538	118.81958960	3.073
31.88380189	118.81958983	3.073
31.88379842	118.81959006	3.073
31.88379496	118.81959029	3.073
31.88379151	118.81959051	3.073
31.88378806	118.81959075	3.074
31.88378461	118.81959101	3.073
31.88378118	118.81959126	3.073
31.88377776	118.81959152	3.073
31.88377435	118.81959177	3.074
31.88377095	118.81959203	3.073
31.88376756	118.81959228	3.073
31.88376419	118.81959253	3.073
31.88376082	118.81959279	3.073
31.88375747	118.81959304	3.072
31.88375414	118.81959329	3.072
31.88375082	118.81959355	3.072
31.88374754	118.81959380	3.071
31.88374428	118.81959406	3.071
31.88374104	118.81959431	3.071
31.88373783	118.81959457	3.070
31.88373464	118.81959482	3.070
31.88373149	118.81959507	3.070
31.88372835	118.81959532	3.069
31.88372525	118.81959557	3.069
31.88372218	118.81959582	3.069
31.88371914	118.81959606	3.069
31.88371614	118.81959629	3.068
31.88371317	118.81959652	3.068
31.88371022	118.81959675	3.068
31.88370730	118.81959698	3.067
31.88370440	118.81959721	3.067
31.88370154	118.81959744	3.067
31.88369870	118.81959766	3.067
31.88369589	118.81959788	3.066
31.88369311	118.81959810	3.066
31.88369035	118.81959832	3.066
31.88368763	118.81959854	3.066
31.88368494	118.81959876	3.066
31.88368228	118.81959898	3.067
31.88367966	118.81959919	3.068
31.88367706	118.81959938	3.069
31.88367450	118.81959958	3.069
31.88367197	118.81959977	3.070
31.88366948	118.81959996	3.070
31.88366702	118.81960014	3.070
31.88366458	118.81960033	3.070
31.88366217	118.81960052	3.070
31.88365980	118.81960071	3.070
31.88365747	118.81960089	3.072
31.88365516	118.81960107	3.073
31.88365290	118.81960124	3.075
31.88365067	118.81960139	3.078
31.88364848	118.81960154	3.081
31.88364632	118.81960167	3.084
31.88364420	118.81960179	3.088
31.88364211	118.81960191	3.092
31.88364006	118.81960201	3.096
31.88363805	118.81960211	3.101
31.88363606	118.81960219	3.107
31.88363411	118.81960226	3.112
31.88363219	118.81960230	3.117
31.88363030	118.81960233	3.122
31.88362662	118.81960235	3.132
31.88362305	118.81960236	3.143
31.88361959	118.81960234	3.156
31.88361622	118.81960224	3.170
31.88361294	118.81960209	3.186
31.88360973	118.81960189	3.204
31.88360657	118.81960160	3.223
31.88360345	118.81960127	3.244
31.88360036	118.81960085	3.266
31.88359732	118.81960034	3.288
31.88359431	118.81959978	3.311
31.88359132	118.81959917	3.335
31.88358839	118.81959847	3.362
31.88358550	118.81959767	3.391
31.88358266	118.81959678	3.421
31.88357988	118.81959579	3.451
31.88357715	118.81959469	3.481
31.88357448	118.81959353	3.512
31.88357187	118.81959231	3.545
31.88356933	118.81959097	3.578
31.88356687	118.81958956	3.614
31.88356446	118.81958807	3.651
31.88356214	118.81958645	3.689
31.88355989	118.81958474	3.726
31.88355768	118.81958294	3.763
31.88355550	118.81958105	3.801
31.88355338	118.81957904	3.840
31.88355130	118.81957691	3.880
31.88354830	118.81957350	3.940
31.88354733	118.81957231	3.960
31.88354454	118.81956856	4.020
31.88354274	118.81956595	4.060
31.88354187	118.81956461	4.080
31.88354019	118.81956185	4.120
31.88353860	118.81955898	4.161
31.88353710	118.81955601	4.201
31.88353571	118.81955296	4.241
31.88353441	118.81954981	4.281
31.88353320	118.81954658	4.322
31.88353210	118.81954327	4.363
31.88353111	118.81953988	4.405
31.88353025	118.81953637	4.447
31.88352953	118.81953278	4.488
31.88352892	118.81952913	4.529
31.88352842	118.81952541	4.568
31.88352805	118.81952164	4.605
31.88352780	118.81951782	4.640
31.88352766	118.81951395	4.672
31.88352761	118.81951004	4.700
31.88352766	118.81950609	4.721
31.88352777	118.81950209	4.738
31.88352792	118.81949807	4.752
31.88352811	118.81949399	4.762
31.88352834	118.81948987	4.769
31.88352861	118.81948570	4.770
31.88352874	118.81948360	4.768
31.88352888	118.81948149	4.765
31.88352900	118.81947937	4.762
31.88352910	118.81947723	4.759
31.88352920	118.81947507	4.756
31.88352930	118.81947289	4.753
31.88352940	118.81947070	4.751
31.88352950	118.81946850	4.749
31.88352960	118.81946628	4.747
31.88352969	118.81946404	4.744
31.88352978	118.81946180	4.741
31.88352987	118.81945954	4.738
31.88352994	118.81945727	4.735
31.88353001	118.81945499	4.732
31.88353007	118.81945269	4.728
31.88353013	118.81945038	4.725
31.88353018	118.81944806	4.722
31.88353023	118.81944572	4.719
31.88353027	118.81944336	4.716
31.88353031	118.81944099	4.713
31.88353034	118.81943861	4.710
31.88353037	118.81943622	4.708
31.88353039	118.81943381	4.705
31.88353040	118.81943138	4.703
31.88353041	118.81942894	4.700
31.88353042	118.81942648	4.698
31.88353042	118.81942401	4.695
31.88353042	118.81942152	4.693
31.88353041	118.81941902	4.691
31.88353040	118.81941650	4.690
31.88353038	118.81941396	4.689
31.88353035	118.81941140	4.688
31.88353032	118.81940882	4.687
31.88353030	118.81940621	4.687
31.88353027	118.81940359	4.686
31.88353025	118.81940095	4.686
31.88353022	118.81939829	4.685
31.88353019	118.81939562	4.684
31.88353016	118.81939292	4.683
31.88353012	118.81939020	4.683
31.88353008	118.81938747	4.682
31.88353004	118.81938471	4.681
31.88353001	118.81938194	4.680
31.88352996	118.81937914	4.679
31.88352992	118.81937633	4.678
31.88352987	118.81937350	4.677
31.88352982	118.81937064	4.676
31.88352976	118.81936777	4.675
31.88352971	118.81936487	4.674
31.88352965	118.81936196	4.673
31.88352959	118.81935902	4.671
31.88352952	118.81935607	4.670
31.88352943	118.81935310	4.669
31.88352933	118.81935010	4.668
31.88352922	118.81934709	4.667
31.88352911	118.81934406	4.666
31.88352900	118.81934100	4.665
31.88352889	118.81933793	4.665
31.88352876	118.81933483	4.664
31.88352864	118.81933171	4.664
31.88352852	118.81932858	4.664
31.88352841	118.81932542	4.664
31.88352829	118.81932225	4.664
31.88352819	118.81931906	4.664
31.88352808	118.81931584	4.664
31.88352796	118.81931261	4.664
31.88352784	118.81930935	4.664
31.88352770	118.81930608	4.665
31.88352756	118.81930278	4.664
31.88352744	118.81929947	4.664
31.88352732	118.81929613	4.664
31.88352720	118.81929277	4.664
31.88352708	118.81928939	4.665
31.88352694	118.81928600	4.666
31.88352680	118.81928258	4.666
31.88352666	118.81927915	4.667
31.88352653	118.81927569	4.668
31.88352641	118.81927221	4.669
31.88352629	118.81926871	4.669
31.88352618	118.81926518	4.669
31.88352607	118.81926163	4.670
31.88352595	118.81925807	4.670
31.88352583	118.81925448	4.670
31.88352571	118.81925088	4.671
31.88352559	118.81924725	4.670
31.88352548	118.81924360	4.670
31.88352536	118.81923994	4.670
31.88352522	118.81923625	4.670
31.88352509	118.81923255	4.670
31.88352494	118.81922883	4.670
31.88352480	118.81922507	4.670
31.88352467	118.81922130	4.670
31.88352456	118.81921751	4.670
31.88352445	118.81921370	4.669
31.88352433	118.81920986	4.669
31.88352421	118.81920601	4.669
31.88352411	118.81920214	4.670
31.88352400	118.81919825	4.670
31.88352389	118.81919434	4.669
31.88352378	118.81919040	4.669
31.88352367	118.81918645	4.669
31.88352356	118.81918248	4.668
31.88352344	118.81917849	4.668
31.88352332	118.81917448	4.667
31.88352320	118.81917045	4.667
31.88352307	118.81916639	4.666
31.88352293	118.81916231	4.665
31.88352280	118.81915822	4.664
31.88352265	118.81915410	4.663
31.88352250	118.81914997	4.662
31.88352235	118.81914582	4.662
31.88352219	118.81914165	4.661
31.88352203	118.81913747	4.661
31.88352188	118.81913328	4.661
31.88352172	118.81912907	4.660
31.88352156	118.81912485	4.660
31.88352139	118.81912061	4.660
31.88352123	118.81911635	4.659
31.88352106	118.81911207	4.658
31.88352089	118.81910777	4.658
31.88352072	118.81910345	4.657
31.88352055	118.81909911	4.656
31.88352036	118.81909476	4.655
31.88352017	118.81909039	4.654
31.88351998	118.81908599	4.654
31.88351978	118.81908158	4.653
31.88351958	118.81907715	4.652
31.88351937	118.81907270	4.652
31.88351917	118.81906822	4.651
31.88351895	118.81906373	4.651
31.88351874	118.81905923	4.651
31.88351852	118.81905470	4.650
31.88351830	118.81905011	4.650
31.88351808	118.81904547	4.649
31.88351785	118.81904081	4.649
31.88351762	118.81903614	4.648
31.88351738	118.81903147	4.647
31.88351714	118.81902678	4.647
31.88351689	118.81902209	4.646
31.88351665	118.81901738	4.645
31.88351640	118.81901267	4.645
31.88351615	118.81900796	4.644
31.88351589	118.81900323	4.644
31.88351563	118.81899849	4.643
31.88351536	118.81899375	4.642
31.88351509	118.81898900	4.642
31.88351482	118.81898424	4.641
31.88351455	118.81897945	4.641
31.88351427	118.81897467	4.640
31.88351399	118.81896987	4.639
31.88351370	118.81896505	4.639
31.88351342	118.81896024	4.638
31.88351314	118.81895545	4.638
31.88351286	118.81895069	4.637
31.88351258	118.81894592	4.636
31.88351229	118.81894113	4.636
31.88351201	118.81893633	4.635
31.88351173	118.81893152	4.634
31.88351144	118.81892670	4.634
31.88351115	118.81892187	4.633
31.88351085	118.81891702	4.633
31.88351055	118.81891216	4.632
31.88351024	118.81890729	4.632
31.88350994	118.81890240	4.632
31.88350964	118.81889751	4.632
31.88350933	118.81889260	4.632
31.88350903	118.81888767	4.632
31.88350871	118.81888273	4.632
31.88350840	118.81887778	4.632
31.88350808	118.81887282	4.632
31.88350777	118.81886785	4.633
31.88350746	118.81886287	4.633
31.88350715	118.81885788	4.633
31.88350684	118.81885290	4.633
31.88350653	118.81884791	4.632
31.88350622	118.81884291	4.632
31.88350590	118.81883789	4.632
31.88350559	118.81883285	4.632
31.88350527	118.81882781	4.632
31.88350495	118.81882275	4.631
31.88350462	118.81881768	4.631
31.88350430	118.81881259	4.631
31.88350398	118.81880750	4.631
31.88350365	118.81880239	4.631
31.88350332	118.81879726	4.631
31.88350300	118.81879212	4.630
31.88350267	118.81878697	4.630
31.88350234	118.81878181	4.630
31.88350200	118.81877663	4.630
31.88350166	118.81877144	4.630
31.88350132	118.81876625	4.629
31.88350099	118.81876105	4.629
31.88350065	118.81875587	4.629
31.88350030	118.81875071	4.629
31.88349996	118.81874556	4.628
31.88349962	118.81874039	4.628
31.88349927	118.81873522	4.628
31.88349892	118.81873006	4.628
31.88349857	118.81872490	4.627
31.88349821	118.81871975	4.627
31.88349786	118.81871459	4.626
31.88349750	118.81870943	4.626
31.88349713	118.81870429	4.625
31.88349677	118.81869915	4.624
31.88349641	118.81869400	4.624
31.88349605	118.81868886	4.622
31.88349568	118.81868372	4.621
31.88349530	118.81867859	4.619
31.88349492	118.81867345	4.617
31.88349454	118.81866831	4.616
31.88349415	118.81866319	4.614
31.88349375	118.81865808	4.612
31.88349334	118.81865290	4.611
31.88349293	118.81864771	4.609
31.88349250	118.81864252	4.609
31.88349208	118.81863733	4.608
31.88349165	118.81863214	4.608
31.88349121	118.81862695	4.608
31.88349077	118.81862174	4.608
31.88349033	118.81861654	4.608
31.88348990	118.81861134	4.608
31.88348946	118.81860613	4.608
31.88348903	118.81860093	4.608
31.88348860	118.81859572	4.608
31.88348816	118.81859051	4.607
31.88348772	118.81858530	4.607
31.88348728	118.81858010	4.606
31.88348684	118.81857489	4.606
31.88348639	118.81856968	4.606
31.88348594	118.81856448	4.606
31.88348549	118.81855927	4.606
31.88348504	118.81855407	4.606
31.88348459	118.81854888	4.607
31.88348414	118.81854370	4.606
31.88348370	118.81853852	4.606
31.88348326	118.81853334	4.605
31.88348281	118.81852817	4.604
31.88348236	118.81852300	4.604
31.88348191	118.81851784	4.603
31.88348144	118.81851269	4.602
31.88348098	118.81850755	4.602
31.88348052	118.81850240	4.601
31.88348005	118.81849727	4.600
31.88347958	118.81849214	4.599
31.88347910	118.81848702	4.598
31.88347863	118.81848190	4.598
31.88347814	118.81847679	4.597
31.88347765	118.81847168	4.596
31.88347716	118.81846658	4.596
31.88347668	118.81846149	4.595
31.88347620	118.81845640	4.595
31.88347571	118.81845132	4.594
31.88347523	118.81844625	4.594
31.88347476	118.81844117	4.593
31.88347428	118.81843611	4.593
31.88347380	118.81843104	4.593
31.88347331	118.81842599	4.593
31.88347283	118.81842094	4.593
31.88347233	118.81841588	4.594
31.88347185	118.81841083	4.594
31.88347137	118.81840579	4.595
31.88347090	118.81840075	4.596
31.88347043	118.81839572	4.597
31.88346997	118.81839070	4.597
31.88346951	118.81838569	4.597
31.88346906	118.81838069	4.598
31.88346860	118.81837569	4.598
31.88346815	118.81837071	4.599
31.88346769	118.81836573	4.599
31.88346724	118.81836078	4.599
31.88346680	118.81835583	4.599
31.88346635	118.81835089	4.598
31.88346591	118.81834602	4.598
31.88346546	118.81834118	4.597
31.88346502	118.81833637	4.597
31.88346457	118.81833156	4.596
31.88346413	118.81832678	4.596
31.88346368	118.81832202	4.595
31.88346323	118.81831727	4.594
31.88346278	118.81831256	4.594
31.88346234	118.81830784	4.593
31.88346189	118.81830316	4.592
31.88346144	118.81829850	4.591
31.88346098	118.81829386	4.590
31.88346053	118.81828924	4.589
31.88346007	118.81828465	4.588
31.88345961	118.81828010	4.588
31.88345915	118.81827556	4.588
31.88345869	118.81827106	4.588
31.88345824	118.81826659	4.589
31.88345779	118.81826214	4.591
31.88345735	118.81825774	4.593
31.88345692	118.81825327	4.595
31.88345650	118.81824880	4.597
31.88345609	118.81824435	4.598
31.88345570	118.81823995	4.599
31.88345532	118.81823558	4.601
31.88345494	118.81823125	4.602
31.88345456	118.81822695	4.603
