31.88361617	118.81963856	6.186
31.88361775	118.81963838	6.185
31.88361956	118.81963819	6.184
31.88362164	118.81963797	6.183
31.88362374	118.81963774	6.182
31.88362562	118.81963753	6.181
31.88362769	118.81963731	6.181
31.88362995	118.81963706	6.180
31.88363176	118.81963686	6.180
31.88363368	118.81963664	6.180
31.88363571	118.81963642	6.180
31.88363786	118.81963618	6.180
31.88364011	118.81963593	6.181
31.88364247	118.81963567	6.182
31.88364496	118.81963540	6.184
31.88364756	118.81963512	6.186
31.88364937	118.81963494	6.188
31.88365123	118.81963474	6.190
31.88365314	118.81963451	6.192
31.88365510	118.81963429	6.194
31.88365710	118.81963405	6.197
31.88365914	118.81963381	6.199
31.88366123	118.81963358	6.200
31.88366335	118.81963336	6.202
31.88366552	118.81963314	6.204
31.88366771	118.81963291	6.206
31.88366995	118.81963268	6.207
31.88367222	118.81963246	6.209
31.88367455	118.81963226	6.211
31.88367694	118.81963207	6.212
31.88367942	118.81963188	6.213
31.88368197	118.81963170	6.215
31.88368460	118.81963152	6.217
31.88368731	118.81963134	6.218
31.88369010	118.81963115	6.220
31.88369297	118.81963096	6.222
31.88369592	118.81963078	6.224
31.88369894	118.81963060	6.226
31.88370203	118.81963038	6.227
31.88370518	118.81963016	6.229
31.88370841	118.81962994	6.231
31.88371171	118.81962971	6.232
31.88371509	118.81962949	6.233
31.88371854	118.81962928	6.234
31.88372207	118.81962906	6.235
31.88372386	118.81962894	6.235
31.88372567	118.81962883	6.235
31.88372749	118.81962871	6.235
31.88372934	118.81962859	6.235
31.88373120	118.81962847	6.235
31.88373307	118.81962835	6.235
31.88373497	118.81962825	6.234
31.88373690	118.81962816	6.234
31.88373885	118.81962806	6.234
31.88374081	118.81962796	6.234
31.88374279	118.81962786	6.234
31.88374479	118.81962775	6.234
31.88374680	118.81962765	6.234
31.88374883	118.81962754	6.234
31.88375088	118.81962743	6.234
31.88375294	118.81962732	6.234
31.88375501	118.81962722	6.234
31.88375711	118.81962712	6.234
31.88375921	118.81962701	6.234
31.88376133	118.81962691	6.234
31.88376346	118.81962680	6.234
31.88376561	118.81962669	6.233
31.88376776	118.81962657	6.233
31.88376993	118.81962646	6.233
31.88377211	118.81962634	6.233
31.88377431	118.81962622	6.233
31.88377651	118.81962609	6.233
31.88377871	118.81962596	6.233
31.88378093	118.81962582	6.232
31.88378316	118.81962569	6.232
31.88378540	118.81962555	6.232
31.88378765	118.81962541	6.231
31.88378992	118.81962527	6.231
31.88379219	118.81962512	6.231
31.88379448	118.81962496	6.232
31.88379678	118.81962481	6.232
31.88379909	118.81962467	6.231
31.88380141	118.81962453	6.231
31.88380375	118.81962439	6.231
31.88380609	118.81962424	6.230
31.88380844	118.81962408	6.231
31.88381078	118.81962392	6.231
31.88381313	118.81962376	6.231
31.88381549	118.81962361	6.231
31.88381785	118.81962346	6.231
31.88382020	118.81962331	6.231
31.88382257	118.81962317	6.231
31.88382493	118.81962304	6.231
31.88382730	118.81962289	6.231
31.88382967	118.81962275	6.231
31.88383205	118.81962260	6.231
31.88383442	118.81962246	6.232
31.88383679	118.81962232	6.232
31.88383917	118.81962218	6.233
31.88384155	118.81962204	6.234
31.88384394	118.81962191	6.235
31.88384632	118.81962177	6.235
31.88384871	118.81962163	6.236
31.88385111	118.81962150	6.237
31.88385350	118.81962138	6.237
31.88385590	118.81962125	6.238
31.88385830	118.81962113	6.238
31.88386071	118.81962100	6.238
31.88386311	118.81962087	6.239
31.88386552	118.81962074	6.239
31.88386793	118.81962062	6.239
31.88387034	118.81962050	6.238
31.88387277	118.81962037	6.238
31.88387520	118.81962025	6.237
31.88387763	118.81962013	6.237
31.88388006	118.81962000	6.236
31.88388250	118.81961986	6.235
31.88388494	118.81961973	6.235
31.88388737	118.81961959	6.234
31.88388981	118.81961945	6.234
31.88389226	118.81961931	6.233
31.88389470	118.81961916	6.232
31.88389715	118.81961902	6.232
31.88389960	118.81961888	6.231
31.88390206	118.81961873	6.230
31.88390451	118.81961859	6.230
31.88390697	118.81961843	6.230
31.88390943	118.81961827	6.229
31.88391189	118.81961811	6.228
31.88391435	118.81961795	6.228
31.88391682	118.81961780	6.227
31.88391929	118.81961764	6.226
31.88392175	118.81961747	6.226
31.88392422	118.81961729	6.225
31.88392669	118.81961711	6.225
31.88392916	118.81961693	6.224
31.88393163	118.81961674	6.223
31.88393410	118.81961656	6.222
31.88393658	118.81961637	6.221
31.88393906	118.81961618	6.221
31.88394154	118.81961599	6.220
31.88394402	118.81961580	6.219
31.88394651	118.81961560	6.218
31.88394899	118.81961540	6.218
31.88395148	118.81961520	6.217
31.88395397	118.81961499	6.216
31.88395647	118.81961478	6.216
31.88395896	118.81961457	6.216
31.88396146	118.81961436	6.215
31.88396396	118.81961415	6.215
31.88396646	118.81961394	6.215
31.88396896	118.81961372	6.215
31.88397146	118.81961351	6.215
31.88397397	118.81961330	6.215
31.88397647	118.81961310	6.215
31.88397898	118.81961290	6.215
31.88398149	118.81961269	6.214
31.88398401	118.81961249	6.214
31.88398652	118.81961228	6.214
31.88398904	118.81961206	6.214
31.88399156	118.81961184	6.214
31.88399408	118.81961163	6.214
31.88399661	118.81961142	6.214
31.88399913	118.81961121	6.214
31.88400166	118.81961101	6.214
31.88400419	118.81961079	6.214
31.88400672	118.81961057	6.214
31.88400925	118.81961035	6.214
31.88401179	118.81961013	6.213
31.88401434	118.81960992	6.213
31.88401689	118.81960971	6.213
31.88401944	118.81960950	6.213
31.88402200	118.81960929	6.214
31.88402457	118.81960907	6.214
31.88402713	118.81960886	6.214
31.88402971	118.81960864	6.213
31.88403228	118.81960843	6.214
31.88403487	118.81960822	6.214
31.88403745	118.81960801	6.214
31.88404004	118.81960780	6.214
31.88404264	118.81960759	6.213
31.88404524	118.81960738	6.213
31.88404784	118.81960717	6.213
31.88405045	118.81960695	6.213
31.88405306	118.81960673	6.213
31.88405567	118.81960651	6.213
31.88405829	118.81960629	6.213
31.88406092	118.81960607	6.213
31.88406355	118.81960585	6.213
31.88406618	118.81960563	6.213
31.88406881	118.81960541	6.213
31.88407146	118.81960519	6.213
31.88407410	118.81960499	6.213
31.88407675	118.81960478	6.213
31.88407940	118.81960458	6.213
31.88408206	118.81960438	6.213
31.88408472	118.81960417	6.213
31.88408738	118.81960397	6.214
31.88409005	118.81960376	6.214
31.88409272	118.81960355	6.215
31.88409540	118.81960335	6.216
31.88409808	118.81960315	6.217
31.88410076	118.81960295	6.218
31.88410345	118.81960276	6.219
31.88410614	118.81960257	6.219
31.88410884	118.81960238	6.220
31.88411154	118.81960219	6.221
31.88411424	118.81960200	6.222
31.88411695	118.81960181	6.223
31.88411968	118.81960162	6.224
31.88412240	118.81960143	6.225
31.88412515	118.81960125	6.226
31.88412790	118.81960106	6.227
31.88413067	118.81960088	6.228
31.88413343	118.81960070	6.229
31.88413620	118.81960052	6.229
31.88413897	118.81960034	6.230
31.88414174	118.81960017	6.231
31.88414451	118.81960000	6.231
31.88414728	118.81959983	6.232
31.88415005	118.81959966	6.232
31.88415281	118.81959949	6.233
31.88415558	118.81959932	6.233
31.88415835	118.81959916	6.233
31.88416112	118.81959900	6.233
31.88416388	118.81959884	6.233
31.88416665	118.81959868	6.234
31.88416942	118.81959852	6.234
31.88417219	118.81959836	6.234
31.88417496	118.81959821	6.234
31.88417772	118.81959806	6.234
31.88418048	118.81959789	6.234
31.88418324	118.81959772	6.234
31.88418600	118.81959755	6.234
31.88418875	118.81959738	6.234
31.88419150	118.81959721	6.234
31.88419426	118.81959705	6.233
31.88419702	118.81959688	6.233
31.88419978	118.81959671	6.233
31.88420254	118.81959654	6.233
31.88420529	118.81959636	6.232
31.88420804	118.81959619	6.231
31.88421079	118.81959600	6.231
31.88421354	118.81959582	6.231
31.88421629	118.81959564	6.230
31.88421903	118.81959546	6.230
31.88422178	118.81959528	6.229
31.88422454	118.81959510	6.229
31.88422729	118.81959491	6.228
31.88423004	118.81959472	6.228
31.88423278	118.81959453	6.228
31.88423553	118.81959434	6.227
31.88423828	118.81959415	6.227
31.88424102	118.81959397	6.226
31.88424376	118.81959377	6.226
31.88424651	118.81959357	6.226
31.88424925	118.81959338	6.225
31.88425199	118.81959318	6.225
31.88425473	118.81959299	6.224
31.88425747	118.81959280	6.224
31.88426021	118.81959260	6.223
31.88426295	118.81959240	6.223
31.88426569	118.81959219	6.222
31.88426843	118.81959198	6.222
31.88427117	118.81959178	6.221
31.88427391	118.81959157	6.221
31.88427664	118.81959137	6.220
31.88427938	118.81959115	6.219
31.88428212	118.81959093	6.219
31.88428486	118.81959071	6.219
31.88428759	118.81959049	6.218
31.88429033	118.81959027	6.217
31.88429306	118.81959004	6.217
31.88429580	118.81958981	6.216
31.88429853	118.81958957	6.216
31.88430127	118.81958934	6.216
31.88430400	118.81958910	6.216
31.88430673	118.81958887	6.215
31.88430947	118.81958863	6.215
31.88431220	118.81958839	6.215
31.88431493	118.81958815	6.215
31.88431767	118.81958791	6.215
31.88432040	118.81958767	6.215
31.88432313	118.81958744	6.215
31.88432587	118.81958720	6.215
31.88432860	118.81958696	6.216
31.88433133	118.81958671	6.216
31.88433406	118.81958647	6.216
31.88433679	118.81958624	6.216
31.88433952	118.81958601	6.216
31.88434226	118.81958578	6.216
31.88434499	118.81958555	6.216
31.88434773	118.81958532	6.216
31.88435047	118.81958509	6.217
31.88435321	118.81958486	6.217
31.88435595	118.81958464	6.217
31.88435868	118.81958442	6.217
31.88436142	118.81958420	6.217
31.88436416	118.81958398	6.217
31.88436690	118.81958377	6.217
31.88436964	118.81958355	6.218
31.88437238	118.81958333	6.217
31.88437512	118.81958310	6.217
31.88437786	118.81958287	6.217
31.88438060	118.81958264	6.217
31.88438333	118.81958242	6.217
31.88438607	118.81958220	6.217
31.88438881	118.81958198	6.217
31.88439155	118.81958175	6.217
31.88439428	118.81958151	6.217
31.88439702	118.81958128	6.217
31.88439975	118.81958105	6.217
31.88440248	118.81958084	6.217
31.88440521	118.81958064	6.217
31.88440794	118.81958044	6.217
31.88441067	118.81958023	6.217
31.88441340	118.81958002	6.217
31.88441613	118.81957981	6.217
31.88441885	118.81957960	6.217
31.88442158	118.81957940	6.216
31.88442430	118.81957920	6.216
31.88442703	118.81957899	6.216
31.88442975	118.81957878	6.216
31.88443248	118.81957857	6.216
31.88443520	118.81957836	6.216
31.88443792	118.81957816	6.216
31.88444063	118.81957795	6.216
31.88444334	118.81957773	6.216
31.88444605	118.81957752	6.216
31.88444874	118.81957732	6.216
31.88445143	118.81957712	6.216
31.88445412	118.81957692	6.216
31.88445681	118.81957672	6.216
31.88445948	118.81957652	6.217
31.88446216	118.81957632	6.217
31.88446482	118.81957613	6.217
31.88446747	118.81957595	6.217
31.88447011	118.81957576	6.217
31.88447274	118.81957557	6.217
31.88447535	118.81957538	6.218
31.88447795	118.81957519	6.218
31.88448054	118.81957501	6.219
31.88448313	118.81957483	6.219
31.88448570	118.81957466	6.220
31.88448826	118.81957449	6.220
31.88449081	118.81957431	6.221
31.88449334	118.81957414	6.221
31.88449587	118.81957396	6.222
31.88449839	118.81957379	6.222
31.88450089	118.81957363	6.222
31.88450339	118.81957347	6.223
31.88450587	118.81957331	6.223
31.88450832	118.81957313	6.224
31.88451077	118.81957296	6.224
31.88451321	118.81957279	6.225
31.88451564	118.81957262	6.225
31.88451805	118.81957244	6.225
31.88452045	118.81957228	6.226
31.88452284	118.81957213	6.226
31.88452523	118.81957197	6.226
31.88452760	118.81957182	6.226
31.88452996	118.81957166	6.227
31.88453230	118.81957150	6.227
31.88453464	118.81957134	6.228
31.88453697	118.81957118	6.228
31.88453929	118.81957104	6.228
31.88454160	118.81957091	6.228
31.88454389	118.81957077	6.229
31.88454618	118.81957063	6.229
31.88454845	118.81957047	6.229
31.88455071	118.81957032	6.229
31.88455297	118.81957016	6.230
31.88455523	118.81957002	6.230
31.88455747	118.81956987	6.230
31.88455970	118.81956974	6.230
31.88456192	118.81956960	6.230
31.88456413	118.81956946	6.230
31.88456634	118.81956931	6.231
31.88456852	118.81956917	6.231
31.88457070	118.81956903	6.231
31.88457286	118.81956889	6.231
31.88457502	118.81956875	6.231
31.88457717	118.81956862	6.232
31.88457931	118.81956848	6.232
31.88458144	118.81956835	6.232
31.88458355	118.81956821	6.232
31.88458566	118.81956808	6.233
31.88458776	118.81956795	6.233
31.88458985	118.81956782	6.233
31.88459193	118.81956769	6.234
31.88459400	118.81956756	6.235
31.88459605	118.81956743	6.236
31.88459810	118.81956731	6.237
31.88460014	118.81956718	6.239
31.88460216	118.81956706	6.242
31.88460417	118.81956694	6.244
31.88460618	118.81956683	6.248
31.88460817	118.81956673	6.252
31.88461015	118.81956665	6.256
31.88461213	118.81956658	6.261
31.88461409	118.81956653	6.267
31.88461604	118.81956649	6.272
31.88461799	118.81956645	6.278
31.88461992	118.81956643	0.001
31.88462184	118.81956643	0.008
31.88462376	118.81956643	0.015
31.88462566	118.81956646	0.022
31.88462755	118.81956651	0.030
31.88462943	118.81956657	0.038
31.88463129	118.81956665	0.047
31.88463315	118.81956674	0.057
31.88463499	118.81956687	0.067
31.88463682	118.81956702	0.077
31.88463864	118.81956719	0.087
31.88464045	118.81956737	0.098
31.88464403	118.81956781	0.119
31.88464756	118.81956833	0.141
31.88465105	118.81956893	0.163
31.88465449	118.81956962	0.184
31.88465787	118.81957040	0.205
31.88466121	118.81957122	0.226
31.88466451	118.81957210	0.247
31.88466775	118.81957304	0.267
31.88467092	118.81957406	0.287
31.88467403	118.81957515	0.307
31.88467709	118.81957629	0.326
31.88468011	118.81957746	0.345
31.88468308	118.81957870	0.364
31.88468603	118.81958001	0.383
31.88468896	118.81958140	0.402
31.88469187	118.81958285	0.421
31.88469479	118.81958437	0.439
31.88469771	118.81958595	0.459
31.88470062	118.81958764	0.478
31.88470351	118.81958944	0.497
31.88470638	118.81959132	0.515
31.88470926	118.81959326	0.534
31.88471213	118.81959528	0.552
31.88471498	118.81959738	0.570
31.88471782	118.81959955	0.585
31.88472066	118.81960180	0.600
31.88472350	118.81960409	0.613
31.88472635	118.81960643	0.623
31.88472919	118.81960883	0.632
31.88473202	118.81961128	0.640
31.88473486	118.81961377	0.647
31.88473771	118.81961630	0.652
31.88473913	118.81961758	0.655
31.88474056	118.81961887	0.657
31.88474200	118.81962016	0.660
31.88474344	118.81962146	0.662
31.88474488	118.81962277	0.664
31.88474631	118.81962409	0.667
31.88474775	118.81962542	0.669
31.88474919	118.81962676	0.670
31.88475063	118.81962810	0.671
31.88475208	118.81962944	0.672
31.88475353	118.81963080	0.673
31.88475497	118.81963216	0.673
31.88475642	118.81963352	0.674
31.88475787	118.81963488	0.674
31.88475934	118.81963625	0.674
31.88476080	118.81963762	0.674
31.88476227	118.81963899	0.673
31.88476374	118.81964036	0.672
31.88476522	118.81964174	0.672
31.88476671	118.81964311	0.671
31.88476819	118.81964449	0.671
31.88476969	118.81964587	0.670
31.88477118	118.81964725	0.668
31.88477268	118.81964864	0.667
31.88477419	118.81965003	0.665
31.88477571	118.81965141	0.663
31.88477724	118.81965279	0.661
31.88477877	118.81965418	0.659
31.88478030	118.81965556	0.656
31.88478183	118.81965696	0.654
31.88478338	118.81965835	0.651
31.88478494	118.81965974	0.649
31.88478652	118.81966112	0.646
31.88478811	118.81966251	0.643
31.88478970	118.81966390	0.641
31.88479130	118.81966529	0.638
31.88479291	118.81966670	0.634
31.88479453	118.81966810	0.630
31.88479616	118.81966950	0.626
31.88479780	118.81967090	0.621
31.88479944	118.81967229	0.616
31.88480111	118.81967367	0.609
31.88480278	118.81967503	0.603
31.88480447	118.81967639	0.596
31.88480616	118.81967774	0.588
31.88480787	118.81967908	0.580
31.88480959	118.81968041	0.571
31.88481133	118.81968172	0.562
31.88481308	118.81968301	0.553
31.88481484	118.81968429	0.543
31.88481662	118.81968554	0.534
31.88481841	118.81968678	0.525
31.88482022	118.81968799	0.515
31.88482203	118.81968919	0.505
31.88482386	118.81969037	0.495
31.88482570	118.81969153	0.485
31.88482756	118.81969267	0.474
31.88482943	118.81969378	0.463
31.88483132	118.81969486	0.452
31.88483323	118.81969592	0.441
31.88483514	118.81969696	0.431
31.88483707	118.81969798	0.420
31.88483901	118.81969898	0.410
31.88484096	118.81969996	0.399
31.88484292	118.81970092	0.388
31.88484489	118.81970185	0.378
31.88484688	118.81970276	0.367
31.88484888	118.81970365	0.357
31.88485088	118.81970451	0.346
31.88485290	118.81970535	0.334
31.88485493	118.81970617	0.322
31.88485697	118.81970696	0.311
31.88485901	118.81970773	0.298
31.88486105	118.81970846	0.286
31.88486310	118.81970916	0.274
31.88486516	118.81970984	0.263
31.88486724	118.81971048	0.251
31.88486932	118.81971111	0.240
31.88487142	118.81971171	0.228
31.88487351	118.81971229	0.216
31.88487562	118.81971284	0.205
31.88487774	118.81971336	0.194
31.88487987	118.81971384	0.183
31.88488200	118.81971430	0.173
31.88488414	118.81971473	0.162
31.88488629	118.81971513	0.151
31.88488845	118.81971552	0.140
31.88489062	118.81971587	0.129
31.88489279	118.81971620	0.119
31.88489496	118.81971650	0.108
31.88489715	118.81971678	0.098
31.88489933	118.81971702	0.087
31.88490154	118.81971725	0.076
31.88490375	118.81971745	0.065
31.88490597	118.81971762	0.054
31.88490819	118.81971776	0.044
31.88491042	118.81971787	0.033
31.88491265	118.81971795	0.022
31.88491488	118.81971800	0.011
31.88491713	118.81971802	0.000
31.88491937	118.81971802	6.273
31.88492161	118.81971799	6.262
31.88492386	118.81971794	6.251
31.88492611	118.81971785	6.240
31.88492836	118.81971774	6.229
31.88493061	118.81971759	6.218
31.88493285	118.81971742	6.207
31.88493510	118.81971721	6.195
31.88493733	118.81971698	6.183
31.88493957	118.81971671	6.171
31.88494179	118.81971642	6.159
31.88494401	118.81971610	6.147
31.88494621	118.81971574	6.135
31.88494840	118.81971535	6.123
31.88495057	118.81971493	6.112
31.88495273	118.81971449	6.100
31.88495489	118.81971402	6.088
31.88495702	118.81971352	6.076
31.88495915	118.81971299	6.064
31.88496126	118.81971243	6.052
31.88496335	118.81971185	6.040
31.88496543	118.81971124	6.028
31.88496749	118.81971060	6.015
31.88496953	118.81970994	6.002
31.88497155	118.81970925	5.989
31.88497356	118.81970853	5.977
31.88497555	118.81970778	5.963
31.88497751	118.81970700	5.950
31.88497946	118.81970620	5.937
31.88498139	118.81970537	5.924
31.88498330	118.81970452	5.910
31.88498520	118.81970364	5.896
31.88498708	118.81970274	5.883
31.88498895	118.81970182	5.869
31.88499081	118.81970087	5.856
31.88499265	118.81969988	5.842
31.88499448	118.81969885	5.829
31.88499629	118.81969780	5.815
31.88499810	118.81969672	5.802
31.88499990	118.81969562	5.788
31.88500169	118.81969449	5.774
31.88500347	118.81969333	5.761
31.88500523	118.81969214	5.747
31.88500698	118.81969092	5.734
31.88500872	118.81968967	5.721
31.88501044	118.81968839	5.708
31.88501215	118.81968708	5.696
31.88501385	118.81968575	5.683
31.88501554	118.81968440	5.671
31.88501721	118.81968303	5.659
31.88501888	118.81968163	5.646
31.88502053	118.81968020	5.634
31.88502216	118.81967875	5.621
31.88502376	118.81967727	5.609
31.88502536	118.81967577	5.596
31.88502694	118.81967424	5.584
31.88502850	118.81967270	5.572
31.88503005	118.81967112	5.559
31.88503159	118.81966953	5.547
31.88503311	118.81966792	5.535
31.88503462	118.81966628	5.523
31.88503610	118.81966461	5.511
31.88503757	118.81966292	5.499
31.88503902	118.81966121	5.487
31.88504046	118.81965949	5.474
31.88504188	118.81965774	5.461
31.88504329	118.81965597	5.448
31.88504467	118.81965417	5.435
31.88504603	118.81965235	5.422
31.88504737	118.81965051	5.410
31.88504869	118.81964864	5.397
31.88504999	118.81964675	5.385
31.88505127	118.81964486	5.372
31.88505254	118.81964294	5.359
31.88505380	118.81964102	5.346
31.88505503	118.81963907	5.334
31.88505624	118.81963710	5.321
31.88505742	118.81963510	5.309
31.88505857	118.81963309	5.296
31.88505971	118.81963107	5.284
31.88506083	118.81962902	5.271
31.88506193	118.81962697	5.258
31.88506301	118.81962490	5.245
31.88506407	118.81962282	5.233
31.88506509	118.81962072	5.220
31.88506609	118.81961861	5.207
31.88506707	118.81961649	5.195
31.88506801	118.81961437	5.182
31.88506894	118.81961223	5.169
31.88506984	118.81961009	5.156
31.88507072	118.81960794	5.143
31.88507156	118.81960579	5.130
31.88507238	118.81960362	5.118
31.88507317	118.81960144	5.105
31.88507393	118.81959927	5.092
31.88507467	118.81959709	5.080
31.88507538	118.81959491	5.067
31.88507607	118.81959273	5.054
31.88507672	118.81959056	5.042
31.88507736	118.81958838	5.030
31.88507796	118.81958621	5.017
31.88507854	118.81958404	5.005
31.88507909	118.81958187	4.993
31.88507962	118.81957971	4.981
31.88508012	118.81957755	4.969
31.88508060	118.81957539	4.957
31.88508105	118.81957324	4.945
31.88508147	118.81957109	4.933
31.88508188	118.81956895	4.921
31.88508226	118.81956682	4.909
31.88508262	118.81956468	4.898
31.88508295	118.81956255	4.886
31.88508327	118.81956042	4.874
31.88508356	118.81955830	4.862
31.88508383	118.81955617	4.851
31.88508408	118.81955404	4.839
31.88508431	118.81955190	4.827
31.88508452	118.81954976	4.815
31.88508471	118.81954761	4.804
31.88508486	118.81954546	4.792
31.88508500	118.81954330	4.781
31.88508512	118.81954115	4.769
31.88508522	118.81953899	4.758
31.88508529	118.81953682	4.747
31.88508535	118.81953465	4.736
31.88508540	118.81953249	4.725
31.88508542	118.81953031	4.714
31.88508541	118.81952814	4.704
31.88508539	118.81952596	4.693
31.88508535	118.81952378	4.683
31.88508528	118.81952160	4.672
31.88508520	118.81951942	4.661
31.88508510	118.81951722	4.650
31.88508499	118.81951501	4.639
31.88508486	118.81951281	4.628
31.88508471	118.81951060	4.617
31.88508454	118.81950839	4.606
31.88508434	118.81950618	4.594
31.88508413	118.81950397	4.583
31.88508389	118.81950177	4.572
31.88508363	118.81949956	4.561
31.88508334	118.81949736	4.549
31.88508304	118.81949516	4.538
31.88508271	118.81949296	4.527
31.88508236	118.81949076	4.516
31.88508200	118.81948856	4.504
31.88508161	118.81948636	4.493
31.88508121	118.81948418	4.481
31.88508077	118.81948200	4.470
31.88508032	118.81947983	4.459
31.88507985	118.81947766	4.448
31.88507936	118.81947552	4.436
31.88507884	118.81947338	4.425
31.88507831	118.81947125	4.414
31.88507777	118.81946914	4.402
31.88507720	118.81946703	4.391
31.88507662	118.81946494	4.379
31.88507602	118.81946288	4.368
31.88507540	118.81946083	4.356
31.88507476	118.81945879	4.344
31.88507410	118.81945678	4.332
31.88507342	118.81945479	4.321
31.88507273	118.81945281	4.309
31.88507130	118.81944891	4.286
31.88506981	118.81944510	4.263
31.88506827	118.81944135	4.241
31.88506667	118.81943769	4.218
31.88506500	118.81943412	4.196
31.88506328	118.81943067	4.173
31.88506151	118.81942730	4.151
31.88505970	118.81942400	4.129
31.88505785	118.81942079	4.107
31.88505596	118.81941766	4.086
31.88505402	118.81941460	4.064
31.88505204	118.81941163	4.043
31.88505003	118.81940873	4.024
31.88504800	118.81940591	4.005
31.88504594	118.81940315	3.989
31.88504387	118.81940044	3.975
31.88504179	118.81939779	3.963
31.88503971	118.81939520	3.953
31.88503762	118.81939265	3.945
31.88503553	118.81939013	3.937
31.88503342	118.81938763	3.929
31.88503128	118.81938513	3.922
31.88502910	118.81938261	3.915
31.88502686	118.81938006	3.908
31.88502455	118.81937747	3.901
31.88502220	118.81937484	3.897
31.88501983	118.81937219	3.894
31.88501744	118.81936954	3.892
31.88501504	118.81936689	3.892
31.88501263	118.81936424	3.893
31.88501022	118.81936158	3.893
31.88500782	118.81935891	3.894
31.88500541	118.81935623	3.895
31.88500299	118.81935355	3.897
31.88500056	118.81935086	3.900
31.88499811	118.81934817	3.903
31.88499568	118.81934547	3.906
31.88499324	118.81934275	3.909
31.88499082	118.81934003	3.915
31.88498842	118.81933731	3.921
31.88498605	118.81933459	3.926
31.88498371	118.81933187	3.933
31.88498141	118.81932916	3.940
31.88497915	118.81932644	3.948
31.88497694	118.81932371	3.957
31.88497478	118.81932097	3.966
31.88497266	118.81931823	3.976
31.88497057	118.81931550	3.985
31.88496853	118.81931278	3.994
31.88496653	118.81931005	4.004
31.88496456	118.81930731	4.013
31.88496261	118.81930453	4.023
31.88496067	118.81930172	4.033
31.88495874	118.81929887	4.043
31.88495683	118.81929598	4.054
31.88495493	118.81929306	4.065
31.88495304	118.81929010	4.077
31.88495118	118.81928709	4.089
31.88494933	118.81928405	4.101
31.88494751	118.81928095	4.114
31.88494572	118.81927781	4.126
31.88494395	118.81927463	4.139
31.88494220	118.81927140	4.151
31.88494048	118.81926814	4.165
31.88493878	118.81926483	4.180
31.88493713	118.81926146	4.194
31.88493552	118.81925806	4.209
31.88493396	118.81925465	4.224
31.88493244	118.81925123	4.240
31.88493098	118.81924779	4.256
31.88492958	118.81924434	4.273
31.88492825	118.81924088	4.290
31.88492696	118.81923743	4.306
31.88492572	118.81923396	4.322
31.88492451	118.81923047	4.338
31.88492335	118.81922696	4.353
31.88492223	118.81922341	4.366
31.88492112	118.81921983	4.379
31.88492003	118.81921622	4.391
31.88491897	118.81921255	4.404
31.88491795	118.81920883	4.417
31.88491695	118.81920506	4.431
31.88491598	118.81920124	4.444
31.88491505	118.81919736	4.456
31.88491419	118.81919344	4.469
31.88491340	118.81918943	4.482
31.88491263	118.81918539	4.494
31.88491188	118.81918130	4.506
31.88491152	118.81917924	4.512
31.88491118	118.81917717	4.517
31.88491084	118.81917508	4.522
31.88491051	118.81917298	4.527
31.88491020	118.81917087	4.531
31.88490988	118.81916876	4.535
31.88490958	118.81916663	4.538
31.88490927	118.81916449	4.541
31.88490897	118.81916234	4.544
31.88490867	118.81916018	4.547
31.88490838	118.81915802	4.549
31.88490809	118.81915585	4.550
31.88490780	118.81915366	4.551
31.88490751	118.81915146	4.552
31.88490719	118.81914925	4.553
31.88490688	118.81914703	4.553
31.88490656	118.81914481	4.554
31.88490624	118.81914256	4.554
31.88490593	118.81914031	4.554
31.88490561	118.81913805	4.555
31.88490530	118.81913577	4.555
31.88490499	118.81913348	4.556
31.88490468	118.81913118	4.556
31.88490437	118.81912887	4.557
31.88490405	118.81912655	4.557
31.88490373	118.81912421	4.558
31.88490341	118.81912187	4.558
31.88490309	118.81911951	4.558
31.88490277	118.81911714	4.559
31.88490245	118.81911476	4.559
31.88490213	118.81911238	4.560
31.88490182	118.81910998	4.561
31.88490150	118.81910757	4.561
31.88490119	118.81910515	4.562
31.88490090	118.81910271	4.562
31.88490060	118.81910027	4.563
31.88490031	118.81909781	4.563
31.88490002	118.81909534	4.564
31.88489972	118.81909286	4.564
31.88489942	118.81909036	4.565
31.88489912	118.81908785	4.565
31.88489882	118.81908533	4.565
31.88489852	118.81908279	4.565
31.88489822	118.81908023	4.565
31.88489792	118.81907767	4.565
31.88489762	118.81907509	4.564
31.88489731	118.81907250	4.564
31.88489699	118.81906991	4.564
31.88489667	118.81906729	4.564
31.88489635	118.81906467	4.563
31.88489603	118.81906203	4.563
31.88489571	118.81905938	4.563
31.88489539	118.81905671	4.562
31.88489505	118.81905403	4.562
31.88489471	118.81905134	4.561
31.88489436	118.81904864	4.561
31.88489400	118.81904592	4.561
31.88489365	118.81904319	4.561
31.88489329	118.81904045	4.561
31.88489294	118.81903770	4.561
31.88489258	118.81903493	4.561
31.88489223	118.81903216	4.561
31.88489186	118.81902937	4.561
31.88489149	118.81902657	4.561
31.88489112	118.81902375	4.561
31.88489076	118.81902093	4.561
31.88489039	118.81901809	4.561
31.88489003	118.81901524	4.561
31.88488966	118.81901238	4.561
31.88488930	118.81900952	4.561
31.88488892	118.81900664	4.561
31.88488855	118.81900375	4.561
31.88488817	118.81900084	4.561
31.88488780	118.81899794	4.561
31.88488742	118.81899503	4.561
31.88488705	118.81899210	4.561
31.88488667	118.81898917	4.561
31.88488630	118.81898622	4.561
31.88488593	118.81898326	4.561
31.88488556	118.81898029	4.561
31.88488518	118.81897732	4.561
31.88488480	118.81897433	4.561
31.88488441	118.81897134	4.561
31.88488403	118.81896833	4.561
31.88488365	118.81896532	4.562
31.88488326	118.81896229	4.562
31.88488288	118.81895926	4.562
31.88488250	118.81895621	4.563
31.88488211	118.81895316	4.564
31.88488172	118.81895010	4.564
31.88488134	118.81894702	4.565
31.88488096	118.81894393	4.566
31.88488058	118.81894083	4.566
31.88488020	118.81893770	4.567
31.88487981	118.81893455	4.568
31.88487943	118.81893138	4.569
31.88487904	118.81892820	4.569
31.88487865	118.81892500	4.570
31.88487827	118.81892178	4.571
31.88487788	118.81891855	4.571
31.88487750	118.81891530	4.572
31.88487711	118.81891204	4.572
31.88487673	118.81890876	4.573
31.88487635	118.81890546	4.573
31.88487597	118.81890215	4.573
31.88487558	118.81889882	4.574
31.88487519	118.81889548	4.573
31.88487480	118.81889212	4.573
31.88487440	118.81888875	4.573
31.88487400	118.81888536	4.574
31.88487361	118.81888196	4.573
31.88487322	118.81887854	4.573
31.88487282	118.81887511	4.573
31.88487242	118.81887167	4.573
31.88487201	118.81886823	4.573
31.88487160	118.81886477	4.573
31.88487118	118.81886130	4.573
31.88487077	118.81885781	4.573
31.88487035	118.81885430	4.573
31.88486994	118.81885079	4.573
31.88486953	118.81884726	4.573
31.88486911	118.81884371	4.573
31.88486868	118.81884016	4.573
31.88486826	118.81883659	4.573
31.88486783	118.81883300	4.573
31.88486741	118.81882941	4.573
31.88486699	118.81882580	4.573
31.88486656	118.81882218	4.573
31.88486613	118.81881855	4.574
31.88486569	118.81881491	4.574
31.88486526	118.81881125	4.575
31.88486483	118.81880759	4.575
31.88486440	118.81880391	4.575
31.88486397	118.81880022	4.575
31.88486353	118.81879652	4.575
31.88486309	118.81879282	4.575
31.88486265	118.81878910	4.575
31.88486220	118.81878537	4.575
31.88486132	118.81877790	4.575
31.88486087	118.81877415	4.575
31.88486042	118.81877039	4.575
31.88485997	118.81876661	4.575
31.88485951	118.81876283	4.576
31.88485906	118.81875903	4.576
31.88485862	118.81875523	4.576
31.88485817	118.81875142	4.576
31.88485773	118.81874761	4.576
31.88485727	118.81874378	4.576
31.88485682	118.81873995	4.577
31.88485638	118.81873610	4.577
31.88485593	118.81873225	4.577
31.88485548	118.81872839	4.577
31.88485503	118.81872452	4.577
31.88485460	118.81872065	4.578
31.88485417	118.81871678	4.578
31.88485375	118.81871291	4.578
31.88485332	118.81870903	4.579
31.88485290	118.81870517	4.579
31.88485247	118.81870130	4.579
31.88485205	118.81869744	4.580
31.88485163	118.81869358	4.580
31.88485121	118.81868971	4.580
31.88485079	118.81868585	4.580
31.88485037	118.81868199	4.581
31.88484995	118.81867813	4.581
31.88484954	118.81867428	4.582
31.88484913	118.81867042	4.582
31.88484872	118.81866658	4.582
31.88484832	118.81866273	4.583
31.88484791	118.81865888	4.583
31.88484751	118.81865504	4.583
31.88484711	118.81865120	4.584
31.88484670	118.81864737	4.584
31.88484628	118.81864354	4.584
31.88484586	118.81863972	4.583
31.88484544	118.81863590	4.583
31.88484501	118.81863208	4.583
31.88484459	118.81862826	4.583
31.88484417	118.81862444	4.583
31.88484375	118.81862062	4.583
31.88484333	118.81861680	4.583
31.88484291	118.81861298	4.583
31.88484248	118.81860916	4.582
31.88484205	118.81860535	4.582
31.88484162	118.81860153	4.582
31.88484119	118.81859772	4.582
31.88484076	118.81859390	4.581
31.88484034	118.81859008	4.581
31.88483991	118.81858626	4.581
31.88483947	118.81858245	4.581
31.88483904	118.81857862	4.580
31.88483860	118.81857481	4.580
31.88483816	118.81857098	4.580
31.88483773	118.81856714	4.580
31.88483729	118.81856330	4.579
31.88483686	118.81855946	4.579
31.88483643	118.81855562	4.579
31.88483600	118.81855178	4.579
31.88483556	118.81854795	4.578
31.88483512	118.81854412	4.578
31.88483467	118.81854029	4.578
31.88483423	118.81853645	4.578
31.88483379	118.81853261	4.577
31.88483336	118.81852877	4.577
31.88483292	118.81852493	4.577
31.88483247	118.81852108	4.576
31.88483202	118.81851723	4.576
31.88483156	118.81851338	4.576
31.88483112	118.81850953	4.576
31.88483067	118.81850567	4.576
31.88483023	118.81850181	4.576
31.88482979	118.81849795	4.576
31.88482934	118.81849408	4.575
31.88482890	118.81849022	4.575
31.88482847	118.81848635	4.575
31.88482803	118.81848247	4.575
31.88482759	118.81847859	4.574
31.88482714	118.81847470	4.574
31.88482670	118.81847081	4.573
31.88482625	118.81846691	4.572
31.88482581	118.81846301	4.571
31.88482535	118.81845910	4.570
31.88482489	118.81845519	4.569
31.88482443	118.81845128	4.568
31.88482397	118.81844736	4.567
31.88482349	118.81844343	4.565
31.88482301	118.81843950	4.564
31.88482253	118.81843557	4.563
31.88482204	118.81843164	4.563
31.88482155	118.81842770	4.563
31.88482106	118.81842375	4.563
31.88482058	118.81841980	4.563
31.88482008	118.81841585	4.563
31.88481958	118.81841188	4.562
31.88481908	118.81840791	4.562
31.88481858	118.81840394	4.562
31.88481808	118.81839997	4.562
31.88481757	118.81839598	4.561
31.88481706	118.81839200	4.561
31.88481655	118.81838801	4.561
31.88481604	118.81838401	4.561
31.88481553	118.81838001	4.561
31.88481501	118.81837601	4.560
31.88481450	118.81837200	4.560
31.88481399	118.81836798	4.560
31.88481348	118.81836397	4.560
31.88481296	118.81835994	4.559
31.88481244	118.81835592	4.559
31.88481192	118.81835189	4.559
31.88481140	118.81834786	4.559
31.88481088	118.81834383	4.559
31.88481036	118.81833979	4.559
31.88480984	118.81833575	4.559
31.88480931	118.81833172	4.558
31.88480878	118.81832768	4.558
31.88480825	118.81832363	4.558
31.88480772	118.81831958	4.558
31.88480719	118.81831553	4.558
31.88480666	118.81831148	4.558
31.88480612	118.81830743	4.558
31.88480559	118.81830337	4.558
31.88480506	118.81829931	4.558
31.88480452	118.81829524	4.558
31.88480398	118.81829117	4.558
31.88480345	118.81828710	4.559
31.88480291	118.81828302	4.559
31.88480238	118.81827894	4.560
31.88480185	118.81827486	4.560
31.88480132	118.81827077	4.561
31.88480079	118.81826668	4.562
31.88480027	118.81826258	4.562
31.88479975	118.81825848	4.563
31.88479922	118.81825436	4.564
31.88479869	118.81825023	4.564
31.88479815	118.81824609	4.565
31.88479762	118.81824194	4.565
31.88479709	118.81823779	4.566
31.88479657	118.81823363	4.566
31.88479604	118.81822947	4.567
31.88479552	118.81822531	4.568
31.88479500	118.81822116	4.568
31.88479448	118.81821700	4.569
31.88479396	118.81821284	4.569
31.88479344	118.81820869	4.569
31.88479293	118.81820453	4.570
31.88479241	118.81820038	4.570
31.88479189	118.81819624	4.570
31.88479137	118.81819211	4.571
31.88479086	118.81818799	4.571
31.88479036	118.81818386	4.571
31.88478985	118.81817975	4.571
31.88478934	118.81817564	4.571
31.88478884	118.81817155	4.572
31.88478836	118.81816748	4.572
31.88478787	118.81816342	4.572
31.88478739	118.81815938	4.572
31.88478691	118.81815534	4.572
31.88478643	118.81815133	4.572
31.88478595	118.81814732	4.572
31.88478549	118.81814333	4.572
31.88478502	118.81813935	4.572
31.88478456	118.81813539	4.572
31.88478409	118.81813144	4.572
31.88478362	118.81812750	4.572
31.88478315	118.81812358	4.571
31.88478269	118.81811967	4.571
31.88478223	118.81811577	4.571
31.88478177	118.81811189	4.571
31.88478132	118.81810802	4.570
31.88478086	118.81810416	4.570
31.88478040	118.81810031	4.570
31.88477995	118.81809648	4.570
31.88477949	118.81809266	4.570
31.88477903	118.81808884	4.569
31.88477857	118.81808504	4.569
31.88477810	118.81808126	4.569
31.88477764	118.81807748	4.569
31.88477719	118.81807372	4.569
31.88477675	118.81806997	4.569
31.88477630	118.81806623	4.568
31.88477584	118.81806250	4.568
31.88477537	118.81805879	4.569
31.88477491	118.81805509	4.569
31.88477446	118.81805141	4.569
31.88477401	118.81804773	4.569
31.88477356	118.81804407	4.569
31.88477311	118.81804042	4.570
31.88477267	118.81803678	4.570
31.88477223	118.81803315	4.570
31.88477179	118.81802953	4.570
31.88477136	118.81802593	4.571
31.88477092	118.81802234	4.572
31.88477050	118.81801877	4.572
31.88477008	118.81801521	4.573
31.88476967	118.81801165	4.573
31.88476926	118.81800811	4.574
31.88476886	118.81800458	4.574
31.88476846	118.81800107	4.575
31.88476806	118.81799756	4.575
31.88476766	118.81799407	4.576
31.88476727	118.81799059	4.577
31.88476687	118.81798712	4.577
31.88476648	118.81798367	4.578
31.88476610	118.81798023	4.579
31.88476572	118.81797679	4.579
31.88476534	118.81797337	4.580
31.88476497	118.81796996	4.580
31.88476460	118.81796657	4.581
31.88476423	118.81796318	4.582
31.88476386	118.81795980	4.582
31.88476350	118.81795644	4.583
31.88476315	118.81795309	4.584
31.88476278	118.81794976	4.584
31.88476241	118.81794643	4.585
31.88476205	118.81794312	4.585
31.88476169	118.81793982	4.585
31.88476134	118.81793653	4.585
31.88476098	118.81793325	4.584
31.88476062	118.81792999	4.584
31.88476026	118.81792674	4.584
31.88475990	118.81792350	4.584
31.88475955	118.81792028	4.584
31.88475920	118.81791707	4.584
31.88475885	118.81791389	4.584
31.88475850	118.81791074	4.584
31.88475815	118.81790760	4.584
31.88475780	118.81790449	4.583
31.88475746	118.81790140	4.583
31.88475713	118.81789834	4.583
31.88475680	118.81789531	4.583
31.88475646	118.81789230	4.582
31.88475612	118.81788933	4.582
31.88475579	118.81788639	4.582
31.88475547	118.81788349	4.582
31.88475515	118.81788062	4.581
31.88475485	118.81787779	4.581
31.88475454	118.81787500	4.581
31.88475424	118.81787225	4.580
31.88475395	118.81786955	4.580
31.88475366	118.81786689	4.580
31.88475337	118.81786427	4.580
31.88475308	118.81786169	4.580
31.88475280	118.81785917	4.579
31.88475252	118.81785668	4.579
31.88475224	118.81785423	4.579
31.88475197	118.81785182	4.578
31.88475170	118.81784944	4.578
31.88475145	118.81784711	4.578
31.88475119	118.81784481	4.577
31.88475094	118.81784255	4.577
31.88475068	118.81784032	4.576
31.88475043	118.81783813	4.576
31.88475019	118.81783598	4.576
31.88474971	118.81783177	4.575
31.88474925	118.81782770	4.573
31.88474879	118.81782373	4.571
31.88474833	118.81781987	4.569
31.88474788	118.81781608	4.567
31.88474743	118.81781235	4.565
31.88474698	118.81780865	4.561
31.88474653	118.81780499	4.556
31.88474606	118.81780136	4.549
31.88474556	118.81779778	4.540
31.88474503	118.81779425	4.528
31.88474448	118.81779076	4.512
31.88474389	118.81778731	4.492
31.88474323	118.81778393	4.470
31.88474251	118.81778059	4.445
31.88474173	118.81777731	4.417
31.88474086	118.81777410	4.390
31.88473994	118.81777095	4.359
31.88473896	118.81776788	4.324
31.88473789	118.81776490	4.285
31.88473672	118.81776204	4.245
31.88473548	118.81775927	4.205
31.88473418	118.81775661	4.166
31.88473281	118.81775405	4.128
31.88473140	118.81775160	4.090
31.88472993	118.81774927	4.052
31.88472844	118.81774707	4.013
31.88472691	118.81774499	3.974
31.88472534	118.81774305	3.937
31.88472377	118.81774123	3.899
31.88472221	118.81773954	3.862
31.88472064	118.81773794	3.825
31.88471904	118.81773646	3.787
31.88471742	118.81773509	3.749
31.88471577	118.81773382	3.712
31.88471411	118.81773265	3.674
31.88471243	118.81773157	3.636
31.88471074	118.81773058	3.596
31.88470906	118.81772967	3.554
31.88470737	118.81772885	3.510
31.88470567	118.81772812	3.465
31.88470312	118.81772721	3.397
31.88470062	118.81772652	3.328
31.88469816	118.81772608	3.257
31.88469576	118.81772587	3.185
31.88469342	118.81772585	3.112
31.88469114	118.81772602	3.041
31.88468893	118.81772635	2.970
31.88468680	118.81772686	2.899
31.88468473	118.81772753	2.830
31.88468274	118.81772835	2.762
31.88468083	118.81772931	2.694
31.88467901	118.81773041	2.628
31.88467723	118.81773167	2.562
31.88467547	118.81773310	2.495
31.88467378	118.81773469	2.427
31.88467216	118.81773645	2.357
31.88467063	118.81773836	2.286
31.88466919	118.81774042	2.216
31.88466784	118.81774267	2.147
31.88466654	118.81774508	2.078
31.88466534	118.81774768	2.012
31.88466424	118.81775048	1.948
31.88466357	118.81775244	1.904
31.88466296	118.81775451	1.862
31.88466243	118.81775666	1.821
31.88466193	118.81775889	1.779
31.88466151	118.81776122	1.737
31.88466118	118.81776365	1.696
31.88466094	118.81776623	1.659
31.88466075	118.81776891	1.625
31.88466063	118.81777169	1.592
31.88466058	118.81777456	1.558
31.88466063	118.81777753	1.527
31.88466077	118.81778061	1.498
31.88466098	118.81778378	1.473
31.88466126	118.81778705	1.452
31.88466159	118.81779041	1.435
31.88466198	118.81779387	1.423
31.88466244	118.81779742	1.416
31.88466293	118.81780106	1.412
31.88466343	118.81780479	1.411
31.88466396	118.81780863	1.410
31.88466450	118.81781257	1.408
31.88466504	118.81781660	1.406
31.88466562	118.81782073	1.402
31.88466592	118.81782284	1.400
31.88466622	118.81782496	1.399
31.88466653	118.81782711	1.397
31.88466685	118.81782928	1.396
31.88466717	118.81783147	1.394
31.88466750	118.81783370	1.393
31.88466784	118.81783595	1.392
31.88466819	118.81783822	1.391
31.88466854	118.81784052	1.390
31.88466890	118.81784284	1.388
31.88466925	118.81784519	1.387
31.88466962	118.81784756	1.387
31.88466999	118.81784995	1.386
31.88467036	118.81785236	1.386
31.88467074	118.81785479	1.385
31.88467113	118.81785724	1.385
31.88467152	118.81785972	1.384
31.88467191	118.81786221	1.384
31.88467231	118.81786473	1.384
31.88467271	118.81786727	1.384
31.88467311	118.81786983	1.384
31.88467352	118.81787241	1.385
31.88467392	118.81787501	1.386
31.88467433	118.81787763	1.386
31.88467474	118.81788028	1.387
31.88467514	118.81788294	1.388
31.88467554	118.81788562	1.388
31.88467595	118.81788832	1.389
31.88467635	118.81789104	1.390
31.88467676	118.81789378	1.391
31.88467717	118.81789654	1.393
31.88467758	118.81789932	1.394
31.88467798	118.81790212	1.394
31.88467839	118.81790494	1.395
31.88467879	118.81790779	1.395
31.88467920	118.81791065	1.396
31.88467961	118.81791353	1.397
31.88468003	118.81791642	1.398
31.88468045	118.81791934	1.399
31.88468086	118.81792227	1.400
31.88468127	118.81792523	1.401
31.88468168	118.81792820	1.402
31.88468209	118.81793119	1.404
31.88468250	118.81793420	1.406
31.88468291	118.81793723	1.407
31.88468333	118.81794027	1.408
31.88468375	118.81794332	1.409
31.88468417	118.81794638	1.410
31.88468460	118.81794946	1.412
31.88468503	118.81795256	1.413
31.88468545	118.81795568	1.415
31.88468588	118.81795881	1.416
31.88468629	118.81796196	1.418
31.88468670	118.81796513	1.419
31.88468712	118.81796831	1.421
31.88468753	118.81797152	1.422
31.88468794	118.81797473	1.424
31.88468835	118.81797797	1.426
31.88468875	118.81798122	1.427
31.88468916	118.81798449	1.429
31.88468956	118.81798778	1.430
31.88468996	118.81799108	1.432
31.88469036	118.81799440	1.433
31.88469075	118.81799774	1.435
31.88469114	118.81800109	1.436
31.88469153	118.81800447	1.437
31.88469192	118.81800788	1.438
31.88469230	118.81801129	1.439
31.88469269	118.81801473	1.440
31.88469307	118.81801819	1.441
31.88469345	118.81802166	1.441
31.88469383	118.81802514	1.441
31.88469421	118.81802864	1.441
31.88469460	118.81803216	1.440
31.88469499	118.81803569	1.440
31.88469538	118.81803923	1.439
31.88469578	118.81804278	1.438
31.88469618	118.81804635	1.438
31.88469659	118.81804994	1.438
31.88469699	118.81805354	1.437
31.88469740	118.81805716	1.436
31.88469781	118.81806078	1.435
31.88469822	118.81806442	1.435
31.88469864	118.81806808	1.434
31.88469907	118.81807175	1.434
31.88469950	118.81807542	1.434
31.88469993	118.81807911	1.433
31.88470036	118.81808281	1.432
31.88470079	118.81808652	1.431
31.88470123	118.81809025	1.431
31.88470167	118.81809399	1.430
31.88470212	118.81809773	1.430
31.88470258	118.81810149	1.429
31.88470303	118.81810527	1.429
31.88470349	118.81810906	1.428
31.88470395	118.81811286	1.427
31.88470441	118.81811667	1.426
31.88470487	118.81812049	1.425
31.88470535	118.81812432	1.424
31.88470582	118.81812817	1.423
31.88470631	118.81813202	1.422
31.88470679	118.81813589	1.421
31.88470728	118.81813976	1.421
31.88470778	118.81814365	1.420
31.88470828	118.81814755	1.419
31.88470878	118.81815145	1.418
31.88470929	118.81815536	1.417
31.88470979	118.81815927	1.416
31.88471031	118.81816320	1.415
31.88471083	118.81816713	1.415
31.88471135	118.81817108	1.414
31.88471187	118.81817504	1.413
31.88471240	118.81817900	1.413
31.88471293	118.81818298	1.413
31.88471346	118.81818697	1.412
31.88471400	118.81819096	1.412
31.88471453	118.81819496	1.411
31.88471507	118.81819898	1.411
31.88471562	118.81820300	1.410
31.88471616	118.81820703	1.410
31.88471671	118.81821108	1.410
31.88471726	118.81821512	1.411
31.88471781	118.81821918	1.412
31.88471836	118.81822326	1.414
31.88471891	118.81822734	1.415
31.88471945	118.81823143	1.416
31.88471998	118.81823554	1.417
31.88472052	118.81823966	1.418
31.88472105	118.81824379	1.419
31.88472159	118.81824793	1.419
31.88472212	118.81825207	1.419
31.88472266	118.81825623	1.419
31.88472319	118.81826040	1.419
31.88472373	118.81826457	1.418
31.88472427	118.81826876	1.418
31.88472481	118.81827295	1.418
31.88472536	118.81827716	1.418
31.88472591	118.81828137	1.418
31.88472646	118.81828559	1.417
31.88472700	118.81828982	1.417
31.88472755	118.81829406	1.417
31.88472811	118.81829831	1.416
31.88472866	118.81830257	1.416
31.88472923	118.81830683	1.416
31.88472979	118.81831110	1.416
31.88473036	118.81831539	1.417
31.88473094	118.81831969	1.417
31.88473151	118.81832400	1.417
31.88473209	118.81832831	1.417
31.88473267	118.81833264	1.418
31.88473325	118.81833698	1.418
31.88473383	118.81834132	1.418
31.88473441	118.81834568	1.419
31.88473499	118.81835004	1.420
31.88473557	118.81835441	1.421
31.88473614	118.81835879	1.421
31.88473671	118.81836318	1.422
31.88473728	118.81836758	1.422
31.88473785	118.81837198	1.422
31.88473842	118.81837639	1.423
31.88473899	118.81838080	1.423
31.88473956	118.81838520	1.424
31.88474012	118.81838960	1.424
31.88474069	118.81839400	1.424
31.88474125	118.81839840	1.425
31.88474180	118.81840278	1.425
31.88474233	118.81840716	1.425
31.88474286	118.81841153	1.425
31.88474339	118.81841590	1.424
31.88474392	118.81842027	1.424
31.88474446	118.81842463	1.423
31.88474499	118.81842898	1.423
31.88474553	118.81843333	1.423
31.88474607	118.81843768	1.423
31.88474661	118.81844203	1.423
31.88474715	118.81844636	1.423
31.88474768	118.81845070	1.423
31.88474821	118.81845504	1.423
31.88474874	118.81845937	1.423
31.88474927	118.81846369	1.423
31.88474980	118.81846800	1.423
31.88475033	118.81847231	1.423
31.88475086	118.81847662	1.423
31.88475139	118.81848093	1.423
31.88475192	118.81848523	1.423
31.88475246	118.81848953	1.422
31.88475300	118.81849382	1.422
31.88475354	118.81849811	1.422
31.88475408	118.81850239	1.422
31.88475463	118.81850667	1.422
31.88475517	118.81851094	1.422
31.88475571	118.81851521	1.422
31.88475625	118.81851948	1.423
31.88475679	118.81852374	1.423
31.88475733	118.81852800	1.423
31.88475786	118.81853226	1.424
31.88475840	118.81853651	1.424
31.88475893	118.81854076	1.424
31.88475946	118.81854501	1.424
31.88475999	118.81854925	1.424
31.88476053	118.81855348	1.424
31.88476106	118.81855772	1.424
31.88476160	118.81856195	1.424
31.88476213	118.81856618	1.423
31.88476266	118.81857040	1.422
31.88476320	118.81857461	1.421
31.88476374	118.81857883	1.421
31.88476429	118.81858303	1.421
31.88476482	118.81858724	1.420
31.88476536	118.81859144	1.419
31.88476590	118.81859564	1.419
31.88476643	118.81859983	1.419
31.88476697	118.81860402	1.418
31.88476750	118.81860820	1.418
31.88476805	118.81861238	1.417
31.88476859	118.81861656	1.417
31.88476914	118.81862074	1.417
31.88476968	118.81862491	1.416
31.88477022	118.81862907	1.416
31.88477077	118.81863324	1.415
31.88477133	118.81863739	1.415
31.88477189	118.81864154	1.415
31.88477244	118.81864569	1.415
31.88477300	118.81864984	1.415
31.88477356	118.81865398	1.416
31.88477410	118.81865813	1.417
31.88477464	118.81866227	1.418
31.88477517	118.81866642	1.419
31.88477570	118.81867056	1.420
31.88477622	118.81867470	1.422
31.88477673	118.81867883	1.424
31.88477724	118.81868297	1.426
31.88477774	118.81868710	1.428
31.88477824	118.81869123	1.430
31.88477872	118.81869535	1.432
31.88477920	118.81869947	1.434
31.88477966	118.81870359	1.436
31.88478012	118.81870771	1.437
31.88478057	118.81871182	1.438
31.88478102	118.81871594	1.439
31.88478147	118.81872005	1.440
31.88478192	118.81872415	1.440
31.88478236	118.81872825	1.441
31.88478280	118.81873234	1.441
31.88478324	118.81873643	1.441
31.88478368	118.81874051	1.441
31.88478412	118.81874458	1.440
31.88478456	118.81874864	1.441
31.88478501	118.81875270	1.441
31.88478546	118.81875675	1.441
31.88478590	118.81876080	1.441
31.88478635	118.81876484	1.441
31.88478680	118.81876889	1.441
31.88478724	118.81877293	1.441
31.88478768	118.81877696	1.441
31.88478811	118.81878099	1.441
31.88478855	118.81878501	1.441
31.88478899	118.81878903	1.442
31.88478942	118.81879305	1.441
31.88478986	118.81879706	1.441
31.88479030	118.81880106	1.440
31.88479073	118.81880506	1.440
31.88479117	118.81880905	1.439
31.88479162	118.81881303	1.438
31.88479206	118.81881700	1.438
31.88479251	118.81882098	1.437
31.88479297	118.81882494	1.436
31.88479343	118.81882890	1.436
31.88479389	118.81883285	1.435
31.88479435	118.81883678	1.434
31.88479481	118.81884070	1.434
31.88479527	118.81884461	1.433
31.88479574	118.81884850	1.433
31.88479620	118.81885238	1.432
31.88479666	118.81885625	1.431
31.88479712	118.81886010	1.431
31.88479758	118.81886393	1.430
31.88479805	118.81886775	1.430
31.88479851	118.81887156	1.429
31.88479897	118.81887535	1.428
31.88479944	118.81887913	1.427
31.88479990	118.81888289	1.426
31.88480037	118.81888664	1.426
31.88480084	118.81889037	1.425
31.88480131	118.81889409	1.424
31.88480177	118.81889778	1.423
31.88480222	118.81890147	1.422
31.88480268	118.81890515	1.421
31.88480313	118.81890880	1.421
31.88480358	118.81891244	1.420
31.88480403	118.81891607	1.419
31.88480448	118.81891968	1.418
31.88480493	118.81892328	1.417
31.88480538	118.81892686	1.417
31.88480584	118.81893043	1.416
31.88480629	118.81893398	1.415
31.88480675	118.81893752	1.414
31.88480721	118.81894105	1.413
31.88480766	118.81894456	1.413
31.88480812	118.81894805	1.412
31.88480857	118.81895153	1.412
31.88480902	118.81895499	1.412
31.88480948	118.81895844	1.412
31.88480993	118.81896188	1.412
31.88481038	118.81896530	1.412
31.88481083	118.81896870	1.412
31.88481129	118.81897209	1.412
31.88481175	118.81897546	1.412
31.88481221	118.81897881	1.411
31.88481267	118.81898216	1.411
31.88481313	118.81898548	1.411
31.88481358	118.81898880	1.411
31.88481403	118.81899209	1.411
31.88481448	118.81899538	1.411
31.88481493	118.81899864	1.411
31.88481538	118.81900190	1.411
31.88481582	118.81900514	1.411
31.88481627	118.81900836	1.411
31.88481671	118.81901158	1.410
31.88481715	118.81901478	1.410
31.88481759	118.81901796	1.410
31.88481802	118.81902113	1.410
31.88481846	118.81902428	1.410
31.88481889	118.81902742	1.410
31.88481932	118.81903055	1.409
31.88481975	118.81903366	1.409
31.88482018	118.81903676	1.409
31.88482060	118.81903984	1.408
31.88482103	118.81904292	1.408
31.88482145	118.81904598	1.407
31.88482186	118.81904903	1.407
31.88482228	118.81905206	1.407
31.88482270	118.81905509	1.407
31.88482311	118.81905811	1.406
31.88482353	118.81906110	1.406
31.88482395	118.81906408	1.405
31.88482437	118.81906705	1.405
31.88482478	118.81907000	1.405
31.88482519	118.81907294	1.405
31.88482560	118.81907587	1.404
31.88482601	118.81907879	1.404
31.88482642	118.81908169	1.403
31.88482683	118.81908459	1.403
31.88482725	118.81908746	1.402
31.88482767	118.81909032	1.402
31.88482809	118.81909318	1.402
31.88482850	118.81909603	1.402
31.88482890	118.81909887	1.401
31.88482930	118.81910169	1.401
31.88482971	118.81910450	1.401
31.88483011	118.81910730	1.400
31.88483052	118.81911008	1.400
31.88483093	118.81911285	1.400
31.88483133	118.81911560	1.400
31.88483173	118.81911834	1.400
31.88483213	118.81912107	1.401
31.88483252	118.81912379	1.403
31.88483291	118.81912649	1.404
31.88483329	118.81912918	1.406
31.88483367	118.81913186	1.408
31.88483404	118.81913453	1.410
31.88483441	118.81913718	1.412
31.88483477	118.81913983	1.414
31.88483512	118.81914246	1.417
31.88483546	118.81914508	1.419
31.88483579	118.81914768	1.421
31.88483611	118.81915027	1.424
31.88483642	118.81915284	1.427
31.88483673	118.81915540	1.430
31.88483703	118.81915794	1.433
31.88483732	118.81916048	1.437
31.88483761	118.81916300	1.440
31.88483788	118.81916551	1.444
31.88483814	118.81916801	1.448
31.88483839	118.81917050	1.451
31.88483863	118.81917297	1.455
31.88483886	118.81917544	1.460
31.88483909	118.81917788	1.465
31.88483930	118.81918032	1.470
31.88483951	118.81918275	1.475
31.88483970	118.81918516	1.481
31.88483988	118.81918757	1.488
31.88484005	118.81918996	1.494
31.88484019	118.81919233	1.502
31.88484032	118.81919470	1.509
31.88484044	118.81919705	1.517
31.88484054	118.81919940	1.526
31.88484063	118.81920173	1.535
31.88484069	118.81920405	1.545
31.88484074	118.81920636	1.555
31.88484077	118.81920865	1.565
31.88484077	118.81921094	1.575
31.88484076	118.81921321	1.585
31.88484072	118.81921546	1.596
31.88484067	118.81921771	1.606
31.88484060	118.81921996	1.617
31.88484051	118.81922220	1.627
31.88484040	118.81922443	1.638
31.88484027	118.81922667	1.649
31.88484012	118.81922891	1.659
31.88483995	118.81923116	1.670
31.88483975	118.81923341	1.682
31.88483954	118.81923566	1.693
31.88483930	118.81923791	1.704
31.88483905	118.81924017	1.715
31.88483876	118.81924243	1.727
31.88483846	118.81924470	1.738
31.88483813	118.81924696	1.750
31.88483778	118.81924923	1.762
31.88483740	118.81925149	1.775
31.88483700	118.81925376	1.788
31.88483658	118.81925603	1.801
31.88483613	118.81925829	1.814
31.88483565	118.81926055	1.827
31.88483515	118.81926280	1.840
31.88483461	118.81926505	1.852
31.88483404	118.81926730	1.865
31.88483345	118.81926954	1.878
31.88483284	118.81927178	1.890
31.88483221	118.81927402	1.903
31.88483155	118.81927625	1.915
31.88483087	118.81927848	1.926
31.88483015	118.81928071	1.937
31.88482942	118.81928292	1.948
31.88482866	118.81928514	1.959
31.88482790	118.81928735	1.970
31.88482711	118.81928954	1.981
31.88482630	118.81929173	1.992
31.88482546	118.81929391	2.003
31.88482461	118.81929609	2.014
31.88482374	118.81929827	2.025
31.88482285	118.81930044	2.035
31.88482194	118.81930260	2.046
31.88482101	118.81930476	2.056
31.88482005	118.81930691	2.066
31.88481907	118.81930905	2.075
31.88481807	118.81931118	2.084
31.88481705	118.81931330	2.091
31.88481601	118.81931541	2.098
31.88481495	118.81931753	2.104
31.88481390	118.81931964	2.109
31.88481283	118.81932176	2.114
31.88481176	118.81932388	2.119
31.88481068	118.81932600	2.124
31.88480959	118.81932812	2.129
31.88480847	118.81933025	2.133
31.88480733	118.81933238	2.138
31.88480618	118.81933451	2.143
31.88480501	118.81933663	2.147
31.88480383	118.81933876	2.152
31.88480265	118.81934089	2.157
31.88480145	118.81934303	2.162
31.88480024	118.81934518	2.167
31.88479902	118.81934733	2.172
31.88479778	118.81934948	2.176
31.88479652	118.81935163	2.181
31.88479524	118.81935379	2.186
31.88479395	118.81935595	2.192
31.88479265	118.81935812	2.197
31.88479133	118.81936028	2.203
31.88478999	118.81936244	2.208
31.88478863	118.81936460	2.213
31.88478726	118.81936675	2.218
31.88478588	118.81936891	2.224
31.88478450	118.81937105	2.230
31.88478310	118.81937318	2.236
31.88478168	118.81937530	2.241
31.88478024	118.81937740	2.247
31.88477879	118.81937948	2.252
31.88477734	118.81938156	2.257
31.88477588	118.81938362	2.263
31.88477442	118.81938567	2.268
31.88477295	118.81938771	2.274
31.88477147	118.81938973	2.279
31.88477000	118.81939174	2.284
31.88476851	118.81939373	2.289
31.88476701	118.81939570	2.294
31.88476551	118.81939766	2.299
31.88476402	118.81939960	2.304
31.88476252	118.81940152	2.309
31.88476102	118.81940343	2.314
31.88475952	118.81940531	2.318
31.88475802	118.81940718	2.322
31.88475652	118.81940904	2.327
31.88475503	118.81941088	2.331
31.88475353	118.81941271	2.336
31.88475204	118.81941451	2.340
31.88475055	118.81941630	2.344
31.88474906	118.81941806	2.349
31.88474756	118.81941981	2.353
31.88474607	118.81942154	2.356
31.88474458	118.81942326	2.360
31.88474309	118.81942498	2.364
31.88474161	118.81942669	2.368
31.88474013	118.81942839	2.372
31.88473865	118.81943008	2.376
31.88473715	118.81943176	2.379
31.88473564	118.81943343	2.382
31.88473412	118.81943510	2.386
31.88473258	118.81943676	2.389
31.88473105	118.81943842	2.393
31.88472951	118.81944009	2.397
31.88472797	118.81944175	2.400
31.88472641	118.81944342	2.404
31.88472485	118.81944508	2.408
31.88472327	118.81944673	2.411
31.88472168	118.81944837	2.415
31.88472008	118.81945000	2.419
31.88471847	118.81945164	2.423
31.88471685	118.81945327	2.427
31.88471523	118.81945491	2.432
31.88471360	118.81945654	2.436
31.88471195	118.81945816	2.439
31.88471029	118.81945977	2.443
31.88470862	118.81946138	2.447
31.88470695	118.81946298	2.451
31.88470527	118.81946458	2.456
31.88470358	118.81946619	2.460
31.88470189	118.81946779	2.465
31.88470018	118.81946938	2.470
31.88469846	118.81947097	2.475
31.88469672	118.81947254	2.481
31.88469498	118.81947410	2.487
31.88469322	118.81947566	2.493
31.88469145	118.81947720	2.500
31.88468968	118.81947873	2.508
31.88468790	118.81948026	2.515
31.88468611	118.81948177	2.523
31.88468430	118.81948326	2.530
31.88468248	118.81948474	2.538
31.88468066	118.81948620	2.545
31.88467882	118.81948766	2.553
31.88467698	118.81948910	2.561
31.88467513	118.81949052	2.570
31.88467326	118.81949192	2.578
31.88467139	118.81949330	2.587
31.88466951	118.81949465	2.597
31.88466763	118.81949598	2.606
31.88466574	118.81949729	2.615
31.88466385	118.81949858	2.624
31.88466195	118.81949984	2.633
31.88466005	118.81950107	2.642
31.88465814	118.81950228	2.651
31.88465623	118.81950347	2.661
31.88465432	118.81950463	2.672
31.88465241	118.81950576	2.683
31.88465050	118.81950687	2.694
31.88464859	118.81950795	2.705
31.88464668	118.81950900	2.716
31.88464476	118.81951002	2.727
31.88464285	118.81951101	2.737
31.88464093	118.81951197	2.747
31.88463902	118.81951290	2.758
31.88463710	118.81951380	2.768
31.88463519	118.81951467	2.779
31.88463328	118.81951552	2.790
31.88463137	118.81951634	2.800
31.88462946	118.81951714	2.811
31.88462755	118.81951791	2.822
31.88462564	118.81951865	2.833
31.88462373	118.81951936	2.844
31.88462183	118.81952004	2.855
31.88461992	118.81952069	2.866
31.88461801	118.81952131	2.877
31.88461611	118.81952190	2.888
31.88461421	118.81952246	2.898
31.88461231	118.81952300	2.908
31.88461040	118.81952352	2.919
31.88460850	118.81952401	2.929
31.88460659	118.81952448	2.939
31.88460468	118.81952493	2.949
31.88460275	118.81952536	2.959
31.88460082	118.81952576	2.969
31.88459889	118.81952613	2.978
31.88459695	118.81952648	2.987
31.88459500	118.81952681	2.995
31.88459305	118.81952714	3.002
31.88459109	118.81952745	3.008
31.88458913	118.81952776	3.014
31.88458716	118.81952805	3.019
31.88458517	118.81952833	3.024
31.88458317	118.81952860	3.029
31.88458116	118.81952884	3.033
31.88457914	118.81952908	3.038
31.88457710	118.81952932	3.042
31.88457505	118.81952955	3.047
31.88457299	118.81952977	3.052
31.88457092	118.81952998	3.056
31.88456884	118.81953018	3.060
31.88456675	118.81953037	3.064
31.88456464	118.81953056	3.068
31.88456253	118.81953073	3.072
31.88456040	118.81953090	3.075
31.88455826	118.81953106	3.079
31.88455611	118.81953121	3.082
31.88455394	118.81953135	3.085
31.88455177	118.81953148	3.087
31.88454958	118.81953160	3.089
31.88454737	118.81953172	3.090
31.88454515	118.81953185	3.091
31.88454292	118.81953197	3.092
31.88454067	118.81953209	3.092
31.88453841	118.81953221	3.092
31.88453614	118.81953233	3.092
31.88453385	118.81953245	3.091
31.88453155	118.81953257	3.091
31.88452924	118.81953268	3.091
31.88452692	118.81953280	3.091
31.88452457	118.81953292	3.092
31.88452222	118.81953303	3.092
31.88451985	118.81953313	3.091
31.88451747	118.81953324	3.091
31.88451508	118.81953336	3.091
31.88451267	118.81953349	3.091
31.88451026	118.81953362	3.091
31.88450783	118.81953375	3.091
31.88450539	118.81953386	3.090
31.88450293	118.81953398	3.090
31.88450046	118.81953409	3.090
31.88449797	118.81953421	3.090
31.88449548	118.81953434	3.090
31.88449297	118.81953447	3.090
31.88449044	118.81953461	3.090
31.88448790	118.81953474	3.090
31.88448535	118.81953486	3.089
31.88448278	118.81953500	3.089
31.88448019	118.81953515	3.089
31.88447759	118.81953531	3.089
31.88447497	118.81953548	3.089
31.88447234	118.81953565	3.089
31.88446970	118.81953580	3.089
31.88446704	118.81953597	3.090
31.88446437	118.81953613	3.091
31.88446168	118.81953629	3.092
31.88445898	118.81953645	3.093
31.88445626	118.81953659	3.094
31.88445353	118.81953674	3.095
31.88445078	118.81953688	3.096
31.88444802	118.81953703	3.096
31.88444524	118.81953717	3.097
31.88444246	118.81953732	3.097
31.88443965	118.81953746	3.097
31.88443684	118.81953760	3.097
31.88443400	118.81953774	3.097
31.88443116	118.81953789	3.096
31.88442830	118.81953802	3.095
31.88442543	118.81953815	3.095
31.88442254	118.81953828	3.094
31.88441964	118.81953841	3.094
31.88441673	118.81953855	3.094
31.88441381	118.81953868	3.093
31.88441088	118.81953882	3.093
31.88440792	118.81953895	3.093
31.88440496	118.81953908	3.093
31.88440199	118.81953922	3.092
31.88439900	118.81953935	3.092
31.88439601	118.81953949	3.092
31.88439300	118.81953963	3.092
31.88438998	118.81953977	3.092
31.88438695	118.81953990	3.092
31.88438391	118.81954004	3.091
31.88438086	118.81954018	3.091
31.88437779	118.81954033	3.090
31.88437472	118.81954048	3.090
31.88437163	118.81954063	3.090
31.88436854	118.81954080	3.089
31.88436544	118.81954099	3.088
31.88436233	118.81954118	3.088
31.88435921	118.81954138	3.087
31.88435608	118.81954157	3.087
31.88435294	118.81954176	3.086
31.88434978	118.81954196	3.085
31.88434662	118.81954216	3.085
31.88434344	118.81954237	3.084
31.88434026	118.81954257	3.084
31.88433707	118.81954277	3.083
31.88433387	118.81954298	3.083
31.88433066	118.81954319	3.082
31.88432744	118.81954341	3.082
31.88432421	118.81954363	3.081
31.88432097	118.81954384	3.081
31.88431772	118.81954406	3.080
31.88431446	118.81954428	3.079
31.88431120	118.81954450	3.078
31.88430792	118.81954474	3.077
31.88430464	118.81954497	3.076
31.88430137	118.81954520	3.076
31.88429809	118.81954543	3.075
31.88429480	118.81954566	3.074
31.88429150	118.81954589	3.073
31.88428819	118.81954613	3.072
31.88428488	118.81954636	3.071
31.88428156	118.81954661	3.070
31.88427822	118.81954686	3.069
31.88427488	118.81954711	3.068
31.88427154	118.81954737	3.067
31.88426818	118.81954764	3.067
31.88426482	118.81954790	3.066
31.88426145	118.81954817	3.066
31.88425807	118.81954844	3.066
31.88425469	118.81954871	3.066
31.88425129	118.81954898	3.066
31.88424789	118.81954926	3.066
31.88424448	118.81954953	3.066
31.88424106	118.81954980	3.066
31.88423763	118.81955008	3.066
31.88423418	118.81955038	3.066
31.88423073	118.81955068	3.066
31.88422726	118.81955098	3.065
31.88422378	118.81955127	3.065
31.88422030	118.81955157	3.065
31.88421682	118.81955187	3.066
31.88421334	118.81955218	3.066
31.88420986	118.81955249	3.067
31.88420637	118.81955278	3.068
31.88420289	118.81955306	3.068
31.88419940	118.81955334	3.068
31.88419592	118.81955362	3.069
31.88419244	118.81955390	3.069
31.88418897	118.81955418	3.070
31.88418549	118.81955446	3.070
31.88418202	118.81955474	3.071
31.88417855	118.81955501	3.072
31.88417508	118.81955529	3.072
31.88417160	118.81955555	3.073
31.88416813	118.81955583	3.073
31.88416467	118.81955612	3.074
31.88416121	118.81955640	3.075
31.88415774	118.81955668	3.076
31.88415426	118.81955695	3.077
31.88415078	118.81955722	3.077
31.88414729	118.81955748	3.078
31.88414380	118.81955775	3.079
31.88414029	118.81955801	3.080
31.88413678	118.81955827	3.081
31.88413327	118.81955852	3.082
31.88412976	118.81955877	3.082
31.88412623	118.81955901	3.083
31.88412270	118.81955925	3.083
31.88411917	118.81955950	3.083
31.88411563	118.81955975	3.084
31.88411208	118.81956000	3.084
31.88410852	118.81956025	3.084
31.88410495	118.81956050	3.084
31.88410138	118.81956075	3.084
31.88409779	118.81956098	3.084
31.88409419	118.81956121	3.084
31.88409059	118.81956144	3.084
31.88408698	118.81956167	3.083
31.88408335	118.81956190	3.082
31.88407972	118.81956213	3.082
31.88407608	118.81956237	3.081
31.88407245	118.81956261	3.081
31.88406881	118.81956285	3.081
31.88406516	118.81956309	3.080
31.88406150	118.81956334	3.080
31.88405783	118.81956358	3.080
31.88405416	118.81956383	3.080
31.88405048	118.81956408	3.079
31.88404679	118.81956433	3.079
31.88404310	118.81956459	3.079
31.88403940	118.81956484	3.079
31.88403569	118.81956509	3.079
31.88403199	118.81956535	3.079
31.88402827	118.81956561	3.079
31.88402455	118.81956587	3.079
31.88402083	118.81956613	3.079
31.88401710	118.81956639	3.078
31.88401336	118.81956665	3.078
31.88400962	118.81956692	3.078
31.88400588	118.81956719	3.078
31.88400213	118.81956745	3.079
31.88399838	118.81956772	3.079
31.88399462	118.81956798	3.078
31.88399085	118.81956825	3.078
31.88398708	118.81956851	3.078
31.88398331	118.81956878	3.078
31.88397953	118.81956905	3.078
31.88397575	118.81956931	3.078
31.88397196	118.81956959	3.078
31.88396818	118.81956986	3.078
31.88396439	118.81957014	3.079
31.88396059	118.81957041	3.079
31.88395679	118.81957068	3.079
31.88395299	118.81957095	3.079
31.88394919	118.81957122	3.080
31.88394538	118.81957151	3.080
31.88394158	118.81957179	3.080
31.88393778	118.81957207	3.080
31.88393399	118.81957235	3.081
31.88393020	118.81957263	3.081
31.88392641	118.81957290	3.081
31.88392262	118.81957317	3.081
31.88391884	118.81957345	3.081
31.88391507	118.81957372	3.082
31.88391131	118.81957399	3.082
31.88390755	118.81957426	3.082
31.88390380	118.81957453	3.082
31.88390006	118.81957480	3.083
31.88389632	118.81957506	3.083
31.88389260	118.81957532	3.083
31.88388888	118.81957557	3.083
31.88388517	118.81957583	3.083
31.88388148	118.81957609	3.083
31.88387780	118.81957634	3.083
31.88387412	118.81957660	3.083
31.88387045	118.81957684	3.083
31.88386678	118.81957708	3.083
31.88386313	118.81957731	3.083
31.88385950	118.81957755	3.083
31.88385590	118.81957780	3.083
31.88385232	118.81957804	3.083
31.88384876	118.81957829	3.084
31.88384523	118.81957852	3.084
31.88384172	118.81957875	3.084
31.88383823	118.81957899	3.084
31.88383477	118.81957923	3.084
31.88383133	118.81957946	3.084
31.88382791	118.81957969	3.084
31.88382453	118.81957992	3.084
31.88382118	118.81958015	3.084
31.88381787	118.81958038	3.083
31.88381458	118.81958060	3.083
31.88381133	118.81958083	3.083
31.88380812	118.81958105	3.082
31.88380495	118.81958126	3.082
31.88380184	118.81958145	3.081
31.88379877	118.81958166	3.081
31.88379574	118.81958186	3.080
31.88379275	118.81958206	3.080
31.88378981	118.81958226	3.080
31.88378691	118.81958246	3.080
31.88378406	118.81958265	3.079
31.88378125	118.81958284	3.079
31.88377849	118.81958303	3.079
31.88377578	118.81958323	3.080
31.88377312	118.81958341	3.079
31.88377050	118.81958359	3.079
31.88376794	118.81958376	3.079
31.88376543	118.81958393	3.078
31.88376296	118.81958410	3.078
31.88376055	118.81958428	3.078
31.88375819	118.81958445	3.078
31.88375589	118.81958462	3.078
31.88375365	118.81958478	3.078
31.88375145	118.81958492	3.077
31.88374931	118.81958506	3.077
31.88374722	118.81958519	3.077
31.88374519	118.81958532	3.077
31.88374322	118.81958545	3.077
31.88374131	118.81958558	3.077
31.88373945	118.81958570	3.077
31.88373588	118.81958592	3.076
31.88373253	118.81958613	3.076
31.88372936	118.81958634	3.076
31.88372639	118.81958653	3.076
