31.88362418	118.81963473	6.208
31.88362614	118.81963460	6.208
31.88362820	118.81963444	6.209
31.88363022	118.81963428	6.211
31.88363256	118.81963408	6.213
31.88363452	118.81963392	6.216
31.88363666	118.81963375	6.220
31.88363896	118.81963359	6.223
31.88364142	118.81963344	6.226
31.88364405	118.81963327	6.230
31.88364590	118.81963317	6.232
31.88364782	118.81963307	6.233
31.88364982	118.81963297	6.233
31.88365188	118.81963286	6.234
31.88365400	118.81963276	6.235
31.88365617	118.81963266	6.235
31.88365840	118.81963254	6.235
31.88366069	118.81963242	6.235
31.88366305	118.81963231	6.235
31.88366546	118.81963221	6.235
31.88366794	118.81963210	6.235
31.88367050	118.81963198	6.234
31.88367313	118.81963186	6.234
31.88367583	118.81963174	6.234
31.88367860	118.81963160	6.234
31.88368145	118.81963146	6.233
31.88368436	118.81963133	6.232
31.88368735	118.81963119	6.232
31.88369041	118.81963105	6.231
31.88369355	118.81963086	6.230
31.88369676	118.81963066	6.229
31.88370004	118.81963046	6.227
31.88370338	118.81963025	6.226
31.88370679	118.81963004	6.226
31.88371027	118.81962982	6.225
31.88371382	118.81962958	6.224
31.88371561	118.81962946	6.224
31.88371743	118.81962934	6.224
31.88371925	118.81962922	6.223
31.88372110	118.81962910	6.222
31.88372296	118.81962898	6.221
31.88372484	118.81962885	6.220
31.88372673	118.81962872	6.219
31.88372863	118.81962858	6.218
31.88373054	118.81962843	6.218
31.88373247	118.81962829	6.218
31.88373442	118.81962815	6.218
31.88373638	118.81962802	6.218
31.88373835	118.81962789	6.217
31.88374034	118.81962775	6.217
31.88374235	118.81962761	6.217
31.88374436	118.81962746	6.217
31.88374640	118.81962730	6.217
31.88374844	118.81962715	6.217
31.88375050	118.81962699	6.216
31.88375258	118.81962684	6.216
31.88375466	118.81962669	6.216
31.88375677	118.81962655	6.215
31.88375888	118.81962640	6.215
31.88376101	118.81962624	6.215
31.88376315	118.81962608	6.215
31.88376530	118.81962592	6.215
31.88376745	118.81962575	6.214
31.88376961	118.81962558	6.214
31.88377177	118.81962541	6.214
31.88377393	118.81962524	6.213
31.88377609	118.81962506	6.213
31.88377825	118.81962489	6.213
31.88378042	118.81962472	6.213
31.88378258	118.81962454	6.212
31.88378475	118.81962437	6.212
31.88378692	118.81962420	6.212
31.88378910	118.81962402	6.211
31.88379128	118.81962383	6.211
31.88379346	118.81962365	6.211
31.88379565	118.81962346	6.211
31.88379784	118.81962327	6.211
31.88380005	118.81962309	6.210
31.88380225	118.81962291	6.210
31.88380447	118.81962273	6.210
31.88380668	118.81962255	6.209
31.88380889	118.81962235	6.209
31.88381112	118.81962216	6.209
31.88381334	118.81962197	6.209
31.88381557	118.81962179	6.209
31.88381781	118.81962160	6.208
31.88382006	118.81962142	6.208
31.88382232	118.81962124	6.208
31.88382459	118.81962106	6.208
31.88382686	118.81962086	6.208
31.88382914	118.81962066	6.208
31.88383143	118.81962046	6.208
31.88383372	118.81962027	6.208
31.88383602	118.81962008	6.208
31.88383834	118.81961990	6.209
31.88384065	118.81961972	6.210
31.88384298	118.81961953	6.211
31.88384531	118.81961934	6.212
31.88384765	118.81961915	6.213
31.88385000	118.81961896	6.214
31.88385236	118.81961878	6.215
31.88385473	118.81961861	6.216
31.88385710	118.81961844	6.217
31.88385949	118.81961828	6.218
31.88386188	118.81961811	6.219
31.88386427	118.81961793	6.219
31.88386668	118.81961776	6.220
31.88386909	118.81961760	6.220
31.88387151	118.81961744	6.220
31.88387394	118.81961728	6.219
31.88387638	118.81961712	6.218
31.88387882	118.81961694	6.217
31.88388127	118.81961677	6.217
31.88388373	118.81961659	6.216
31.88388619	118.81961640	6.216
31.88388865	118.81961622	6.216
31.88389113	118.81961604	6.215
31.88389361	118.81961586	6.215
31.88389610	118.81961567	6.215
31.88389859	118.81961548	6.214
31.88390109	118.81961530	6.214
31.88390360	118.81961511	6.214
31.88390612	118.81961493	6.213
31.88390864	118.81961474	6.213
31.88391116	118.81961455	6.213
31.88391370	118.81961437	6.212
31.88391624	118.81961419	6.212
31.88391879	118.81961400	6.212
31.88392134	118.81961382	6.212
31.88392390	118.81961364	6.211
31.88392646	118.81961345	6.211
31.88392904	118.81961325	6.211
31.88393161	118.81961306	6.211
31.88393419	118.81961287	6.210
31.88393678	118.81961268	6.210
31.88393938	118.81961249	6.209
31.88394198	118.81961229	6.209
31.88394458	118.81961209	6.208
31.88394719	118.81961188	6.208
31.88394981	118.81961168	6.208
31.88395243	118.81961147	6.207
31.88395506	118.81961127	6.207
31.88395770	118.81961105	6.207
31.88396035	118.81961082	6.207
31.88396301	118.81961058	6.207
31.88396567	118.81961034	6.208
31.88396833	118.81961010	6.209
31.88397100	118.81960987	6.210
31.88397368	118.81960965	6.211
31.88397636	118.81960942	6.212
31.88397905	118.81960921	6.213
31.88398174	118.81960900	6.214
31.88398444	118.81960879	6.215
31.88398715	118.81960857	6.216
31.88398986	118.81960836	6.217
31.88399258	118.81960815	6.218
31.88399530	118.81960795	6.219
31.88399803	118.81960775	6.220
31.88400077	118.81960756	6.220
31.88400351	118.81960736	6.221
31.88400626	118.81960717	6.221
31.88400901	118.81960696	6.222
31.88401177	118.81960677	6.223
31.88401453	118.81960659	6.223
31.88401731	118.81960641	6.224
31.88402008	118.81960623	6.224
31.88402286	118.81960606	6.225
31.88402564	118.81960588	6.226
31.88402844	118.81960570	6.226
31.88403123	118.81960553	6.226
31.88403403	118.81960536	6.227
31.88403684	118.81960519	6.227
31.88403965	118.81960502	6.227
31.88404248	118.81960486	6.227
31.88404531	118.81960469	6.227
31.88404814	118.81960452	6.228
31.88405097	118.81960435	6.228
31.88405382	118.81960418	6.228
31.88405667	118.81960401	6.228
31.88405953	118.81960384	6.228
31.88406240	118.81960367	6.228
31.88406527	118.81960350	6.228
31.88406815	118.81960333	6.228
31.88407104	118.81960316	6.228
31.88407394	118.81960298	6.228
31.88407685	118.81960282	6.228
31.88407976	118.81960265	6.228
31.88408268	118.81960249	6.227
31.88408561	118.81960233	6.227
31.88408854	118.81960216	6.227
31.88409148	118.81960198	6.226
31.88409442	118.81960180	6.226
31.88409738	118.81960162	6.226
31.88410034	118.81960144	6.225
31.88410331	118.81960126	6.224
31.88410628	118.81960107	6.224
31.88410926	118.81960087	6.223
31.88411225	118.81960068	6.223
31.88411524	118.81960048	6.222
31.88411823	118.81960028	6.222
31.88412123	118.81960007	6.222
31.88412424	118.81959986	6.222
31.88412726	118.81959965	6.221
31.88413028	118.81959945	6.221
31.88413331	118.81959925	6.221
31.88413634	118.81959904	6.221
31.88413938	118.81959883	6.221
31.88414243	118.81959862	6.221
31.88414548	118.81959842	6.221
31.88414854	118.81959822	6.221
31.88415160	118.81959802	6.221
31.88415467	118.81959782	6.221
31.88415775	118.81959761	6.222
31.88416083	118.81959740	6.222
31.88416391	118.81959720	6.222
31.88416700	118.81959699	6.222
31.88417010	118.81959679	6.222
31.88417321	118.81959659	6.222
31.88417632	118.81959639	6.222
31.88417943	118.81959619	6.222
31.88418256	118.81959599	6.222
31.88418568	118.81959578	6.222
31.88418881	118.81959557	6.222
31.88419195	118.81959537	6.222
31.88419510	118.81959517	6.221
31.88419826	118.81959498	6.221
31.88420142	118.81959478	6.221
31.88420458	118.81959456	6.221
31.88420775	118.81959435	6.221
31.88421091	118.81959413	6.221
31.88421408	118.81959392	6.221
31.88421726	118.81959371	6.221
31.88422044	118.81959350	6.221
31.88422364	118.81959329	6.221
31.88422684	118.81959308	6.221
31.88423004	118.81959287	6.221
31.88423325	118.81959265	6.221
31.88423646	118.81959244	6.221
31.88423968	118.81959223	6.221
31.88424290	118.81959202	6.221
31.88424613	118.81959180	6.221
31.88424936	118.81959159	6.220
31.88425261	118.81959136	6.220
31.88425585	118.81959113	6.220
31.88425911	118.81959090	6.220
31.88426237	118.81959066	6.220
31.88426562	118.81959043	6.220
31.88426888	118.81959019	6.220
31.88427214	118.81958996	6.219
31.88427540	118.81958972	6.219
31.88427866	118.81958948	6.219
31.88428191	118.81958924	6.219
31.88428515	118.81958900	6.219
31.88428839	118.81958875	6.219
31.88429162	118.81958852	6.219
31.88429485	118.81958828	6.219
31.88429806	118.81958804	6.219
31.88430127	118.81958781	6.219
31.88430447	118.81958757	6.219
31.88430766	118.81958733	6.219
31.88431084	118.81958709	6.219
31.88431402	118.81958686	6.218
31.88431718	118.81958662	6.218
31.88432033	118.81958639	6.218
31.88432347	118.81958617	6.218
31.88432659	118.81958595	6.218
31.88432970	118.81958572	6.218
31.88433280	118.81958550	6.218
31.88433589	118.81958527	6.218
31.88433896	118.81958505	6.218
31.88434203	118.81958483	6.218
31.88434509	118.81958461	6.217
31.88434814	118.81958439	6.217
31.88435119	118.81958416	6.217
31.88435423	118.81958394	6.217
31.88435728	118.81958371	6.216
31.88436032	118.81958349	6.215
31.88436336	118.81958327	6.214
31.88436640	118.81958304	6.214
31.88436943	118.81958281	6.213
31.88437247	118.81958257	6.213
31.88437551	118.81958233	6.212
31.88437853	118.81958208	6.211
31.88438154	118.81958182	6.211
31.88438455	118.81958156	6.210
31.88438755	118.81958131	6.210
31.88439056	118.81958105	6.209
31.88439356	118.81958078	6.208
31.88439656	118.81958051	6.208
31.88439956	118.81958024	6.207
31.88440256	118.81957997	6.207
31.88440555	118.81957971	6.206
31.88440854	118.81957945	6.206
31.88441153	118.81957918	6.205
31.88441452	118.81957892	6.205
31.88441750	118.81957864	6.204
31.88442048	118.81957837	6.204
31.88442345	118.81957810	6.203
31.88442643	118.81957784	6.203
31.88442939	118.81957756	6.203
31.88443235	118.81957728	6.202
31.88443530	118.81957700	6.202
31.88443825	118.81957674	6.202
31.88444120	118.81957648	6.201
31.88444414	118.81957622	6.201
31.88444706	118.81957596	6.201
31.88444998	118.81957571	6.200
31.88445289	118.81957544	6.200
31.88445579	118.81957518	6.200
31.88445867	118.81957492	6.199
31.88446155	118.81957466	6.199
31.88446441	118.81957440	6.199
31.88446726	118.81957415	6.199
31.88447009	118.81957389	6.199
31.88447291	118.81957363	6.199
31.88447572	118.81957337	6.198
31.88447851	118.81957311	6.198
31.88448129	118.81957285	6.198
31.88448406	118.81957259	6.198
31.88448681	118.81957234	6.198
31.88448956	118.81957209	6.198
31.88449229	118.81957183	6.198
31.88449501	118.81957158	6.198
31.88449772	118.81957132	6.198
31.88450041	118.81957107	6.198
31.88450310	118.81957082	6.198
31.88450577	118.81957057	6.198
31.88450843	118.81957032	6.198
31.88451108	118.81957007	6.198
31.88451371	118.81956982	6.198
31.88451634	118.81956957	6.198
31.88451895	118.81956932	6.199
31.88452155	118.81956909	6.199
31.88452415	118.81956885	6.199
31.88452673	118.81956862	6.201
31.88452929	118.81956838	6.202
31.88453185	118.81956815	6.204
31.88453439	118.81956792	6.207
31.88453693	118.81956771	6.210
31.88453945	118.81956751	6.213
31.88454196	118.81956732	6.216
31.88454446	118.81956714	6.218
31.88454696	118.81956696	6.221
31.88454944	118.81956678	6.224
31.88455191	118.81956659	6.227
31.88455438	118.81956643	6.230
31.88455683	118.81956628	6.232
31.88455927	118.81956613	6.235
31.88456169	118.81956599	6.238
31.88456411	118.81956586	6.241
31.88456652	118.81956573	6.245
31.88456891	118.81956561	6.249
31.88457129	118.81956551	6.253
31.88457366	118.81956543	6.257
31.88457603	118.81956535	6.261
31.88457838	118.81956529	6.266
31.88458073	118.81956523	6.270
31.88458306	118.81956519	6.274
31.88458538	118.81956516	6.279
31.88458769	118.81956515	0.001
31.88458999	118.81956514	0.007
31.88459229	118.81956514	0.013
31.88459457	118.81956517	0.019
31.88459684	118.81956524	0.025
31.88459911	118.81956533	0.031
31.88460137	118.81956544	0.037
31.88460361	118.81956556	0.042
31.88460584	118.81956569	0.048
31.88460806	118.81956582	0.054
31.88461027	118.81956598	0.060
31.88461246	118.81956614	0.067
31.88461464	118.81956634	0.074
31.88461681	118.81956655	0.080
31.88461897	118.81956678	0.088
31.88462112	118.81956703	0.095
31.88462325	118.81956730	0.104
31.88462537	118.81956758	0.113
31.88462748	118.81956788	0.123
31.88462957	118.81956820	0.133
31.88463164	118.81956854	0.142
31.88463370	118.81956892	0.151
31.88463575	118.81956933	0.161
31.88463778	118.81956973	0.170
31.88463980	118.81957014	0.179
31.88464182	118.81957057	0.189
31.88464384	118.81957101	0.198
31.88464585	118.81957148	0.208
31.88464786	118.81957197	0.217
31.88464987	118.81957249	0.226
31.88465187	118.81957303	0.235
31.88465387	118.81957359	0.245
31.88465587	118.81957418	0.254
31.88465786	118.81957478	0.263
31.88465985	118.81957540	0.272
31.88466184	118.81957604	0.281
31.88466382	118.81957670	0.290
31.88466580	118.81957738	0.298
31.88466777	118.81957808	0.307
31.88466974	118.81957881	0.316
31.88467170	118.81957957	0.324
31.88467366	118.81958035	0.333
31.88467562	118.81958114	0.342
31.88467760	118.81958197	0.350
31.88467958	118.81958283	0.359
31.88468156	118.81958371	0.368
31.88468355	118.81958462	0.377
31.88468553	118.81958555	0.386
31.88468751	118.81958651	0.395
31.88468948	118.81958750	0.404
31.88469144	118.81958852	0.413
31.88469340	118.81958956	0.423
31.88469536	118.81959061	0.432
31.88469732	118.81959169	0.442
31.88469928	118.81959278	0.451
31.88470123	118.81959391	0.461
31.88470318	118.81959505	0.470
31.88470513	118.81959623	0.480
31.88470707	118.81959744	0.489
31.88470900	118.81959866	0.498
31.88471093	118.81959992	0.508
31.88471285	118.81960120	0.517
31.88471478	118.81960250	0.526
31.88471669	118.81960380	0.534
31.88471859	118.81960512	0.542
31.88472049	118.81960645	0.550
31.88472239	118.81960780	0.559
31.88472428	118.81960917	0.567
31.88472617	118.81961055	0.575
31.88472806	118.81961196	0.584
31.88472994	118.81961338	0.592
31.88473182	118.81961484	0.600
31.88473368	118.81961632	0.608
31.88473553	118.81961783	0.616
31.88473738	118.81961936	0.623
31.88473923	118.81962091	0.631
31.88474107	118.81962247	0.637
31.88474292	118.81962404	0.644
31.88474476	118.81962563	0.649
31.88474660	118.81962725	0.654
31.88474843	118.81962888	0.659
31.88475025	118.81963053	0.664
31.88475207	118.81963219	0.669
31.88475389	118.81963389	0.673
31.88475571	118.81963560	0.677
31.88475754	118.81963733	0.681
31.88475936	118.81963907	0.684
31.88476117	118.81964083	0.686
31.88476299	118.81964259	0.686
31.88476481	118.81964437	0.686
31.88476663	118.81964616	0.685
31.88476846	118.81964794	0.682
31.88477030	118.81964971	0.679
31.88477216	118.81965148	0.676
31.88477403	118.81965325	0.672
31.88477592	118.81965502	0.668
31.88477782	118.81965679	0.663
31.88477973	118.81965857	0.658
31.88478166	118.81966035	0.652
31.88478361	118.81966211	0.647
31.88478558	118.81966386	0.642
31.88478756	118.81966560	0.637
31.88478956	118.81966734	0.631
31.88479155	118.81966905	0.625
31.88479354	118.81967076	0.618
31.88479553	118.81967246	0.611
31.88479754	118.81967414	0.603
31.88479956	118.81967579	0.595
31.88480159	118.81967742	0.586
31.88480364	118.81967903	0.578
31.88480571	118.81968061	0.570
31.88480778	118.81968219	0.560
31.88480987	118.81968374	0.550
31.88481197	118.81968528	0.539
31.88481408	118.81968679	0.528
31.88481621	118.81968827	0.516
31.88481836	118.81968972	0.504
31.88482053	118.81969114	0.492
31.88482271	118.81969253	0.480
31.88482491	118.81969389	0.467
31.88482712	118.81969521	0.455
31.88482935	118.81969651	0.442
31.88483160	118.81969777	0.429
31.88483386	118.81969899	0.416
31.88483613	118.81970018	0.403
31.88483841	118.81970134	0.390
31.88484071	118.81970246	0.377
31.88484303	118.81970355	0.365
31.88484535	118.81970461	0.352
31.88484768	118.81970563	0.340
31.88485003	118.81970663	0.327
31.88485239	118.81970759	0.313
31.88485476	118.81970851	0.300
31.88485714	118.81970939	0.286
31.88485953	118.81971023	0.272
31.88486194	118.81971104	0.259
31.88486435	118.81971180	0.245
31.88486678	118.81971253	0.232
31.88486921	118.81971322	0.218
31.88487165	118.81971387	0.205
31.88487410	118.81971449	0.191
31.88487656	118.81971507	0.178
31.88487902	118.81971561	0.164
31.88488150	118.81971611	0.151
31.88488399	118.81971657	0.138
31.88488648	118.81971698	0.126
31.88488898	118.81971736	0.115
31.88489148	118.81971770	0.104
31.88489399	118.81971802	0.093
31.88489650	118.81971831	0.083
31.88489902	118.81971858	0.072
31.88490154	118.81971881	0.061
31.88490406	118.81971901	0.049
31.88490658	118.81971917	0.037
31.88490910	118.81971930	0.025
31.88491162	118.81971939	0.012
31.88491415	118.81971944	6.281
31.88491667	118.81971944	6.268
31.88491919	118.81971941	6.254
31.88492170	118.81971933	6.241
31.88492421	118.81971922	6.227
31.88492672	118.81971907	6.214
31.88492923	118.81971888	6.200
31.88493173	118.81971864	6.186
31.88493424	118.81971836	6.172
31.88493674	118.81971803	6.158
31.88493923	118.81971765	6.143
31.88494172	118.81971724	6.129
31.88494420	118.81971679	6.114
31.88494668	118.81971631	6.100
31.88494914	118.81971577	6.086
31.88495160	118.81971520	6.071
31.88495405	118.81971458	6.057
31.88495648	118.81971393	6.043
31.88495891	118.81971323	6.029
31.88496133	118.81971250	6.015
31.88496374	118.81971173	6.000
31.88496614	118.81971091	5.986
31.88496852	118.81971006	5.972
31.88497090	118.81970917	5.958
31.88497326	118.81970824	5.944
31.88497560	118.81970727	5.929
31.88497794	118.81970626	5.915
31.88498026	118.81970522	5.900
31.88498255	118.81970414	5.886
31.88498484	118.81970302	5.871
31.88498711	118.81970187	5.856
31.88498937	118.81970069	5.841
31.88499161	118.81969946	5.826
31.88499383	118.81969819	5.811
31.88499603	118.81969688	5.796
31.88499821	118.81969552	5.782
31.88500038	118.81969413	5.767
31.88500253	118.81969270	5.752
31.88500466	118.81969124	5.737
31.88500677	118.81968975	5.722
31.88500887	118.81968822	5.707
31.88501094	118.81968665	5.692
31.88501299	118.81968504	5.677
31.88501502	118.81968340	5.661
31.88501702	118.81968172	5.646
31.88501901	118.81968001	5.630
31.88502097	118.81967826	5.615
31.88502292	118.81967649	5.599
31.88502484	118.81967469	5.584
31.88502675	118.81967285	5.568
31.88502862	118.81967099	5.553
31.88503047	118.81966908	5.537
31.88503230	118.81966715	5.521
31.88503410	118.81966518	5.506
31.88503587	118.81966318	5.490
31.88503761	118.81966115	5.474
31.88503932	118.81965909	5.458
31.88504101	118.81965700	5.443
31.88504266	118.81965487	5.427
31.88504429	118.81965272	5.412
31.88504588	118.81965054	5.396
31.88504745	118.81964833	5.381
31.88504898	118.81964609	5.365
31.88505049	118.81964382	5.350
31.88505196	118.81964153	5.335
31.88505340	118.81963921	5.319
31.88505482	118.81963687	5.304
31.88505619	118.81963449	5.289
31.88505753	118.81963207	5.274
31.88505884	118.81962963	5.259
31.88506011	118.81962717	5.243
31.88506135	118.81962469	5.229
31.88506256	118.81962218	5.214
31.88506374	118.81961966	5.199
31.88506489	118.81961711	5.184
31.88506601	118.81961455	5.170
31.88506710	118.81961197	5.155
31.88506815	118.81960937	5.140
31.88506917	118.81960675	5.125
31.88507015	118.81960411	5.111
31.88507109	118.81960146	5.096
31.88507201	118.81959880	5.081
31.88507289	118.81959612	5.066
31.88507375	118.81959343	5.051
31.88507456	118.81959072	5.036
31.88507533	118.81958800	5.021
31.88507607	118.81958526	5.006
31.88507677	118.81958253	4.990
31.88507744	118.81957979	4.975
31.88507808	118.81957705	4.959
31.88507868	118.81957430	4.943
31.88507924	118.81957154	4.928
31.88507975	118.81956876	4.912
31.88508023	118.81956599	4.897
31.88508068	118.81956320	4.881
31.88508109	118.81956041	4.866
31.88508147	118.81955761	4.850
31.88508181	118.81955480	4.834
31.88508211	118.81955198	4.819
31.88508237	118.81954916	4.804
31.88508259	118.81954633	4.789
31.88508278	118.81954350	4.775
31.88508293	118.81954066	4.760
31.88508306	118.81953783	4.745
31.88508314	118.81953499	4.730
31.88508319	118.81953216	4.715
31.88508320	118.81952932	4.700
31.88508318	118.81952647	4.685
31.88508312	118.81952362	4.670
31.88508303	118.81952076	4.655
31.88508290	118.81951791	4.640
31.88508274	118.81951505	4.625
31.88508254	118.81951220	4.610
31.88508230	118.81950936	4.595
31.88508203	118.81950651	4.580
31.88508172	118.81950368	4.565
31.88508137	118.81950084	4.550
31.88508099	118.81949802	4.536
31.88508057	118.81949520	4.521
31.88508012	118.81949238	4.506
31.88507962	118.81948957	4.491
31.88507910	118.81948677	4.477
31.88507854	118.81948398	4.462
31.88507794	118.81948119	4.447
31.88507731	118.81947841	4.432
31.88507665	118.81947564	4.418
31.88507594	118.81947289	4.403
31.88507521	118.81947014	4.388
31.88507445	118.81946741	4.374
31.88507365	118.81946468	4.360
31.88507283	118.81946197	4.345
31.88507197	118.81945927	4.331
31.88507108	118.81945658	4.318
31.88507015	118.81945391	4.305
31.88506918	118.81945125	4.292
31.88506819	118.81944861	4.279
31.88506718	118.81944598	4.267
31.88506614	118.81944335	4.255
31.88506507	118.81944074	4.243
31.88506397	118.81943815	4.231
31.88506284	118.81943557	4.220
31.88506168	118.81943302	4.209
31.88506050	118.81943048	4.198
31.88505930	118.81942795	4.187
31.88505808	118.81942543	4.175
31.88505683	118.81942292	4.164
31.88505557	118.81942043	4.153
31.88505427	118.81941797	4.142
31.88505294	118.81941553	4.131
31.88505158	118.81941310	4.120
31.88505020	118.81941069	4.110
31.88504881	118.81940830	4.100
31.88504739	118.81940592	4.092
31.88504596	118.81940355	4.084
31.88504450	118.81940120	4.076
31.88504304	118.81939886	4.069
31.88504156	118.81939653	4.062
31.88504007	118.81939421	4.056
31.88503856	118.81939190	4.049
31.88503705	118.81938960	4.043
31.88503552	118.81938731	4.037
31.88503397	118.81938504	4.031
31.88503241	118.81938277	4.025
31.88503083	118.81938052	4.018
31.88502925	118.81937827	4.012
31.88502766	118.81937603	4.007
31.88502606	118.81937380	4.001
31.88502444	118.81937158	3.998
31.88502280	118.81936936	3.994
31.88502116	118.81936714	3.991
31.88501951	118.81936493	3.989
31.88501786	118.81936272	3.988
31.88501621	118.81936052	3.986
31.88501455	118.81935832	3.986
31.88501289	118.81935611	3.986
31.88501123	118.81935392	3.986
31.88500957	118.81935172	3.987
31.88500791	118.81934951	3.987
31.88500626	118.81934730	3.988
31.88500461	118.81934508	3.988
31.88500295	118.81934287	3.988
31.88500130	118.81934066	3.989
31.88499964	118.81933845	3.990
31.88499798	118.81933623	3.991
31.88499633	118.81933401	3.994
31.88499468	118.81933179	3.997
31.88499304	118.81932956	4.001
31.88499141	118.81932733	4.006
31.88498979	118.81932509	4.011
31.88498818	118.81932284	4.016
31.88498658	118.81932057	4.021
31.88498500	118.81931829	4.026
31.88498342	118.81931599	4.031
31.88498186	118.81931368	4.037
31.88498029	118.81931137	4.043
31.88497873	118.81930905	4.049
31.88497719	118.81930672	4.055
31.88497566	118.81930437	4.061
31.88497414	118.81930201	4.066
31.88497263	118.81929963	4.072
31.88497113	118.81929725	4.077
31.88496964	118.81929486	4.083
31.88496815	118.81929245	4.090
31.88496668	118.81929004	4.096
31.88496522	118.81928761	4.103
31.88496377	118.81928517	4.110
31.88496233	118.81928271	4.117
31.88496091	118.81928024	4.124
31.88495950	118.81927776	4.131
31.88495811	118.81927527	4.138
31.88495673	118.81927275	4.146
31.88495536	118.81927022	4.154
31.88495402	118.81926768	4.162
31.88495268	118.81926513	4.171
31.88495136	118.81926256	4.180
31.88495006	118.81925998	4.189
31.88494878	118.81925738	4.198
31.88494753	118.81925476	4.206
31.88494630	118.81925212	4.215
31.88494508	118.81924947	4.224
31.88494389	118.81924681	4.233
31.88494271	118.81924413	4.242
31.88494156	118.81924143	4.252
31.88494042	118.81923871	4.261
31.88493930	118.81923598	4.270
31.88493821	118.81923323	4.279
31.88493714	118.81923047	4.288
31.88493608	118.81922769	4.297
31.88493505	118.81922490	4.305
31.88493403	118.81922210	4.314
31.88493303	118.81921930	4.323
31.88493204	118.81921649	4.331
31.88493108	118.81921367	4.340
31.88493013	118.81921084	4.348
31.88492921	118.81920800	4.357
31.88492831	118.81920514	4.365
31.88492743	118.81920227	4.374
31.88492657	118.81919938	4.382
31.88492572	118.81919649	4.391
31.88492489	118.81919359	4.399
31.88492409	118.81919069	4.408
31.88492331	118.81918777	4.416
31.88492256	118.81918485	4.424
31.88492182	118.81918192	4.433
31.88492111	118.81917898	4.441
31.88492042	118.81917604	4.450
31.88491975	118.81917309	4.458
31.88491910	118.81917014	4.466
31.88491847	118.81916717	4.474
31.88491786	118.81916420	4.482
31.88491727	118.81916122	4.489
31.88491670	118.81915823	4.497
31.88491615	118.81915523	4.504
31.88491563	118.81915222	4.510
31.88491512	118.81914922	4.516
31.88491462	118.81914620	4.522
31.88491413	118.81914318	4.527
31.88491365	118.81914016	4.533
31.88491319	118.81913714	4.538
31.88491274	118.81913411	4.542
31.88491230	118.81913107	4.545
31.88491188	118.81912803	4.548
31.88491147	118.81912499	4.551
31.88491106	118.81912194	4.553
31.88491065	118.81911889	4.555
31.88491024	118.81911584	4.557
31.88490984	118.81911279	4.558
31.88490943	118.81910974	4.559
31.88490903	118.81910668	4.561
31.88490863	118.81910362	4.561
31.88490823	118.81910056	4.562
31.88490784	118.81909750	4.563
31.88490744	118.81909444	4.564
31.88490705	118.81909138	4.566
31.88490666	118.81908831	4.567
31.88490627	118.81908525	4.567
31.88490588	118.81908218	4.568
31.88490550	118.81907910	4.568
31.88490512	118.81907602	4.569
31.88490474	118.81907292	4.569
31.88490436	118.81906982	4.570
31.88490397	118.81906672	4.570
31.88490359	118.81906360	4.571
31.88490320	118.81906047	4.572
31.88490282	118.81905734	4.572
31.88490244	118.81905420	4.573
31.88490206	118.81905104	4.573
31.88490169	118.81904788	4.574
31.88490134	118.81904471	4.575
31.88490100	118.81904152	4.576
31.88490066	118.81903833	4.576
31.88490032	118.81903512	4.576
31.88489997	118.81903190	4.577
31.88489962	118.81902867	4.577
31.88489927	118.81902541	4.578
31.88489892	118.81902213	4.578
31.88489857	118.81901884	4.577
31.88489822	118.81901553	4.577
31.88489787	118.81901220	4.577
31.88489752	118.81900887	4.576
31.88489716	118.81900552	4.576
31.88489680	118.81900215	4.576
31.88489644	118.81899878	4.575
31.88489606	118.81899539	4.575
31.88489569	118.81899199	4.574
31.88489531	118.81898858	4.574
31.88489494	118.81898515	4.573
31.88489456	118.81898171	4.572
31.88489417	118.81897826	4.571
31.88489377	118.81897480	4.570
31.88489337	118.81897132	4.569
31.88489296	118.81896784	4.569
31.88489254	118.81896434	4.568
31.88489212	118.81896084	4.567
31.88489171	118.81895732	4.567
31.88489128	118.81895380	4.567
31.88489086	118.81895026	4.566
31.88489044	118.81894671	4.566
31.88489001	118.81894315	4.565
31.88488958	118.81893958	4.565
31.88488914	118.81893600	4.565
31.88488870	118.81893241	4.564
31.88488826	118.81892881	4.564
31.88488783	118.81892520	4.564
31.88488739	118.81892158	4.564
31.88488694	118.81891795	4.563
31.88488650	118.81891431	4.563
31.88488604	118.81891066	4.563
31.88488558	118.81890700	4.563
31.88488511	118.81890333	4.562
31.88488465	118.81889965	4.562
31.88488418	118.81889596	4.562
31.88488370	118.81889227	4.562
31.88488323	118.81888856	4.562
31.88488275	118.81888485	4.562
31.88488227	118.81888112	4.562
31.88488179	118.81887739	4.562
31.88488132	118.81887364	4.563
31.88488085	118.81886989	4.564
31.88488037	118.81886612	4.565
31.88487990	118.81886235	4.567
31.88487942	118.81885857	4.568
31.88487896	118.81885478	4.569
31.88487850	118.81885097	4.569
31.88487805	118.81884716	4.569
31.88487759	118.81884334	4.569
31.88487712	118.81883951	4.569
31.88487666	118.81883568	4.569
31.88487620	118.81883185	4.568
31.88487574	118.81882801	4.568
31.88487528	118.81882416	4.568
31.88487482	118.81882031	4.568
31.88487435	118.81881644	4.567
31.88487388	118.81881257	4.567
31.88487341	118.81880870	4.567
31.88487293	118.81880481	4.567
31.88487246	118.81880091	4.567
31.88487199	118.81879700	4.567
31.88487152	118.81879309	4.567
31.88487105	118.81878918	4.567
31.88487058	118.81878525	4.567
31.88487009	118.81878133	4.567
31.88486961	118.81877740	4.567
31.88486913	118.81877346	4.566
31.88486865	118.81876952	4.566
31.88486817	118.81876556	4.566
31.88486769	118.81876160	4.566
31.88486719	118.81875763	4.566
31.88486669	118.81875365	4.566
31.88486619	118.81874966	4.567
31.88486569	118.81874568	4.567
31.88486519	118.81874169	4.567
31.88486470	118.81873769	4.567
31.88486420	118.81873369	4.566
31.88486370	118.81872968	4.566
31.88486319	118.81872567	4.566
31.88486269	118.81872166	4.566
31.88486218	118.81871764	4.566
31.88486168	118.81871362	4.566
31.88486116	118.81870959	4.566
31.88486065	118.81870557	4.566
31.88486014	118.81870154	4.566
31.88485963	118.81869750	4.566
31.88485912	118.81869346	4.565
31.88485861	118.81868942	4.565
31.88485809	118.81868537	4.565
31.88485757	118.81868131	4.565
31.88485707	118.81867725	4.565
31.88485659	118.81867317	4.565
31.88485611	118.81866909	4.565
31.88485563	118.81866500	4.565
31.88485515	118.81866092	4.565
31.88485467	118.81865683	4.565
31.88485419	118.81865274	4.565
31.88485371	118.81864866	4.566
31.88485323	118.81864458	4.566
31.88485276	118.81864050	4.566
31.88485229	118.81863642	4.566
31.88485182	118.81863235	4.567
31.88485134	118.81862827	4.567
31.88485086	118.81862420	4.567
31.88485039	118.81862013	4.567
31.88484992	118.81861607	4.568
31.88484945	118.81861201	4.568
31.88484897	118.81860795	4.568
31.88484850	118.81860389	4.569
31.88484802	118.81859984	4.569
31.88484754	118.81859580	4.570
31.88484706	118.81859177	4.570
31.88484658	118.81858774	4.570
31.88484610	118.81858372	4.570
31.88484563	118.81857970	4.570
31.88484514	118.81857567	4.570
31.88484466	118.81857166	4.571
31.88484418	118.81856764	4.571
31.88484371	118.81856363	4.571
31.88484323	118.81855962	4.570
31.88484275	118.81855561	4.570
31.88484228	118.81855161	4.570
31.88484180	118.81854761	4.570
31.88484132	118.81854362	4.569
31.88484084	118.81853963	4.569
31.88484036	118.81853565	4.568
31.88483987	118.81853166	4.567
31.88483939	118.81852768	4.567
31.88483890	118.81852370	4.566
31.88483841	118.81851972	4.565
31.88483791	118.81851573	4.565
31.88483742	118.81851175	4.565
31.88483693	118.81850777	4.565
31.88483644	118.81850379	4.564
31.88483596	118.81849981	4.564
31.88483546	118.81849584	4.563
31.88483496	118.81849187	4.563
31.88483446	118.81848790	4.563
31.88483396	118.81848394	4.563
31.88483346	118.81847997	4.562
31.88483296	118.81847600	4.562
31.88483246	118.81847203	4.562
31.88483196	118.81846807	4.562
31.88483146	118.81846412	4.562
31.88483096	118.81846016	4.562
31.88483046	118.81845621	4.562
31.88482996	118.81845225	4.562
31.88482946	118.81844830	4.561
31.88482895	118.81844435	4.562
31.88482845	118.81844040	4.562
31.88482794	118.81843645	4.563
31.88482745	118.81843249	4.564
31.88482695	118.81842854	4.565
31.88482646	118.81842459	4.566
31.88482596	118.81842064	4.567
31.88482547	118.81841670	4.568
31.88482499	118.81841276	4.569
31.88482451	118.81840883	4.570
31.88482404	118.81840490	4.571
31.88482356	118.81840098	4.572
31.88482309	118.81839706	4.573
31.88482263	118.81839315	4.573
31.88482217	118.81838926	4.574
31.88482171	118.81838537	4.574
31.88482126	118.81838149	4.575
31.88482080	118.81837762	4.575
31.88482035	118.81837376	4.575
31.88481991	118.81836992	4.575
31.88481946	118.81836609	4.575
31.88481902	118.81836227	4.576
31.88481858	118.81835848	4.576
31.88481817	118.81835471	4.576
31.88481775	118.81835096	4.576
31.88481735	118.81834723	4.576
31.88481694	118.81834350	4.576
31.88481653	118.81833979	4.576
31.88481612	118.81833609	4.575
31.88481571	118.81833240	4.575
31.88481530	118.81832873	4.575
31.88481489	118.81832507	4.575
31.88481449	118.81832142	4.575
31.88481409	118.81831779	4.575
31.88481368	118.81831417	4.575
31.88481328	118.81831057	4.575
31.88481288	118.81830697	4.575
31.88481249	118.81830340	4.575
31.88481209	118.81829983	4.574
31.88481169	118.81829628	4.574
31.88481130	118.81829274	4.574
31.88481090	118.81828922	4.574
31.88481050	118.81828569	4.573
31.88481009	118.81828216	4.572
31.88480968	118.81827865	4.572
31.88480926	118.81827514	4.571
31.88480884	118.81827166	4.570
31.88480842	118.81826818	4.570
31.88480801	118.81826470	4.569
31.88480760	118.81826122	4.568
31.88480718	118.81825776	4.568
31.88480676	118.81825429	4.567
31.88480633	118.81825082	4.567
31.88480589	118.81824735	4.567
31.88480547	118.81824388	4.566
31.88480505	118.81824041	4.565
31.88480462	118.81823694	4.565
31.88480419	118.81823348	4.564
31.88480375	118.81823001	4.564
31.88480332	118.81822655	4.564
31.88480288	118.81822309	4.564
31.88480245	118.81821963	4.564
31.88480202	118.81821618	4.563
31.88480160	118.81821273	4.563
31.88480117	118.81820929	4.563
31.88480074	118.81820585	4.563
31.88480031	118.81820241	4.563
31.88479988	118.81819897	4.563
31.88479945	118.81819553	4.563
31.88479903	118.81819210	4.562
31.88479861	118.81818867	4.562
31.88479819	118.81818523	4.562
31.88479776	118.81818180	4.562
31.88479733	118.81817837	4.562
31.88479689	118.81817495	4.562
31.88479647	118.81817152	4.562
31.88479604	118.81816810	4.562
31.88479562	118.81816468	4.562
31.88479519	118.81816126	4.563
31.88479476	118.81815784	4.563
31.88479434	118.81815443	4.564
31.88479391	118.81815101	4.565
31.88479349	118.81814760	4.565
31.88479306	118.81814418	4.566
31.88479263	118.81814077	4.566
31.88479221	118.81813736	4.567
31.88479179	118.81813396	4.568
31.88479137	118.81813056	4.568
31.88479095	118.81812718	4.569
31.88479054	118.81812380	4.569
31.88479012	118.81812043	4.569
31.88478972	118.81811706	4.569
31.88478931	118.81811371	4.569
31.88478891	118.81811036	4.569
31.88478851	118.81810703	4.569
31.88478811	118.81810371	4.569
31.88478771	118.81810040	4.570
31.88478730	118.81809710	4.570
31.88478690	118.81809382	4.571
31.88478651	118.81809055	4.571
31.88478612	118.81808729	4.571
31.88478573	118.81808404	4.571
31.88478535	118.81808080	4.572
31.88478498	118.81807758	4.572
31.88478462	118.81807437	4.572
31.88478426	118.81807116	4.572
31.88478390	118.81806797	4.572
31.88478354	118.81806479	4.572
31.88478317	118.81806163	4.573
31.88478281	118.81805848	4.573
31.88478245	118.81805533	4.573
31.88478209	118.81805220	4.574
31.88478175	118.81804908	4.574
31.88478140	118.81804597	4.574
31.88478105	118.81804287	4.575
31.88478070	118.81803979	4.575
31.88478036	118.81803671	4.576
31.88478002	118.81803364	4.577
31.88477968	118.81803059	4.578
31.88477935	118.81802754	4.580
31.88477901	118.81802450	4.581
31.88477869	118.81802148	4.582
31.88477837	118.81801847	4.584
31.88477806	118.81801546	4.584
31.88477774	118.81801246	4.585
31.88477743	118.81800947	4.586
31.88477712	118.81800649	4.586
31.88477681	118.81800353	4.587
31.88477650	118.81800057	4.587
31.88477620	118.81799762	4.587
31.88477591	118.81799469	4.587
31.88477561	118.81799176	4.587
31.88477531	118.81798885	4.587
31.88477500	118.81798595	4.588
31.88477470	118.81798306	4.588
31.88477440	118.81798018	4.588
31.88477411	118.81797731	4.588
31.88477382	118.81797445	4.589
31.88477354	118.81797161	4.589
31.88477325	118.81796877	4.589
31.88477296	118.81796594	4.590
31.88477268	118.81796313	4.591
31.88477239	118.81796033	4.592
31.88477210	118.81795755	4.592
31.88477181	118.81795478	4.593
31.88477152	118.81795202	4.594
31.88477123	118.81794927	4.594
31.88477095	118.81794653	4.595
31.88477067	118.81794379	4.596
31.88477039	118.81794105	4.597
31.88477012	118.81793831	4.597
31.88476985	118.81793556	4.598
31.88476958	118.81793282	4.599
31.88476931	118.81793007	4.599
31.88476903	118.81792732	4.600
31.88476876	118.81792457	4.601
31.88476850	118.81792182	4.602
31.88476824	118.81791908	4.602
31.88476798	118.81791633	4.603
31.88476772	118.81791358	4.604
31.88476746	118.81791084	4.604
31.88476721	118.81790810	4.605
31.88476696	118.81790537	4.606
31.88476672	118.81790264	4.606
31.88476649	118.81789992	4.607
31.88476626	118.81789720	4.607
31.88476603	118.81789449	4.608
31.88476580	118.81789179	4.609
31.88476558	118.81788910	4.610
31.88476536	118.81788642	4.610
31.88476514	118.81788375	4.611
31.88476492	118.81788109	4.612
31.88476471	118.81787845	4.612
31.88476449	118.81787581	4.613
31.88476428	118.81787318	4.614
31.88476407	118.81787056	4.614
31.88476386	118.81786795	4.615
31.88476366	118.81786536	4.615
31.88476347	118.81786277	4.616
31.88476327	118.81786019	4.616
31.88476308	118.81785763	4.617
31.88476288	118.81785508	4.618
31.88476268	118.81785253	4.619
31.88476247	118.81785000	4.619
31.88476227	118.81784749	4.620
31.88476207	118.81784498	4.620
31.88476188	118.81784247	4.621
31.88476169	118.81783998	4.621
31.88476151	118.81783751	4.622
31.88476132	118.81783504	4.623
31.88476113	118.81783258	4.623
31.88476094	118.81783013	4.623
31.88476077	118.81782769	4.624
31.88476059	118.81782526	4.623
31.88476041	118.81782286	4.623
31.88476023	118.81782048	4.623
31.88476005	118.81781812	4.623
31.88475987	118.81781578	4.623
31.88475969	118.81781347	4.623
31.88475952	118.81781118	4.623
31.88475936	118.81780891	4.622
31.88475919	118.81780666	4.620
31.88475903	118.81780443	4.618
31.88475885	118.81780223	4.615
31.88475867	118.81780005	4.612
31.88475848	118.81779790	4.608
31.88475808	118.81779368	4.598
31.88475767	118.81778956	4.587
31.88475723	118.81778555	4.575
31.88475673	118.81778163	4.563
31.88475621	118.81777778	4.551
31.88475566	118.81777397	4.538
31.88475508	118.81777021	4.524
31.88475445	118.81776650	4.508
31.88475380	118.81776282	4.491
31.88475310	118.81775920	4.471
31.88475235	118.81775562	4.448
31.88475154	118.81775211	4.423
31.88475067	118.81774865	4.399
31.88474973	118.81774525	4.373
31.88474874	118.81774191	4.345
31.88474768	118.81773864	4.314
31.88474654	118.81773546	4.281
31.88474532	118.81773236	4.245
31.88474397	118.81772938	4.208
31.88474254	118.81772650	4.170
31.88474102	118.81772374	4.131
31.88473943	118.81772109	4.093
31.88473778	118.81771853	4.055
31.88473607	118.81771608	4.017
31.88473431	118.81771374	3.979
31.88473249	118.81771151	3.941
31.88473063	118.81770940	3.903
31.88472872	118.81770740	3.865
31.88472682	118.81770552	3.827
31.88472491	118.81770375	3.788
31.88472298	118.81770209	3.748
31.88472103	118.81770055	3.708
31.88471907	118.81769912	3.667
31.88471711	118.81769781	3.622
31.88471514	118.81769665	3.576
31.88471317	118.81769565	3.531
31.88471119	118.81769478	3.485
31.88470922	118.81769401	3.440
31.88470725	118.81769333	3.396
31.88470531	118.81769275	3.351
31.88470337	118.81769227	3.304
31.88470145	118.81769190	3.258
31.88469955	118.81769165	3.212
31.88469768	118.81769150	3.166
31.88469584	118.81769145	3.120
31.88469403	118.81769150	3.074
31.88469138	118.81769177	3.005
31.88468882	118.81769227	2.934
31.88468634	118.81769298	2.864
31.88468396	118.81769390	2.795
31.88468170	118.81769498	2.725
31.88467955	118.81769622	2.656
31.88467750	118.81769759	2.587
31.88467559	118.81769911	2.521
31.88467377	118.81770071	2.454
31.88467207	118.81770242	2.390
31.88467051	118.81770422	2.326
31.88466907	118.81770611	2.264
31.88466776	118.81770806	2.203
31.88466657	118.81771007	2.145
31.88466548	118.81771215	2.092
31.88466449	118.81771434	2.042
31.88466359	118.81771659	1.992
31.88466279	118.81771893	1.945
31.88466205	118.81772133	1.899
31.88466140	118.81772381	1.855
31.88466084	118.81772637	1.813
31.88466036	118.81772899	1.771
31.88465997	118.81773167	1.730
31.88465966	118.81773440	1.692
31.88465945	118.81773718	1.658
31.88465929	118.81774001	1.628
31.88465920	118.81774289	1.599
31.88465920	118.81774585	1.572
31.88465920	118.81774889	1.547
31.88465927	118.81775199	1.529
31.88465936	118.81775515	1.516
31.88465944	118.81775729	1.510
31.88465954	118.81775945	1.504
31.88465965	118.81776164	1.499
31.88465977	118.81776384	1.496
31.88465988	118.81776608	1.492
31.88466001	118.81776835	1.490
31.88466017	118.81777067	1.488
31.88466034	118.81777306	1.486
31.88466051	118.81777550	1.484
31.88466069	118.81777800	1.482
31.88466088	118.81778056	1.480
31.88466108	118.81778319	1.478
31.88466129	118.81778590	1.476
31.88466151	118.81778867	1.473
31.88466173	118.81779152	1.470
31.88466197	118.81779442	1.467
31.88466225	118.81779739	1.464
31.88466254	118.81780043	1.461
31.88466285	118.81780354	1.458
31.88466317	118.81780670	1.453
31.88466353	118.81780994	1.449
31.88466389	118.81781324	1.444
31.88466426	118.81781661	1.440
31.88466466	118.81782003	1.436
31.88466507	118.81782353	1.432
31.88466549	118.81782711	1.429
31.88466593	118.81783075	1.426
31.88466639	118.81783447	1.423
31.88466687	118.81783828	1.419
31.88466737	118.81784217	1.418
31.88466788	118.81784615	1.417
31.88466840	118.81785021	1.417
31.88466893	118.81785436	1.417
31.88466921	118.81785646	1.417
31.88466948	118.81785858	1.416
31.88466976	118.81786072	1.416
31.88467004	118.81786289	1.416
31.88467032	118.81786507	1.416
31.88467061	118.81786728	1.415
31.88467091	118.81786951	1.415
31.88467121	118.81787176	1.415
31.88467152	118.81787403	1.414
31.88467183	118.81787632	1.414
31.88467213	118.81787863	1.414
31.88467244	118.81788096	1.414
31.88467275	118.81788331	1.414
31.88467306	118.81788568	1.414
31.88467338	118.81788806	1.414
31.88467370	118.81789046	1.414
31.88467403	118.81789288	1.414
31.88467435	118.81789532	1.415
31.88467468	118.81789777	1.415
31.88467501	118.81790024	1.415
31.88467534	118.81790274	1.415
31.88467566	118.81790525	1.415
31.88467599	118.81790777	1.415
31.88467633	118.81791032	1.415
31.88467667	118.81791288	1.415
31.88467701	118.81791545	1.416
31.88467734	118.81791803	1.416
31.88467768	118.81792062	1.416
31.88467801	118.81792323	1.416
31.88467834	118.81792586	1.416
31.88467868	118.81792851	1.417
31.88467903	118.81793117	1.417
31.88467937	118.81793384	1.417
31.88467972	118.81793654	1.417
31.88468006	118.81793925	1.418
31.88468041	118.81794198	1.418
31.88468075	118.81794472	1.418
31.88468110	118.81794748	1.418
31.88468145	118.81795025	1.418
31.88468181	118.81795304	1.418
31.88468217	118.81795585	1.419
31.88468252	118.81795867	1.419
31.88468288	118.81796150	1.419
31.88468323	118.81796435	1.419
31.88468359	118.81796721	1.419
31.88468395	118.81797009	1.419
31.88468432	118.81797299	1.419
31.88468469	118.81797590	1.420
31.88468506	118.81797882	1.420
31.88468543	118.81798176	1.420
31.88468580	118.81798471	1.420
31.88468617	118.81798768	1.420
31.88468654	118.81799066	1.420
31.88468692	118.81799365	1.421
31.88468730	118.81799665	1.421
31.88468768	118.81799968	1.421
31.88468806	118.81800271	1.421
31.88468844	118.81800575	1.421
31.88468882	118.81800881	1.421
31.88468920	118.81801189	1.421
31.88468959	118.81801498	1.422
31.88468997	118.81801808	1.421
31.88469036	118.81802120	1.421
31.88469075	118.81802433	1.421
31.88469115	118.81802747	1.421
31.88469155	118.81803062	1.421
31.88469196	118.81803379	1.421
31.88469237	118.81803697	1.421
31.88469278	118.81804016	1.421
31.88469320	118.81804336	1.421
31.88469362	118.81804658	1.421
31.88469404	118.81804981	1.420
31.88469447	118.81805305	1.420
31.88469489	118.81805631	1.420
31.88469531	118.81805957	1.419
31.88469574	118.81806285	1.419
31.88469618	118.81806614	1.418
31.88469662	118.81806944	1.418
31.88469706	118.81807275	1.418
31.88469750	118.81807607	1.418
31.88469795	118.81807940	1.417
31.88469839	118.81808275	1.416
31.88469884	118.81808610	1.416
31.88469929	118.81808947	1.415
31.88469975	118.81809285	1.415
31.88470020	118.81809624	1.414
31.88470065	118.81809964	1.414
31.88470111	118.81810304	1.413
31.88470157	118.81810646	1.412
31.88470203	118.81810989	1.410
31.88470249	118.81811333	1.409
31.88470296	118.81811677	1.407
31.88470344	118.81812023	1.406
31.88470392	118.81812369	1.406
31.88470442	118.81812717	1.405
31.88470491	118.81813065	1.405
31.88470540	118.81813415	1.405
31.88470589	118.81813765	1.404
31.88470639	118.81814116	1.404
31.88470688	118.81814468	1.403
31.88470738	118.81814819	1.403
31.88470789	118.81815171	1.403
31.88470839	118.81815523	1.402
31.88470890	118.81815874	1.402
31.88470940	118.81816225	1.401
31.88470990	118.81816576	1.401
31.88471040	118.81816926	1.401
31.88471090	118.81817277	1.400
31.88471140	118.81817627	1.399
31.88471190	118.81817977	1.399
31.88471241	118.81818327	1.399
31.88471292	118.81818677	1.398
31.88471342	118.81819026	1.397
31.88471393	118.81819375	1.397
31.88471444	118.81819725	1.396
31.88471495	118.81820074	1.395
31.88471547	118.81820423	1.395
31.88471598	118.81820772	1.394
31.88471650	118.81821120	1.393
31.88471702	118.81821469	1.392
31.88471754	118.81821817	1.391
31.88471807	118.81822165	1.390
31.88471861	118.81822513	1.389
31.88471914	118.81822861	1.388
31.88471967	118.81823208	1.387
31.88472021	118.81823556	1.387
31.88472077	118.81823904	1.386
31.88472133	118.81824252	1.386
31.88472189	118.81824600	1.386
31.88472245	118.81824947	1.385
31.88472301	118.81825294	1.385
31.88472357	118.81825642	1.386
31.88472413	118.81825989	1.386
31.88472468	118.81826336	1.388
31.88472523	118.81826682	1.389
31.88472578	118.81827029	1.392
31.88472633	118.81827375	1.395
31.88472686	118.81827722	1.398
31.88472738	118.81828069	1.401
31.88472789	118.81828417	1.403
31.88472839	118.81828764	1.405
31.88472888	118.81829111	1.406
31.88472937	118.81829458	1.407
31.88472986	118.81829805	1.408
31.88473035	118.81830153	1.409
31.88473083	118.81830499	1.410
31.88473129	118.81830846	1.411
31.88473175	118.81831193	1.412
31.88473221	118.81831540	1.412
31.88473266	118.81831887	1.413
31.88473311	118.81832234	1.414
31.88473356	118.81832580	1.415
31.88473401	118.81832927	1.415
31.88473446	118.81833273	1.416
31.88473490	118.81833620	1.417
31.88473535	118.81833967	1.417
31.88473579	118.81834313	1.418
31.88473623	118.81834660	1.418
31.88473666	118.81835006	1.419
31.88473710	118.81835352	1.420
31.88473753	118.81835698	1.420
31.88473796	118.81836044	1.421
31.88473839	118.81836390	1.421
31.88473881	118.81836736	1.422
31.88473924	118.81837081	1.422
31.88473967	118.81837427	1.423
31.88474010	118.81837772	1.423
31.88474053	118.81838117	1.423
31.88474095	118.81838461	1.424
31.88474138	118.81838806	1.424
31.88474181	118.81839151	1.425
31.88474224	118.81839495	1.426
31.88474266	118.81839839	1.426
31.88474308	118.81840183	1.426
31.88474351	118.81840528	1.426
31.88474393	118.81840872	1.427
31.88474435	118.81841216	1.427
31.88474476	118.81841560	1.428
31.88474518	118.81841903	1.428
31.88474560	118.81842247	1.428
31.88474602	118.81842591	1.428
31.88474644	118.81842934	1.429
31.88474685	118.81843277	1.429
31.88474726	118.81843620	1.430
31.88474768	118.81843964	1.430
31.88474808	118.81844307	1.431
31.88474848	118.81844649	1.432
31.88474888	118.81844993	1.433
31.88474927	118.81845336	1.435
31.88474965	118.81845679	1.436
31.88475003	118.81846021	1.437
31.88475040	118.81846364	1.438
31.88475077	118.81846706	1.439
31.88475114	118.81847048	1.440
31.88475151	118.81847391	1.440
31.88475187	118.81847733	1.439
31.88475224	118.81848075	1.438
31.88475261	118.81848417	1.437
31.88475299	118.81848759	1.436
31.88475337	118.81849101	1.435
31.88475375	118.81849443	1.434
31.88475413	118.81849784	1.433
31.88475452	118.81850125	1.432
31.88475492	118.81850466	1.431
31.88475531	118.81850807	1.431
31.88475572	118.81851148	1.431
31.88475613	118.81851490	1.431
31.88475655	118.81851831	1.431
31.88475696	118.81852173	1.432
31.88475738	118.81852514	1.433
31.88475779	118.81852855	1.434
31.88475819	118.81853197	1.434
31.88475860	118.81853538	1.435
31.88475900	118.81853879	1.435
31.88475940	118.81854220	1.436
31.88475981	118.81854561	1.436
31.88476021	118.81854902	1.437
31.88476061	118.81855243	1.437
31.88476101	118.81855584	1.436
31.88476141	118.81855924	1.436
31.88476181	118.81856265	1.435
31.88476222	118.81856606	1.435
31.88476262	118.81856946	1.435
31.88476303	118.81857286	1.434
31.88476344	118.81857627	1.434
31.88476384	118.81857966	1.434
31.88476422	118.81858304	1.433
31.88476460	118.81858643	1.433
31.88476498	118.81858982	1.433
31.88476537	118.81859320	1.433
31.88476575	118.81859658	1.432
31.88476614	118.81859996	1.432
31.88476652	118.81860333	1.432
31.88476690	118.81860671	1.432
31.88476728	118.81861009	1.432
31.88476766	118.81861347	1.432
31.88476805	118.81861684	1.431
31.88476843	118.81862022	1.431
31.88476882	118.81862359	1.431
31.88476920	118.81862697	1.431
31.88476959	118.81863034	1.430
31.88476998	118.81863371	1.430
31.88477038	118.81863708	1.430
31.88477078	118.81864045	1.430
31.88477117	118.81864382	1.430
31.88477157	118.81864720	1.429
31.88477197	118.81865058	1.429
31.88477237	118.81865396	1.429
31.88477277	118.81865734	1.429
31.88477318	118.81866072	1.429
31.88477358	118.81866409	1.429
31.88477398	118.81866747	1.429
31.88477439	118.81867084	1.428
31.88477479	118.81867422	1.428
31.88477519	118.81867759	1.428
31.88477559	118.81868097	1.428
31.88477600	118.81868434	1.428
31.88477640	118.81868771	1.427
31.88477681	118.81869108	1.427
31.88477722	118.81869445	1.427
31.88477763	118.81869782	1.427
31.88477803	118.81870118	1.427
31.88477843	118.81870455	1.427
31.88477883	118.81870791	1.426
31.88477924	118.81871127	1.426
31.88477965	118.81871463	1.426
31.88478006	118.81871798	1.426
31.88478047	118.81872133	1.426
31.88478087	118.81872468	1.427
31.88478127	118.81872803	1.428
31.88478168	118.81873137	1.429
31.88478208	118.81873472	1.430
31.88478247	118.81873806	1.431
31.88478286	118.81874139	1.432
31.88478325	118.81874473	1.433
31.88478363	118.81874806	1.433
31.88478439	118.81875469	1.435
31.88478476	118.81875799	1.435
31.88478514	118.81876129	1.435
31.88478552	118.81876458	1.435
31.88478589	118.81876786	1.436
31.88478626	118.81877112	1.436
31.88478663	118.81877438	1.436
31.88478699	118.81877763	1.436
31.88478736	118.81878087	1.435
31.88478773	118.81878409	1.436
31.88478811	118.81878731	1.436
31.88478849	118.81879051	1.436
31.88478887	118.81879370	1.436
31.88478924	118.81879688	1.436
31.88478960	118.81880004	1.435
31.88478997	118.81880319	1.435
31.88479034	118.81880632	1.435
31.88479071	118.81880944	1.435
31.88479107	118.81881255	1.435
31.88479144	118.81881564	1.435
31.88479180	118.81881873	1.434
31.88479216	118.81882180	1.434
31.88479252	118.81882486	1.434
31.88479289	118.81882790	1.434
31.88479325	118.81883094	1.434
31.88479361	118.81883396	1.434
31.88479397	118.81883697	1.433
31.88479432	118.81883996	1.433
31.88479467	118.81884294	1.433
31.88479501	118.81884589	1.433
31.88479535	118.81884883	1.433
31.88479568	118.81885177	1.432
31.88479602	118.81885469	1.432
31.88479635	118.81885759	1.432
31.88479668	118.81886048	1.431
31.88479701	118.81886336	1.431
31.88479734	118.81886623	1.431
31.88479767	118.81886909	1.431
31.88479800	118.81887193	1.431
31.88479833	118.81887476	1.430
31.88479866	118.81887758	1.430
31.88479898	118.81888039	1.431
31.88479931	118.81888318	1.431
31.88479963	118.81888597	1.432
31.88479994	118.81888874	1.432
31.88480025	118.81889150	1.432
31.88480056	118.81889425	1.432
31.88480088	118.81889698	1.432
31.88480120	118.81889970	1.432
31.88480152	118.81890242	1.432
31.88480184	118.81890512	1.432
31.88480215	118.81890781	1.432
31.88480246	118.81891049	1.432
31.88480277	118.81891315	1.431
31.88480308	118.81891580	1.431
31.88480339	118.81891844	1.431
31.88480370	118.81892108	1.431
31.88480401	118.81892370	1.431
31.88480431	118.81892630	1.432
31.88480461	118.81892889	1.432
31.88480491	118.81893147	1.433
31.88480521	118.81893404	1.433
31.88480551	118.81893660	1.434
31.88480581	118.81893914	1.434
31.88480610	118.81894168	1.434
31.88480639	118.81894420	1.435
31.88480667	118.81894671	1.435
31.88480695	118.81894920	1.435
31.88480723	118.81895169	1.436
31.88480751	118.81895416	1.436
31.88480780	118.81895662	1.436
31.88480808	118.81895907	1.437
31.88480836	118.81896151	1.437
31.88480864	118.81896393	1.437
31.88480891	118.81896634	1.438
31.88480918	118.81896875	1.438
31.88480945	118.81897114	1.438
31.88480972	118.81897352	1.438
31.88480999	118.81897589	1.439
31.88481025	118.81897827	1.439
31.88481052	118.81898064	1.439
31.88481078	118.81898301	1.439
31.88481104	118.81898539	1.439
31.88481131	118.81898777	1.439
31.88481157	118.81899015	1.440
31.88481184	118.81899253	1.440
31.88481211	118.81899491	1.441
31.88481237	118.81899729	1.441
31.88481263	118.81899968	1.441
31.88481288	118.81900206	1.441
31.88481313	118.81900445	1.441
31.88481339	118.81900683	1.441
31.88481364	118.81900922	1.441
31.88481390	118.81901161	1.442
31.88481415	118.81901400	1.442
31.88481440	118.81901638	1.442
31.88481465	118.81901877	1.442
31.88481490	118.81902116	1.442
31.88481515	118.81902355	1.442
31.88481540	118.81902593	1.442
31.88481565	118.81902832	1.443
31.88481590	118.81903070	1.443
31.88481615	118.81903308	1.443
31.88481640	118.81903546	1.443
31.88481666	118.81903783	1.443
31.88481690	118.81904020	1.443
31.88481715	118.81904256	1.443
31.88481739	118.81904491	1.443
31.88481763	118.81904725	1.442
31.88481788	118.81904959	1.442
31.88481813	118.81905192	1.442
31.88481837	118.81905424	1.442
31.88481862	118.81905655	1.441
31.88481886	118.81905885	1.440
31.88481909	118.81906114	1.440
31.88481933	118.81906341	1.440
31.88481957	118.81906567	1.439
31.88481982	118.81906792	1.439
31.88482007	118.81907015	1.438
31.88482032	118.81907238	1.438
31.88482057	118.81907459	1.437
31.88482082	118.81907679	1.437
31.88482106	118.81907898	1.436
31.88482131	118.81908117	1.435
31.88482155	118.81908334	1.435
31.88482180	118.81908550	1.434
31.88482205	118.81908764	1.434
31.88482230	118.81908978	1.434
31.88482254	118.81909191	1.433
31.88482278	118.81909403	1.433
31.88482301	118.81909614	1.432
31.88482348	118.81910034	1.432
31.88482397	118.81910449	1.431
31.88482444	118.81910859	1.430
31.88482489	118.81911263	1.429
31.88482534	118.81911659	1.429
31.88482579	118.81912046	1.428
31.88482623	118.81912424	1.427
31.88482667	118.81912793	1.427
31.88482708	118.81913152	1.426
31.88482749	118.81913499	1.425
31.88482789	118.81913837	1.426
31.88482829	118.81914167	1.426
31.88482867	118.81914493	1.426
31.88482905	118.81914814	1.427
31.88482941	118.81915131	1.427
31.88482978	118.81915444	1.428
31.88483014	118.81915754	1.429
31.88483050	118.81916060	1.430
31.88483085	118.81916363	1.433
31.88483119	118.81916665	1.437
31.88483151	118.81916964	1.442
31.88483181	118.81917260	1.447
31.88483208	118.81917553	1.453
31.88483235	118.81917843	1.460
31.88483261	118.81918130	1.466
31.88483284	118.81918414	1.473
31.88483305	118.81918695	1.480
31.88483325	118.81918974	1.488
31.88483342	118.81919250	1.497
31.88483356	118.81919522	1.506
31.88483369	118.81919792	1.517
31.88483380	118.81920059	1.529
31.88483387	118.81920325	1.541
31.88483392	118.81920588	1.553
31.88483394	118.81920850	1.566
31.88483392	118.81921109	1.579
31.88483388	118.81921366	1.592
31.88483381	118.81921620	1.605
31.88483372	118.81921872	1.617
31.88483359	118.81922124	1.630
31.88483344	118.81922373	1.642
31.88483326	118.81922620	1.654
31.88483306	118.81922864	1.666
31.88483285	118.81923106	1.678
31.88483260	118.81923345	1.690
31.88483234	118.81923582	1.701
31.88483205	118.81923817	1.713
31.88483174	118.81924050	1.724
31.88483141	118.81924280	1.736
31.88483110	118.81924507	1.747
31.88483077	118.81924734	1.758
31.88483040	118.81924963	1.770
31.88483002	118.81925194	1.782
31.88482962	118.81925426	1.793
31.88482919	118.81925659	1.805
31.88482873	118.81925892	1.816
31.88482824	118.81926128	1.827
31.88482772	118.81926364	1.838
31.88482717	118.81926603	1.848
31.88482657	118.81926844	1.856
31.88482595	118.81927086	1.865
31.88482531	118.81927329	1.874
31.88482463	118.81927574	1.883
31.88482393	118.81927820	1.892
31.88482320	118.81928068	1.901
31.88482245	118.81928318	1.912
31.88482168	118.81928570	1.923
31.88482087	118.81928823	1.934
31.88482003	118.81929077	1.944
31.88481920	118.81929332	1.956
31.88481834	118.81929589	1.967
31.88481742	118.81929845	1.979
31.88481646	118.81930102	1.990
31.88481547	118.81930360	2.002
31.88481447	118.81930620	2.015
31.88481342	118.81930881	2.027
31.88481233	118.81931141	2.039
31.88481119	118.81931402	2.051
31.88481002	118.81931665	2.062
31.88480878	118.81931929	2.073
31.88480750	118.81932195	2.083
31.88480620	118.81932462	2.094
31.88480485	118.81932730	2.104
31.88480346	118.81932997	2.113
31.88480203	118.81933264	2.123
31.88480057	118.81933532	2.133
31.88479908	118.81933801	2.142
31.88479757	118.81934070	2.152
31.88479603	118.81934341	2.161
31.88479447	118.81934612	2.169
31.88479288	118.81934884	2.178
31.88479125	118.81935156	2.187
31.88478960	118.81935430	2.196
31.88478791	118.81935704	2.204
31.88478617	118.81935978	2.211
31.88478440	118.81936254	2.216
31.88478261	118.81936533	2.220
31.88478079	118.81936813	2.224
31.88477895	118.81937094	2.227
31.88477709	118.81937374	2.229
31.88477522	118.81937653	2.230
31.88477335	118.81937934	2.230
31.88477146	118.81938215	2.231
31.88476956	118.81938496	2.232
31.88476765	118.81938780	2.234
31.88476573	118.81939066	2.235
31.88476379	118.81939352	2.237
31.88476182	118.81939638	2.240
31.88475985	118.81939926	2.243
31.88475787	118.81940214	2.247
31.88475588	118.81940503	2.249
31.88475387	118.81940790	2.252
31.88475186	118.81941079	2.256
31.88474982	118.81941367	2.259
31.88474777	118.81941654	2.262
31.88474571	118.81941941	2.266
31.88474365	118.81942226	2.271
31.88474159	118.81942510	2.277
31.88473952	118.81942790	2.284
31.88473743	118.81943066	2.291
31.88473533	118.81943338	2.299
31.88473322	118.81943605	2.306
31.88473112	118.81943867	2.315
31.88472902	118.81944126	2.323
31.88472692	118.81944381	2.332
31.88472483	118.81944632	2.340
31.88472271	118.81944878	2.349
31.88472060	118.81945119	2.357
31.88471850	118.81945359	2.366
31.88471642	118.81945598	2.375
31.88471434	118.81945831	2.384
31.88471224	118.81946062	2.393
31.88471012	118.81946290	2.403
31.88470797	118.81946518	2.413
31.88470579	118.81946745	2.423
31.88470358	118.81946972	2.434
31.88470133	118.81947196	2.446
31.88469904	118.81947417	2.459
31.88469672	118.81947636	2.473
31.88469437	118.81947850	2.488
31.88469199	118.81948060	2.502
31.88468958	118.81948266	2.516
31.88468714	118.81948468	2.528
31.88468467	118.81948669	2.541
31.88468219	118.81948865	2.555
31.88467968	118.81949057	2.569
31.88467714	118.81949245	2.583
31.88467458	118.81949429	2.596
31.88467200	118.81949608	2.610
31.88466941	118.81949784	2.623
31.88466680	118.81949959	2.636
31.88466418	118.81950130	2.649
31.88466152	118.81950295	2.661
31.88465885	118.81950455	2.673
31.88465615	118.81950612	2.686
31.88465344	118.81950766	2.699
31.88465071	118.81950917	2.713
31.88464795	118.81951065	2.727
31.88464518	118.81951208	2.743
31.88464238	118.81951343	2.759
31.88463954	118.81951471	2.776
31.88463670	118.81951594	2.792
31.88463383	118.81951713	2.808
31.88463094	118.81951828	2.825
31.88462803	118.81951936	2.841
31.88462509	118.81952038	2.857
31.88462213	118.81952134	2.873
31.88461915	118.81952226	2.890
31.88461614	118.81952313	2.906
31.88461312	118.81952395	2.922
31.88461007	118.81952473	2.939
31.88460700	118.81952544	2.955
31.88460390	118.81952612	2.971
31.88460077	118.81952672	2.986
31.88459762	118.81952725	2.998
31.88459444	118.81952777	3.008
31.88459124	118.81952827	3.016
31.88458800	118.81952876	3.024
31.88458470	118.81952920	3.032
31.88458136	118.81952958	3.040
31.88457796	118.81952994	3.047
31.88457452	118.81953030	3.053
31.88457104	118.81953064	3.058
31.88456751	118.81953096	3.062
31.88456394	118.81953126	3.066
31.88456215	118.81953141	3.068
31.88456034	118.81953156	3.070
31.88455852	118.81953170	3.072
31.88455669	118.81953184	3.073
31.88455485	118.81953197	3.075
31.88455300	118.81953211	3.076
31.88455114	118.81953223	3.077
31.88454927	118.81953236	3.078
31.88454738	118.81953249	3.079
31.88454549	118.81953262	3.080
31.88454358	118.81953276	3.081
31.88454167	118.81953289	3.082
31.88453975	118.81953302	3.083
31.88453782	118.81953315	3.084
31.88453588	118.81953328	3.085
31.88453393	118.81953340	3.086
31.88453198	118.81953352	3.086
31.88453001	118.81953364	3.087
31.88452803	118.81953376	3.088
31.88452605	118.81953388	3.089
31.88452405	118.81953399	3.091
31.88452206	118.81953410	3.092
31.88452006	118.81953421	3.093
31.88451806	118.81953432	3.094
31.88451606	118.81953442	3.094
31.88451406	118.81953452	3.095
31.88451206	118.81953463	3.096
31.88451007	118.81953474	3.097
31.88450808	118.81953485	3.097
31.88450609	118.81953495	3.098
31.88450411	118.81953505	3.098
31.88450212	118.81953514	3.099
31.88450013	118.81953523	3.099
31.88449814	118.81953533	3.098
31.88449616	118.81953543	3.098
31.88449418	118.81953554	3.098
31.88449219	118.81953565	3.098
31.88449021	118.81953576	3.097
31.88448822	118.81953586	3.097
31.88448623	118.81953596	3.097
31.88448424	118.81953606	3.097
31.88448226	118.81953616	3.097
31.88448027	118.81953626	3.097
31.88447828	118.81953637	3.097
31.88447628	118.81953647	3.097
31.88447429	118.81953658	3.098
31.88447230	118.81953668	3.098
31.88447030	118.81953677	3.099
31.88446830	118.81953686	3.099
31.88446630	118.81953694	3.099
31.88446430	118.81953703	3.098
31.88446230	118.81953712	3.098
31.88446029	118.81953722	3.099
31.88445828	118.81953731	3.099
31.88445627	118.81953740	3.099
31.88445426	118.81953748	3.099
31.88445224	118.81953757	3.098
31.88445022	118.81953766	3.098
31.88444821	118.81953774	3.098
31.88444618	118.81953784	3.098
31.88444416	118.81953793	3.098
31.88444214	118.81953802	3.098
31.88444011	118.81953812	3.097
31.88443809	118.81953821	3.097
31.88443606	118.81953830	3.097
31.88443402	118.81953839	3.097
31.88443199	118.81953848	3.096
31.88442997	118.81953858	3.095
31.88442796	118.81953867	3.095
31.88442595	118.81953877	3.094
31.88442394	118.81953887	3.094
31.88442192	118.81953897	3.093
31.88441990	118.81953907	3.093
31.88441789	118.81953917	3.092
31.88441587	118.81953926	3.091
31.88441385	118.81953936	3.091
31.88441183	118.81953947	3.090
31.88440980	118.81953958	3.090
31.88440778	118.81953968	3.089
31.88440575	118.81953979	3.089
31.88440373	118.81953990	3.088
31.88440170	118.81954001	3.087
31.88439967	118.81954011	3.086
31.88439764	118.81954023	3.085
31.88439561	118.81954034	3.085
31.88439358	118.81954046	3.084
31.88439155	118.81954058	3.084
31.88438950	118.81954071	3.083
31.88438744	118.81954083	3.082
31.88438537	118.81954097	3.082
31.88438331	118.81954110	3.081
31.88438124	118.81954124	3.080
31.88437918	118.81954139	3.080
31.88437711	118.81954153	3.079
31.88437504	118.81954168	3.079
31.88437297	118.81954183	3.079
31.88437090	118.81954198	3.079
31.88436883	118.81954212	3.079
31.88436676	118.81954227	3.079
31.88436469	118.81954241	3.080
31.88436262	118.81954255	3.080
31.88436054	118.81954270	3.081
31.88435847	118.81954284	3.081
31.88435639	118.81954298	3.082
31.88435431	118.81954312	3.082
31.88435223	118.81954325	3.082
31.88435014	118.81954339	3.083
31.88434806	118.81954352	3.083
31.88434597	118.81954364	3.083
31.88434388	118.81954375	3.084
31.88434178	118.81954387	3.084
31.88433969	118.81954398	3.084
31.88433760	118.81954409	3.084
31.88433550	118.81954421	3.084
31.88433340	118.81954432	3.084
31.88433131	118.81954444	3.084
31.88432921	118.81954455	3.084
31.88432710	118.81954467	3.084
31.88432500	118.81954478	3.084
31.88432289	118.81954489	3.084
31.88432079	118.81954500	3.083
31.88431868	118.81954511	3.083
31.88431657	118.81954523	3.083
31.88431446	118.81954535	3.082
31.88431235	118.81954547	3.082
31.88431024	118.81954560	3.082
31.88430812	118.81954572	3.081
31.88430602	118.81954586	3.080
31.88430392	118.81954601	3.079
31.88430182	118.81954616	3.078
31.88429972	118.81954632	3.078
31.88429762	118.81954648	3.077
31.88429552	118.81954665	3.077
31.88429341	118.81954681	3.077
31.88429131	118.81954698	3.076
31.88428920	118.81954714	3.075
31.88428710	118.81954731	3.075
31.88428499	118.81954747	3.074
31.88428288	118.81954765	3.074
31.88428077	118.81954782	3.073
31.88427865	118.81954799	3.073
31.88427654	118.81954817	3.072
31.88427443	118.81954835	3.072
31.88427231	118.81954852	3.071
31.88427019	118.81954869	3.071
31.88426807	118.81954887	3.070
31.88426596	118.81954905	3.070
31.88426383	118.81954924	3.071
31.88426169	118.81954943	3.070
31.88425955	118.81954964	3.070
31.88425740	118.81954984	3.070
31.88425526	118.81955004	3.070
31.88425311	118.81955025	3.070
31.88425097	118.81955045	3.070
31.88424882	118.81955065	3.070
31.88424666	118.81955085	3.071
31.88424451	118.81955104	3.071
31.88424236	118.81955124	3.071
31.88424020	118.81955145	3.071
31.88423805	118.81955165	3.071
31.88423590	118.81955185	3.071
31.88423374	118.81955205	3.071
31.88423158	118.81955225	3.070
31.88422942	118.81955245	3.070
31.88422726	118.81955265	3.070
31.88422510	118.81955285	3.069
31.88422294	118.81955306	3.069
31.88422077	118.81955325	3.069
31.88421860	118.81955344	3.069
31.88421643	118.81955362	3.069
31.88421426	118.81955380	3.069
31.88421209	118.81955399	3.070
31.88420992	118.81955416	3.070
31.88420774	118.81955432	3.070
31.88420557	118.81955449	3.070
31.88420339	118.81955465	3.071
31.88420122	118.81955482	3.072
31.88419904	118.81955500	3.072
31.88419686	118.81955518	3.073
31.88419468	118.81955535	3.074
31.88419250	118.81955552	3.074
31.88419032	118.81955568	3.075
31.88418813	118.81955584	3.075
31.88418595	118.81955599	3.075
31.88418377	118.81955615	3.076
31.88418158	118.81955631	3.076
31.88417940	118.81955647	3.077
31.88417723	118.81955664	3.077
31.88417507	118.81955679	3.078
31.88417290	118.81955695	3.078
31.88417074	118.81955710	3.078
31.88416858	118.81955725	3.079
31.88416642	118.81955741	3.079
31.88416425	118.81955757	3.079
31.88416208	118.81955772	3.079
31.88415992	118.81955787	3.080
31.88415775	118.81955802	3.080
31.88415558	118.81955816	3.079
31.88415341	118.81955831	3.079
31.88415124	118.81955846	3.080
31.88414907	118.81955861	3.080
31.88414690	118.81955877	3.080
31.88414473	118.81955893	3.080
31.88414255	118.81955908	3.080
31.88414038	118.81955922	3.080
31.88413820	118.81955937	3.080
31.88413602	118.81955951	3.080
31.88413385	118.81955966	3.080
31.88413167	118.81955982	3.080
31.88412949	118.81955998	3.080
31.88412732	118.81956015	3.080
31.88412514	118.81956031	3.080
31.88412297	118.81956048	3.080
31.88412079	118.81956064	3.079
31.88411861	118.81956080	3.079
31.88411643	118.81956096	3.079
31.88411424	118.81956112	3.079
31.88411206	118.81956128	3.078
31.88410988	118.81956144	3.077
31.88410770	118.81956161	3.077
31.88410551	118.81956178	3.076
31.88410333	118.81956196	3.076
31.88410115	118.81956214	3.075
31.88409897	118.81956232	3.075
31.88409679	118.81956250	3.074
31.88409460	118.81956268	3.074
31.88409242	118.81956286	3.074
31.88409022	118.81956304	3.074
31.88408801	118.81956321	3.073
31.88408580	118.81956339	3.073
31.88408358	118.81956356	3.072
31.88408137	118.81956374	3.072
31.88407916	118.81956391	3.072
31.88407695	118.81956409	3.072
31.88407474	118.81956426	3.072
31.88407253	118.81956442	3.071
31.88407031	118.81956460	3.072
31.88406810	118.81956478	3.072
31.88406589	118.81956495	3.072
31.88406367	118.81956513	3.072
31.88406146	118.81956530	3.072
31.88405924	118.81956547	3.073
31.88405702	118.81956564	3.073
31.88405481	118.81956582	3.074
31.88405259	118.81956599	3.075
31.88405037	118.81956616	3.077
31.88404816	118.81956632	3.078
31.88404593	118.81956649	3.079
31.88404370	118.81956667	3.079
31.88404147	118.81956683	3.080
31.88403924	118.81956700	3.081
31.88403702	118.81956717	3.082
31.88403479	118.81956734	3.082
31.88403257	118.81956751	3.083
31.88403034	118.81956768	3.083
31.88402810	118.81956784	3.083
31.88402587	118.81956800	3.084
31.88402364	118.81956816	3.084
31.88402141	118.81956831	3.084
31.88401917	118.81956847	3.084
31.88401694	118.81956863	3.084
31.88401471	118.81956880	3.085
31.88401247	118.81956897	3.085
31.88401024	118.81956913	3.085
31.88400800	118.81956928	3.085
31.88400577	118.81956944	3.085
31.88400353	118.81956960	3.085
31.88400129	118.81956974	3.085
31.88399906	118.81956989	3.085
31.88399683	118.81957003	3.085
31.88399460	118.81957017	3.085
31.88399238	118.81957030	3.085
31.88399015	118.81957044	3.084
31.88398793	118.81957057	3.084
31.88398571	118.81957071	3.084
31.88398349	118.81957086	3.083
31.88398127	118.81957100	3.083
31.88397905	118.81957115	3.083
31.88397683	118.81957129	3.084
31.88397462	118.81957143	3.084
31.88397241	118.81957157	3.084
31.88397020	118.81957171	3.084
31.88396799	118.81957185	3.084
31.88396579	118.81957200	3.084
31.88396358	118.81957214	3.084
31.88396138	118.81957228	3.084
31.88395918	118.81957241	3.084
31.88395699	118.81957254	3.084
31.88395480	118.81957267	3.084
31.88395262	118.81957280	3.084
31.88395044	118.81957293	3.084
31.88394827	118.81957306	3.084
31.88394611	118.81957319	3.083
31.88394395	118.81957332	3.083
31.88394181	118.81957345	3.083
31.88393967	118.81957358	3.083
31.88393754	118.81957371	3.083
31.88393543	118.81957384	3.083
31.88393332	118.81957397	3.083
31.88393122	118.81957409	3.082
31.88392912	118.81957422	3.082
31.88392704	118.81957434	3.081
31.88392496	118.81957446	3.080
31.88392290	118.81957459	3.080
31.88392084	118.81957473	3.080
31.88391880	118.81957486	3.079
31.88391676	118.81957499	3.078
31.88391473	118.81957513	3.076
31.88391272	118.81957527	3.075
31.88391071	118.81957542	3.074
31.88390871	118.81957557	3.073
31.88390673	118.81957573	3.073
31.88390475	118.81957588	3.072
31.88390278	118.81957603	3.072
31.88390082	118.81957618	3.072
31.88389887	118.81957632	3.071
31.88389692	118.81957646	3.071
31.88389498	118.81957661	3.070
31.88389305	118.81957675	3.070
31.88389113	118.81957690	3.070
31.88388922	118.81957706	3.070
31.88388732	118.81957721	3.070
31.88388542	118.81957736	3.070
31.88388353	118.81957750	3.069
31.88388165	118.81957765	3.069
31.88387978	118.81957780	3.069
31.88387792	118.81957794	3.068
31.88387607	118.81957809	3.068
31.88387422	118.81957824	3.068
31.88387238	118.81957840	3.068
31.88387055	118.81957855	3.067
31.88386872	118.81957870	3.067
31.88386690	118.81957885	3.067
31.88386509	118.81957901	3.067
31.88386149	118.81957932	3.067
31.88385792	118.81957963	3.067
31.88385438	118.81957994	3.067
31.88385087	118.81958024	3.067
31.88384740	118.81958054	3.067
31.88384395	118.81958084	3.067
31.88384052	118.81958114	3.067
31.88383712	118.81958142	3.068
31.88383373	118.81958168	3.068
31.88383038	118.81958192	3.068
31.88382706	118.81958218	3.068
31.88382377	118.81958245	3.069
31.88382051	118.81958271	3.070
31.88381727	118.81958295	3.071
31.88381402	118.81958319	3.071
31.88381074	118.81958342	3.072
31.88380746	118.81958366	3.072
31.88380420	118.81958390	3.073
31.88380091	118.81958413	3.073
31.88379761	118.81958437	3.074
31.88379428	118.81958461	3.074
31.88379092	118.81958484	3.075
31.88378755	118.81958506	3.076
31.88378415	118.81958529	3.076
31.88378074	118.81958553	3.076
31.88377729	118.81958576	3.077
31.88377384	118.81958600	3.077
31.88377034	118.81958625	3.077
31.88376683	118.81958649	3.077
31.88376329	118.81958674	3.078
31.88375974	118.81958699	3.078
31.88375618	118.81958725	3.078
31.88375262	118.81958750	3.079
31.88374907	118.81958774	3.079
31.88374552	118.81958799	3.079
31.88374201	118.81958824	3.079
31.88373851	118.81958849	3.079
31.88373503	118.81958873	3.079
31.88373158	118.81958896	3.079
31.88372817	118.81958919	3.079
31.88372478	118.81958944	3.079
31.88372142	118.81958967	3.080
31.88371809	118.81958989	3.080
31.88371480	118.81959010	3.080
31.88371153	118.81959033	3.080
31.88370830	118.81959056	3.080
31.88370510	118.81959078	3.080
31.88370193	118.81959099	3.080
31.88369879	118.81959120	3.080
31.88369568	118.81959142	3.080
31.88369261	118.81959166	3.080
31.88368960	118.81959189	3.080
31.88368666	118.81959208	3.080
31.88368378	118.81959228	3.080
31.88368098	118.81959248	3.080
31.88367824	118.81959269	3.080
31.88367558	118.81959289	3.080
31.88367297	118.81959309	3.080
31.88367045	118.81959329	3.080
31.88366800	118.81959347	3.080
31.88366563	118.81959365	3.079
31.88366333	118.81959384	3.079
31.88366109	118.81959402	3.080
