672103.847	3528980.265	6.208
672103.829	3528980.498	6.208
672103.811	3528980.738	6.209
672103.789	3528980.971	6.211
672103.766	3528981.239	6.213
672103.746	3528981.463	6.216
672103.726	3528981.705	6.220
672103.707	3528981.966	6.223
672103.688	3528982.243	6.226
672103.668	3528982.543	6.230
672103.655	3528982.752	6.232
672103.642	3528982.969	6.233
672103.628	3528983.194	6.233
672103.613	3528983.426	6.234
672103.601	3528983.664	6.235
672103.585	3528983.909	6.235
672103.569	3528984.159	6.235
672103.555	3528984.415	6.235
672103.541	3528984.681	6.235
672103.526	3528984.951	6.235
672103.510	3528985.230	6.235
672103.494	3528985.517	6.234
672103.478	3528985.813	6.234
672103.460	3528986.116	6.234
672103.442	3528986.427	6.234
672103.422	3528986.747	6.233
672103.406	3528987.074	6.232
672103.388	3528987.409	6.232
672103.366	3528987.752	6.231
672103.341	3528988.103	6.230
672103.316	3528988.463	6.229
672103.291	3528988.830	6.227
672103.266	3528989.202	6.226
672103.239	3528989.583	6.226
672103.211	3528989.970	6.225
672103.182	3528990.366	6.224
672103.167	3528990.567	6.224
672103.152	3528990.770	6.224
672103.138	3528990.973	6.223
672103.123	3528991.181	6.222
672103.108	3528991.390	6.221
672103.091	3528991.599	6.220
672103.073	3528991.808	6.219
672103.056	3528992.020	6.218
672103.038	3528992.235	6.218
672103.021	3528992.451	6.218
672103.006	3528992.669	6.218
672102.991	3528992.887	6.218
672102.974	3528993.107	6.217
672102.957	3528993.329	6.217
672102.939	3528993.553	6.217
672102.919	3528993.778	6.217
672102.900	3528994.004	6.217
672102.881	3528994.232	6.217
672102.863	3528994.462	6.216
672102.845	3528994.693	6.216
672102.828	3528994.926	6.216
672102.811	3528995.159	6.215
672102.792	3528995.395	6.215
672102.773	3528995.632	6.215
672102.754	3528995.871	6.215
672102.734	3528996.109	6.215
672102.714	3528996.347	6.214
672102.693	3528996.587	6.214
672102.672	3528996.826	6.214
672102.652	3528997.065	6.213
672102.632	3528997.305	6.213
672102.611	3528997.545	6.213
672102.591	3528997.785	6.213
672102.571	3528998.025	6.212
672102.551	3528998.265	6.212
672102.530	3528998.506	6.212
672102.508	3528998.748	6.211
672102.486	3528998.991	6.211
672102.463	3528999.233	6.211
672102.442	3528999.475	6.211
672102.422	3528999.720	6.211
672102.400	3528999.965	6.210
672102.379	3529000.211	6.210
672102.357	3529000.455	6.210
672102.335	3529000.700	6.209
672102.312	3529000.945	6.209
672102.290	3529001.191	6.209
672102.268	3529001.438	6.209
672102.246	3529001.686	6.209
672102.227	3529001.935	6.208
672102.205	3529002.185	6.208
672102.183	3529002.437	6.208
672102.161	3529002.689	6.208
672102.137	3529002.942	6.208
672102.114	3529003.196	6.208
672102.092	3529003.450	6.208
672102.070	3529003.704	6.208
672102.049	3529003.960	6.208
672102.027	3529004.217	6.209
672102.006	3529004.473	6.210
672101.983	3529004.731	6.211
672101.959	3529004.991	6.212
672101.937	3529005.252	6.213
672101.916	3529005.513	6.214
672101.896	3529005.775	6.215
672101.877	3529006.038	6.216
672101.857	3529006.302	6.217
672101.835	3529006.567	6.218
672101.814	3529006.833	6.219
672101.794	3529007.099	6.219
672101.775	3529007.365	6.220
672101.754	3529007.634	6.220
672101.735	3529007.904	6.220
672101.716	3529008.173	6.219
672101.695	3529008.444	6.218
672101.673	3529008.715	6.217
672101.651	3529008.988	6.217
672101.629	3529009.260	6.216
672101.607	3529009.533	6.216
672101.585	3529009.806	6.216
672101.563	3529010.081	6.215
672101.541	3529010.356	6.215
672101.518	3529010.632	6.215
672101.497	3529010.909	6.214
672101.475	3529011.188	6.214
672101.452	3529011.467	6.214
672101.429	3529011.746	6.213
672101.406	3529012.025	6.213
672101.384	3529012.306	6.213
672101.363	3529012.589	6.212
672101.341	3529012.871	6.212
672101.319	3529013.154	6.212
672101.298	3529013.436	6.212
672101.274	3529013.720	6.211
672101.250	3529014.005	6.211
672101.227	3529014.291	6.211
672101.205	3529014.577	6.211
672101.183	3529014.862	6.210
672101.160	3529015.149	6.210
672101.137	3529015.437	6.209
672101.112	3529015.726	6.209
672101.088	3529016.015	6.208
672101.064	3529016.305	6.208
672101.040	3529016.596	6.208
672101.015	3529016.887	6.207
672100.989	3529017.180	6.207
672100.962	3529017.473	6.207
672100.934	3529017.768	6.207
672100.906	3529018.063	6.207
672100.878	3529018.357	6.208
672100.851	3529018.652	6.209
672100.825	3529018.949	6.210
672100.799	3529019.246	6.211
672100.774	3529019.544	6.212
672100.749	3529019.842	6.213
672100.724	3529020.140	6.214
672100.699	3529020.440	6.215
672100.673	3529020.741	6.216
672100.648	3529021.043	6.217
672100.624	3529021.344	6.218
672100.601	3529021.646	6.219
672100.578	3529021.949	6.220
672100.554	3529022.253	6.220
672100.530	3529022.558	6.221
672100.505	3529022.861	6.221
672100.481	3529023.166	6.222
672100.459	3529023.474	6.223
672100.437	3529023.782	6.223
672100.415	3529024.089	6.224
672100.394	3529024.396	6.224
672100.372	3529024.705	6.225
672100.349	3529025.016	6.226
672100.327	3529025.325	6.226
672100.307	3529025.634	6.226
672100.286	3529025.945	6.227
672100.265	3529026.256	6.227
672100.244	3529026.569	6.227
672100.223	3529026.884	6.227
672100.202	3529027.197	6.227
672100.181	3529027.510	6.228
672100.159	3529027.824	6.228
672100.139	3529028.140	6.228
672100.117	3529028.459	6.228
672100.094	3529028.777	6.228
672100.073	3529029.094	6.228
672100.051	3529029.412	6.228
672100.029	3529029.733	6.228
672100.007	3529030.056	6.228
672099.986	3529030.378	6.228
672099.966	3529030.700	6.228
672099.946	3529031.022	6.228
672099.926	3529031.347	6.227
672099.904	3529031.672	6.227
672099.881	3529031.996	6.227
672099.859	3529032.323	6.226
672099.837	3529032.650	6.226
672099.814	3529032.979	6.226
672099.791	3529033.308	6.225
672099.767	3529033.637	6.224
672099.742	3529033.967	6.224
672099.717	3529034.298	6.223
672099.693	3529034.628	6.223
672099.666	3529034.957	6.222
672099.640	3529035.288	6.222
672099.614	3529035.622	6.222
672099.589	3529035.958	6.222
672099.563	3529036.293	6.221
672099.538	3529036.628	6.221
672099.512	3529036.965	6.221
672099.486	3529037.302	6.221
672099.461	3529037.640	6.221
672099.438	3529037.979	6.221
672099.413	3529038.317	6.221
672099.387	3529038.656	6.221
672099.363	3529038.996	6.221
672099.337	3529039.337	6.221
672099.311	3529039.679	6.222
672099.287	3529040.019	6.222
672099.262	3529040.360	6.222
672099.238	3529040.704	6.222
672099.213	3529041.049	6.222
672099.190	3529041.393	6.222
672099.165	3529041.737	6.222
672099.140	3529042.083	6.222
672099.114	3529042.430	6.222
672099.089	3529042.776	6.222
672099.065	3529043.124	6.222
672099.042	3529043.473	6.222
672099.017	3529043.825	6.221
672098.993	3529044.176	6.221
672098.966	3529044.527	6.221
672098.939	3529044.876	6.221
672098.913	3529045.226	6.221
672098.888	3529045.576	6.221
672098.863	3529045.925	6.221
672098.837	3529046.276	6.221
672098.812	3529046.630	6.221
672098.785	3529046.986	6.221
672098.759	3529047.342	6.221
672098.733	3529047.698	6.221
672098.707	3529048.055	6.221
672098.680	3529048.411	6.221
672098.655	3529048.768	6.221
672098.630	3529049.126	6.221
672098.602	3529049.484	6.221
672098.576	3529049.843	6.220
672098.548	3529050.202	6.220
672098.520	3529050.563	6.220
672098.491	3529050.924	6.220
672098.464	3529051.285	6.220
672098.436	3529051.645	6.220
672098.408	3529052.006	6.220
672098.379	3529052.368	6.219
672098.350	3529052.729	6.219
672098.320	3529053.090	6.219
672098.291	3529053.450	6.219
672098.262	3529053.808	6.219
672098.234	3529054.166	6.219
672098.205	3529054.523	6.219
672098.177	3529054.879	6.219
672098.149	3529055.233	6.219
672098.121	3529055.588	6.219
672098.092	3529055.942	6.219
672098.064	3529056.294	6.219
672098.035	3529056.645	6.219
672098.007	3529056.997	6.218
672097.979	3529057.346	6.218
672097.952	3529057.693	6.218
672097.925	3529058.040	6.218
672097.898	3529058.384	6.218
672097.870	3529058.727	6.218
672097.844	3529059.068	6.218
672097.817	3529059.410	6.218
672097.791	3529059.750	6.218
672097.765	3529060.088	6.218
672097.738	3529060.426	6.217
672097.710	3529060.764	6.217
672097.683	3529061.102	6.217
672097.657	3529061.438	6.217
672097.631	3529061.774	6.216
672097.604	3529062.111	6.215
672097.578	3529062.448	6.214
672097.550	3529062.784	6.214
672097.520	3529063.120	6.213
672097.491	3529063.457	6.213
672097.462	3529063.793	6.212
672097.431	3529064.126	6.211
672097.401	3529064.457	6.211
672097.371	3529064.790	6.210
672097.339	3529065.123	6.210
672097.308	3529065.455	6.209
672097.276	3529065.786	6.208
672097.244	3529066.116	6.208
672097.213	3529066.449	6.207
672097.183	3529066.782	6.207
672097.153	3529067.113	6.206
672097.123	3529067.443	6.206
672097.093	3529067.772	6.205
672097.062	3529068.103	6.205
672097.032	3529068.433	6.204
672097.001	3529068.763	6.204
672096.970	3529069.091	6.203
672096.939	3529069.421	6.203
672096.908	3529069.750	6.203
672096.876	3529070.076	6.202
672096.845	3529070.403	6.202
672096.816	3529070.730	6.202
672096.786	3529071.056	6.201
672096.757	3529071.379	6.201
672096.728	3529071.701	6.201
672096.696	3529072.024	6.200
672096.666	3529072.346	6.200
672096.636	3529072.665	6.200
672096.607	3529072.984	6.199
672096.577	3529073.300	6.199
672096.548	3529073.617	6.199
672096.519	3529073.930	6.199
672096.489	3529074.242	6.199
672096.459	3529074.553	6.199
672096.428	3529074.861	6.198
672096.399	3529075.168	6.198
672096.369	3529075.475	6.198
672096.340	3529075.781	6.198
672096.310	3529076.085	6.198
672096.281	3529076.388	6.198
672096.252	3529076.689	6.198
672096.222	3529076.989	6.198
672096.192	3529077.288	6.198
672096.165	3529077.587	6.198
672096.136	3529077.883	6.198
672096.107	3529078.177	6.198
672096.078	3529078.470	6.198
672096.050	3529078.761	6.198
672096.020	3529079.051	6.198
672095.991	3529079.340	6.198
672095.965	3529079.629	6.199
672095.939	3529079.914	6.199
672095.911	3529080.200	6.199
672095.884	3529080.484	6.201
672095.856	3529080.767	6.202
672095.830	3529081.049	6.204
672095.805	3529081.331	6.207
672095.782	3529081.609	6.210
672095.760	3529081.887	6.213
672095.739	3529082.165	6.216
672095.716	3529082.441	6.218
672095.694	3529082.716	6.221
672095.671	3529082.990	6.224
672095.652	3529083.264	6.227
672095.634	3529083.536	6.230
672095.614	3529083.806	6.232
672095.598	3529084.074	6.235
672095.580	3529084.341	6.238
672095.562	3529084.608	6.241
672095.546	3529084.875	6.245
672095.532	3529085.137	6.249
672095.520	3529085.398	6.253
672095.508	3529085.661	6.257
672095.496	3529085.923	6.261
672095.487	3529086.184	6.266
672095.478	3529086.443	6.270
672095.471	3529086.700	6.274
672095.465	3529086.956	6.279
672095.458	3529087.213	0.001
672095.454	3529087.470	0.007
672095.454	3529087.724	0.013
672095.455	3529087.974	0.019
672095.459	3529088.225	0.025
672095.465	3529088.476	0.031
672095.473	3529088.725	0.037
672095.480	3529088.971	0.042
672095.488	3529089.216	0.048
672095.499	3529089.459	0.054
672095.512	3529089.701	0.060
672095.526	3529089.943	0.067
672095.543	3529090.184	0.074
672095.562	3529090.423	0.080
672095.582	3529090.661	0.088
672095.604	3529090.898	0.095
672095.627	3529091.134	0.104
672095.652	3529091.368	0.113
672095.679	3529091.601	0.123
672095.709	3529091.831	0.133
672095.743	3529092.059	0.142
672095.778	3529092.287	0.151
672095.814	3529092.513	0.161
672095.848	3529092.770	0.170
672095.890	3529093.000	0.179
672095.927	3529093.222	0.189
672095.968	3529093.451	0.198
672096.015	3529093.668	0.208
672096.061	3529093.897	0.217
672096.109	3529094.125	0.226
672096.161	3529094.345	0.235
672096.216	3529094.570	0.245
672096.270	3529094.797	0.254
672096.326	3529095.019	0.263
672096.382	3529095.244	0.272
672096.440	3529095.464	0.281
672096.503	3529095.687	0.290
672096.571	3529095.907	0.298
672096.638	3529096.126	0.307
672096.709	3529096.347	0.316
672096.777	3529096.564	0.324
672096.849	3529096.786	0.333
672096.931	3529097.011	0.342
672097.002	3529097.225	0.350
672097.081	3529097.442	0.359
672097.157	3529097.665	0.368
672097.238	3529097.886	0.377
672097.328	3529098.105	0.386
672097.422	3529098.325	0.395
672097.516	3529098.543	0.404
672097.608	3529098.762	0.413
672097.702	3529098.978	0.423
672097.796	3529099.193	0.432
672097.891	3529099.414	0.442
672097.996	3529099.628	0.451
672098.100	3529099.847	0.461
672098.203	3529100.062	0.470
672098.307	3529100.264	0.480
672098.417	3529100.479	0.489
672098.527	3529100.695	0.498
672098.644	3529100.910	0.508
672098.762	3529101.122	0.517
672098.883	3529101.334	0.526
672099.003	3529101.545	0.534
672099.128	3529101.760	0.542
672099.255	3529101.971	0.550
672099.379	3529102.184	0.559
672099.507	3529102.398	0.567
672099.638	3529102.612	0.575
672099.768	3529102.823	0.584
672099.905	3529103.029	0.592
672100.044	3529103.238	0.600
672100.181	3529103.449	0.608
672100.327	3529103.656	0.616
672100.472	3529103.859	0.623
672100.617	3529104.066	0.631
672100.766	3529104.272	0.637
672100.915	3529104.477	0.644
672101.068	3529104.685	0.649
672101.221	3529104.893	0.654
672101.373	3529105.096	0.659
672101.531	3529105.299	0.664
672101.687	3529105.501	0.669
672101.843	3529105.706	0.673
672102.001	3529105.912	0.677
672102.164	3529106.115	0.681
672102.327	3529106.320	0.684
672102.491	3529106.520	0.686
672102.652	3529106.723	0.686
672102.818	3529106.925	0.686
672102.989	3529107.131	0.685
672103.148	3529107.338	0.682
672103.310	3529107.546	0.679
672103.470	3529107.753	0.676
672103.635	3529107.961	0.672
672103.796	3529108.179	0.668
672103.962	3529108.394	0.663
672104.127	3529108.603	0.658
672104.289	3529108.822	0.652
672104.448	3529109.041	0.647
672104.605	3529109.266	0.642
672104.764	3529109.488	0.637
672104.925	3529109.714	0.631
672105.082	3529109.933	0.625
672105.238	3529110.154	0.618
672105.400	3529110.378	0.611
672105.554	3529110.606	0.603
672105.703	3529110.840	0.595
672105.852	3529111.069	0.586
672105.993	3529111.297	0.578
672106.141	3529111.529	0.570
672106.285	3529111.762	0.560
672106.426	3529111.997	0.550
672106.558	3529112.238	0.539
672106.694	3529112.475	0.528
672106.824	3529112.714	0.516
672106.952	3529112.956	0.504
672107.078	3529113.200	0.492
672107.204	3529113.447	0.480
672107.328	3529113.695	0.467
672107.443	3529113.944	0.455
672107.561	3529114.194	0.442
672107.673	3529114.446	0.429
672107.776	3529114.699	0.416
672107.881	3529114.955	0.403
672107.981	3529115.211	0.390
672108.080	3529115.472	0.377
672108.178	3529115.733	0.365
672108.272	3529115.992	0.352
672108.360	3529116.254	0.340
672108.446	3529116.519	0.327
672108.527	3529116.783	0.313
672108.610	3529117.050	0.300
672108.684	3529117.316	0.286
672108.759	3529117.582	0.272
672108.821	3529117.849	0.259
672108.884	3529118.125	0.245
672108.946	3529118.397	0.232
672109.000	3529118.669	0.218
672109.052	3529118.939	0.205
672109.103	3529119.213	0.191
672109.150	3529119.489	0.178
672109.194	3529119.767	0.164
672109.230	3529120.042	0.151
672109.264	3529120.317	0.138
672109.293	3529120.595	0.126
672109.320	3529120.876	0.115
672109.343	3529121.155	0.104
672109.368	3529121.437	0.093
672109.388	3529121.713	0.083
672109.402	3529121.991	0.072
672109.417	3529122.270	0.061
672109.431	3529122.553	0.049
672109.437	3529122.830	0.037
672109.440	3529123.107	0.025
672109.442	3529123.387	0.012
672109.438	3529123.669	6.281
672109.423	3529123.945	6.268
672109.412	3529124.223	6.254
672109.393	3529124.499	6.241
672109.374	3529124.777	6.227
672109.351	3529125.058	6.214
672109.336	3529125.338	6.200
672109.304	3529125.615	6.186
672109.268	3529125.891	6.172
672109.228	3529126.166	6.158
672109.184	3529126.442	6.143
672109.137	3529126.717	6.129
672109.087	3529126.990	6.114
672109.032	3529127.262	6.100
672108.973	3529127.533	6.086
672108.911	3529127.803	6.071
672108.843	3529128.072	6.057
672108.773	3529128.340	6.043
672108.700	3529128.607	6.029
672108.623	3529128.872	6.015
672108.541	3529129.137	6.000
672108.456	3529129.400	5.986
672108.368	3529129.661	5.972
672108.276	3529129.921	5.958
672108.179	3529130.179	5.944
672108.079	3529130.436	5.929
672107.976	3529130.691	5.915
672107.870	3529130.944	5.900
672107.760	3529131.195	5.886
672107.647	3529131.446	5.871
672107.531	3529131.695	5.856
672107.410	3529131.942	5.841
672107.285	3529132.186	5.826
672107.156	3529132.427	5.811
672107.023	3529132.666	5.796
672106.887	3529132.904	5.782
672106.748	3529133.140	5.767
672106.606	3529133.373	5.752
672106.460	3529133.605	5.737
672106.312	3529133.835	5.722
672106.159	3529134.062	5.707
672106.003	3529134.287	5.692
672105.844	3529134.508	5.677
672105.682	3529134.728	5.661
672105.517	3529134.945	5.646
672105.347	3529135.160	5.630
672105.176	3529135.374	5.615
672105.002	3529135.585	5.599
672104.825	3529135.793	5.584
672104.646	3529135.998	5.568
672104.463	3529136.201	5.553
672104.277	3529136.400	5.537
672104.087	3529136.596	5.521
672103.895	3529136.788	5.506
672103.701	3529136.977	5.490
672103.504	3529137.164	5.474
672103.303	3529137.347	5.458
672103.099	3529137.527	5.443
672102.893	3529137.703	5.427
672102.684	3529137.876	5.412
672102.471	3529138.045	5.396
672102.257	3529138.211	5.381
672102.040	3529138.374	5.365
672101.819	3529138.535	5.350
672101.597	3529138.691	5.335
672101.372	3529138.844	5.319
672101.144	3529138.992	5.304
672100.913	3529139.136	5.289
672100.680	3529139.277	5.274
672100.444	3529139.414	5.259
672100.206	3529139.547	5.243
672099.967	3529139.677	5.229
672099.726	3529139.803	5.214
672099.483	3529139.927	5.199
672099.238	3529140.048	5.184
672098.992	3529140.164	5.170
672098.744	3529140.277	5.155
672098.493	3529140.385	5.140
672098.242	3529140.488	5.125
672097.990	3529140.588	5.111
672097.737	3529140.685	5.096
672097.483	3529140.779	5.081
672097.228	3529140.868	5.066
672096.971	3529140.953	5.051
672096.713	3529141.034	5.036
672096.453	3529141.110	5.021
672096.193	3529141.183	5.006
672095.932	3529141.253	4.990
672095.671	3529141.320	4.975
672095.410	3529141.381	4.959
672095.147	3529141.437	4.943
672094.884	3529141.490	4.928
672094.621	3529141.538	4.912
672094.356	3529141.581	4.897
672094.092	3529141.623	4.881
672093.827	3529141.661	4.866
672093.561	3529141.693	4.850
672093.293	3529141.723	4.834
672093.025	3529141.747	4.819
672092.757	3529141.766	4.804
672092.489	3529141.782	4.789
672092.221	3529141.795	4.775
672091.953	3529141.805	4.760
672091.685	3529141.810	4.745
672091.417	3529141.810	4.730
672091.149	3529141.807	4.715
672090.880	3529141.800	4.700
672090.610	3529141.789	4.685
672090.341	3529141.774	4.670
672090.071	3529141.755	4.655
672089.800	3529141.733	4.640
672089.530	3529141.705	4.625
672089.260	3529141.674	4.610
672088.991	3529141.639	4.595
672088.724	3529141.601	4.580
672088.457	3529141.558	4.565
672088.190	3529141.511	4.550
672087.923	3529141.459	4.536
672087.658	3529141.404	4.521
672087.393	3529141.345	4.506
672087.130	3529141.282	4.491
672086.866	3529141.215	4.477
672086.603	3529141.145	4.462
672086.341	3529141.071	4.447
672086.080	3529140.992	4.432
672085.822	3529140.909	4.418
672085.564	3529140.824	4.403
672085.307	3529140.736	4.388
672085.050	3529140.643	4.374
672084.796	3529140.548	4.360
672084.543	3529140.449	4.345
672084.292	3529140.346	4.331
672084.041	3529140.237	4.318
672083.792	3529140.126	4.305
672083.545	3529140.012	4.292
672083.298	3529139.896	4.279
672083.052	3529139.776	4.267
672082.806	3529139.653	4.255
672082.563	3529139.526	4.243
672082.322	3529139.396	4.231
672082.083	3529139.264	4.220
672081.846	3529139.128	4.209
672081.609	3529138.990	4.198
672081.373	3529138.851	4.187
672081.139	3529138.710	4.175
672080.907	3529138.566	4.164
672080.677	3529138.418	4.153
672080.449	3529138.266	4.142
672080.222	3529138.111	4.131
672079.997	3529137.953	4.120
672079.773	3529137.794	4.110
672079.551	3529137.633	4.100
672079.329	3529137.470	4.092
672079.110	3529137.304	4.084
672078.892	3529137.138	4.076
672078.675	3529136.970	4.069
672078.459	3529136.802	4.062
672078.244	3529136.632	4.056
672078.029	3529136.460	4.049
672077.815	3529136.287	4.043
672077.603	3529136.111	4.037
672077.393	3529135.934	4.031
672077.183	3529135.756	4.025
672076.973	3529135.577	4.018
672076.764	3529135.397	4.012
672076.556	3529135.215	4.007
672076.348	3529135.032	4.001
672076.141	3529134.849	3.998
672075.934	3529134.663	3.994
672075.728	3529134.477	3.991
672075.523	3529134.290	3.989
672075.317	3529134.105	3.988
672075.113	3529133.918	3.986
672074.908	3529133.730	3.986
672074.703	3529133.542	3.986
672074.497	3529133.355	3.986
672074.292	3529133.168	3.987
672074.085	3529132.981	3.987
672073.878	3529132.795	3.988
672073.671	3529132.608	3.988
672073.465	3529132.421	3.988
672073.258	3529132.233	3.989
672073.051	3529132.046	3.990
672072.843	3529131.859	3.991
672072.636	3529131.673	3.994
672072.428	3529131.489	3.997
672072.219	3529131.305	4.001
672072.011	3529131.122	4.006
672071.799	3529130.940	4.011
672071.586	3529130.760	4.016
672071.372	3529130.583	4.021
672071.156	3529130.406	4.026
672070.939	3529130.228	4.031
672070.721	3529130.050	4.037
672070.503	3529129.874	4.043
672070.284	3529129.699	4.049
672070.065	3529129.525	4.055
672069.843	3529129.353	4.061
672069.620	3529129.183	4.066
672069.398	3529129.013	4.072
672069.175	3529128.844	4.077
672068.951	3529128.676	4.083
672068.725	3529128.509	4.090
672068.499	3529128.342	4.096
672068.271	3529128.178	4.103
672068.042	3529128.016	4.110
672067.812	3529127.854	4.117
672067.580	3529127.694	4.124
672067.346	3529127.535	4.131
672067.111	3529127.379	4.138
672066.873	3529127.223	4.146
672066.635	3529127.069	4.154
672066.396	3529126.917	4.162
672066.156	3529126.765	4.171
672065.913	3529126.617	4.180
672065.668	3529126.471	4.189
672065.422	3529126.329	4.198
672065.176	3529126.189	4.206
672064.927	3529126.052	4.215
672064.677	3529125.917	4.224
672064.425	3529125.783	4.233
672064.170	3529125.651	4.242
672063.913	3529125.520	4.252
672063.656	3529125.394	4.261
672063.397	3529125.270	4.270
672063.136	3529125.147	4.279
672062.874	3529125.027	4.288
672062.611	3529124.908	4.297
672062.350	3529124.791	4.305
672062.090	3529124.676	4.314
672061.830	3529124.564	4.323
672061.568	3529124.453	4.331
672061.305	3529124.345	4.340
672061.040	3529124.239	4.348
672060.772	3529124.136	4.357
672060.502	3529124.034	4.365
672060.230	3529123.932	4.374
672059.957	3529123.832	4.382
672059.682	3529123.735	4.391
672059.407	3529123.641	4.399
672059.131	3529123.550	4.408
672058.855	3529123.461	4.416
672058.577	3529123.375	4.424
672058.301	3529123.292	4.433
672058.025	3529123.212	4.441
672057.748	3529123.134	4.450
672057.470	3529123.057	4.458
672057.190	3529122.982	4.466
672056.911	3529122.909	4.474
672056.630	3529122.840	4.482
672056.348	3529122.773	4.489
672056.064	3529122.708	4.497
672055.780	3529122.645	4.504
672055.496	3529122.585	4.510
672055.212	3529122.525	4.516
672054.927	3529122.465	4.522
672054.642	3529122.407	4.527
672054.357	3529122.351	4.533
672054.072	3529122.296	4.538
672053.786	3529122.245	4.542
672053.499	3529122.194	4.545
672053.213	3529122.144	4.548
672052.926	3529122.094	4.551
672052.638	3529122.043	4.553
672052.351	3529121.992	4.555
672052.063	3529121.943	4.557
672051.775	3529121.893	4.558
672051.487	3529121.843	4.559
672051.198	3529121.794	4.561
672050.909	3529121.745	4.561
672050.621	3529121.696	4.562
672050.333	3529121.648	4.563
672050.044	3529121.600	4.564
672049.755	3529121.550	4.566
672049.466	3529121.502	4.567
672049.175	3529121.456	4.567
672048.885	3529121.408	4.568
672048.595	3529121.361	4.568
672048.302	3529121.314	4.569
672048.010	3529121.266	4.569
672047.716	3529121.217	4.570
672047.422	3529121.170	4.570
672047.128	3529121.123	4.571
672046.832	3529121.074	4.572
672046.535	3529121.027	4.572
672046.238	3529120.979	4.573
672045.939	3529120.933	4.573
672045.640	3529120.890	4.574
672045.339	3529120.847	4.575
672045.038	3529120.804	4.576
672044.735	3529120.761	4.576
672044.431	3529120.717	4.576
672044.125	3529120.672	4.577
672043.817	3529120.628	4.577
672043.508	3529120.584	4.578
672043.197	3529120.540	4.578
672042.885	3529120.495	4.577
672042.571	3529120.451	4.577
672042.256	3529120.407	4.577
672041.941	3529120.362	4.576
672041.624	3529120.317	4.576
672041.305	3529120.271	4.576
672040.985	3529120.224	4.575
672040.665	3529120.176	4.575
672040.343	3529120.130	4.574
672040.020	3529120.083	4.574
672039.694	3529120.035	4.573
672039.368	3529119.987	4.572
672039.042	3529119.937	4.571
672038.715	3529119.886	4.570
672038.385	3529119.836	4.569
672038.055	3529119.784	4.569
672037.725	3529119.731	4.568
672037.395	3529119.680	4.567
672037.062	3529119.627	4.567
672036.727	3529119.575	4.567
672036.391	3529119.522	4.566
672036.056	3529119.469	4.566
672035.720	3529119.415	4.565
672035.381	3529119.360	4.565
672035.042	3529119.305	4.565
672034.702	3529119.252	4.564
672034.362	3529119.198	4.564
672034.021	3529119.143	4.564
672033.679	3529119.088	4.564
672033.336	3529119.033	4.563
672032.992	3529118.976	4.563
672032.645	3529118.919	4.563
672032.299	3529118.862	4.563
672031.952	3529118.805	4.562
672031.603	3529118.747	4.562
672031.254	3529118.689	4.562
672030.904	3529118.630	4.562
672030.554	3529118.571	4.562
672030.203	3529118.512	4.562
672029.851	3529118.454	4.562
672029.497	3529118.397	4.562
672029.142	3529118.338	4.563
672028.787	3529118.279	4.564
672028.432	3529118.220	4.565
672028.076	3529118.162	4.567
672027.717	3529118.105	4.568
672027.357	3529118.049	4.569
672026.997	3529117.993	4.569
672026.637	3529117.936	4.569
672026.276	3529117.878	4.569
672025.913	3529117.820	4.569
672025.551	3529117.763	4.569
672025.189	3529117.707	4.568
672024.827	3529117.649	4.568
672024.462	3529117.591	4.568
672024.097	3529117.533	4.568
672023.732	3529117.475	4.567
672023.367	3529117.416	4.567
672023.001	3529117.357	4.567
672022.632	3529117.299	4.567
672022.263	3529117.241	4.567
672021.893	3529117.183	4.567
672021.524	3529117.125	4.567
672021.155	3529117.066	4.567
672020.786	3529117.005	4.567
672020.416	3529116.945	4.567
672020.046	3529116.886	4.567
672019.674	3529116.827	4.566
672019.300	3529116.767	4.566
672018.924	3529116.709	4.566
672018.548	3529116.647	4.566
672018.170	3529116.585	4.566
672017.792	3529116.523	4.566
672017.417	3529116.461	4.567
672017.043	3529116.402	4.567
672016.666	3529116.340	4.567
672016.288	3529116.279	4.567
672015.911	3529116.217	4.566
672015.532	3529116.155	4.566
672015.152	3529116.093	4.566
672014.772	3529116.031	4.566
672014.393	3529115.967	4.566
672014.014	3529115.904	4.566
672013.634	3529115.840	4.566
672013.254	3529115.778	4.566
672012.873	3529115.715	4.566
672012.492	3529115.653	4.566
672012.111	3529115.588	4.565
672011.728	3529115.525	4.565
672011.345	3529115.461	4.565
672010.960	3529115.399	4.565
672010.576	3529115.340	4.565
672010.192	3529115.280	4.565
672009.808	3529115.221	4.565
672009.422	3529115.163	4.565
672009.035	3529115.103	4.565
672008.651	3529115.044	4.565
672008.266	3529114.985	4.565
672007.882	3529114.927	4.566
672007.497	3529114.870	4.566
672007.113	3529114.811	4.566
672006.728	3529114.751	4.566
672006.341	3529114.691	4.567
672005.955	3529114.632	4.567
672005.570	3529114.574	4.567
672005.185	3529114.515	4.567
672004.802	3529114.455	4.568
672004.419	3529114.395	4.568
672004.037	3529114.336	4.568
672003.656	3529114.276	4.569
672003.276	3529114.216	4.569
672002.896	3529114.155	4.570
672002.515	3529114.097	4.570
672002.136	3529114.037	4.570
672001.757	3529113.977	4.570
672001.377	3529113.916	4.570
672000.997	3529113.855	4.570
672000.618	3529113.798	4.571
672000.241	3529113.738	4.571
671999.862	3529113.678	4.571
671999.484	3529113.619	4.570
671999.106	3529113.561	4.570
671998.731	3529113.502	4.570
671998.357	3529113.442	4.570
671997.982	3529113.381	4.569
671997.606	3529113.321	4.569
671997.230	3529113.261	4.568
671996.854	3529113.201	4.567
671996.477	3529113.140	4.567
671996.098	3529113.078	4.566
671995.720	3529113.016	4.565
671995.343	3529112.955	4.565
671994.966	3529112.895	4.565
671994.590	3529112.836	4.565
671994.216	3529112.776	4.564
671993.841	3529112.714	4.564
671993.466	3529112.652	4.563
671993.092	3529112.590	4.563
671992.719	3529112.529	4.563
671992.343	3529112.466	4.563
671991.967	3529112.404	4.562
671991.592	3529112.343	4.562
671991.219	3529112.281	4.562
671990.846	3529112.219	4.562
671990.473	3529112.158	4.562
671990.100	3529112.097	4.562
671989.727	3529112.035	4.562
671989.353	3529111.972	4.562
671988.980	3529111.909	4.561
671988.607	3529111.847	4.562
671988.235	3529111.785	4.562
671987.862	3529111.724	4.563
671987.490	3529111.662	4.564
671987.118	3529111.600	4.565
671986.746	3529111.539	4.566
671986.373	3529111.479	4.567
671986.001	3529111.419	4.568
671985.631	3529111.360	4.569
671985.262	3529111.300	4.570
671984.892	3529111.241	4.571
671984.521	3529111.183	4.572
671984.151	3529111.126	4.573
671983.784	3529111.069	4.573
671983.416	3529111.011	4.574
671983.049	3529110.953	4.574
671982.682	3529110.897	4.575
671982.319	3529110.842	4.575
671981.957	3529110.787	4.575
671981.594	3529110.731	4.575
671981.233	3529110.675	4.575
671980.876	3529110.622	4.576
671980.521	3529110.569	4.576
671980.168	3529110.518	4.576
671979.816	3529110.467	4.576
671979.466	3529110.416	4.576
671979.116	3529110.366	4.576
671978.767	3529110.314	4.576
671978.419	3529110.263	4.575
671978.073	3529110.212	4.575
671977.728	3529110.161	4.575
671977.383	3529110.110	4.575
671977.039	3529110.059	4.575
671976.698	3529110.009	4.575
671976.358	3529109.959	4.575
671976.019	3529109.909	4.575
671975.681	3529109.860	4.575
671975.344	3529109.810	4.575
671975.008	3529109.761	4.574
671974.674	3529109.711	4.574
671974.342	3529109.662	4.574
671974.009	3529109.612	4.574
671973.675	3529109.561	4.573
671973.342	3529109.508	4.572
671973.012	3529109.456	4.572
671972.684	3529109.405	4.571
671972.355	3529109.353	4.570
671972.026	3529109.302	4.570
671971.698	3529109.251	4.569
671971.371	3529109.200	4.568
671971.045	3529109.147	4.568
671970.717	3529109.092	4.567
671970.390	3529109.039	4.567
671970.063	3529108.987	4.567
671969.736	3529108.935	4.566
671969.408	3529108.882	4.565
671969.080	3529108.829	4.565
671968.754	3529108.774	4.564
671968.427	3529108.720	4.564
671968.101	3529108.666	4.564
671967.776	3529108.613	4.564
671967.451	3529108.560	4.564
671967.126	3529108.507	4.563
671966.801	3529108.454	4.563
671966.477	3529108.400	4.563
671966.153	3529108.346	4.563
671965.829	3529108.292	4.563
671965.505	3529108.239	4.563
671965.182	3529108.188	4.563
671964.859	3529108.137	4.562
671964.535	3529108.083	4.562
671964.210	3529108.029	4.562
671963.887	3529107.976	4.562
671963.564	3529107.922	4.562
671963.240	3529107.868	4.562
671962.916	3529107.816	4.562
671962.593	3529107.762	4.562
671962.270	3529107.710	4.562
671961.948	3529107.657	4.563
671961.625	3529107.603	4.563
671961.302	3529107.551	4.564
671960.979	3529107.498	4.565
671960.657	3529107.445	4.565
671960.334	3529107.392	4.566
671960.012	3529107.340	4.566
671959.690	3529107.288	4.567
671959.369	3529107.236	4.568
671959.049	3529107.185	4.568
671958.731	3529107.134	4.569
671958.413	3529107.083	4.569
671958.095	3529107.033	4.569
671957.779	3529106.984	4.569
671957.463	3529106.935	4.569
671957.148	3529106.886	4.569
671956.834	3529106.836	4.569
671956.522	3529106.786	4.569
671956.211	3529106.736	4.570
671955.901	3529106.688	4.570
671955.592	3529106.639	4.571
671955.285	3529106.590	4.571
671954.978	3529106.543	4.571
671954.673	3529106.496	4.571
671954.368	3529106.450	4.572
671954.064	3529106.406	4.572
671953.762	3529106.362	4.572
671953.460	3529106.317	4.572
671953.160	3529106.271	4.572
671952.862	3529106.226	4.572
671952.565	3529106.181	4.573
671952.267	3529106.135	4.573
671951.972	3529106.092	4.573
671951.678	3529106.049	4.574
671951.385	3529106.006	4.574
671951.092	3529105.962	4.574
671950.801	3529105.918	4.575
671950.510	3529105.875	4.575
671950.221	3529105.832	4.576
671949.933	3529105.790	4.577
671949.645	3529105.748	4.578
671949.358	3529105.706	4.580
671949.073	3529105.665	4.581
671948.789	3529105.627	4.582
671948.504	3529105.587	4.584
671948.221	3529105.546	4.584
671947.939	3529105.507	4.585
671947.659	3529105.468	4.586
671947.378	3529105.428	4.586
671947.098	3529105.390	4.587
671946.820	3529105.353	4.587
671946.543	3529105.316	4.587
671946.268	3529105.278	4.587
671945.993	3529105.239	4.587
671945.719	3529105.200	4.587
671945.447	3529105.162	4.588
671945.175	3529105.125	4.588
671944.905	3529105.088	4.588
671944.635	3529105.052	4.588
671944.367	3529105.016	4.589
671944.100	3529104.980	4.589
671943.832	3529104.943	4.589
671943.566	3529104.906	4.590
671943.302	3529104.870	4.591
671943.039	3529104.833	4.592
671942.778	3529104.796	4.592
671942.518	3529104.760	4.593
671942.258	3529104.723	4.594
671941.999	3529104.687	4.594
671941.740	3529104.652	4.595
671941.481	3529104.617	4.596
671941.223	3529104.583	4.597
671940.964	3529104.549	4.597
671940.704	3529104.514	4.598
671940.444	3529104.479	4.599
671940.185	3529104.443	4.599
671939.926	3529104.409	4.600
671939.667	3529104.375	4.601
671939.408	3529104.342	4.602
671939.149	3529104.309	4.602
671938.890	3529104.277	4.603
671938.631	3529104.244	4.604
671938.373	3529104.211	4.604
671938.115	3529104.180	4.605
671937.857	3529104.149	4.606
671937.599	3529104.118	4.606
671937.342	3529104.088	4.607
671937.086	3529104.059	4.607
671936.831	3529104.029	4.608
671936.577	3529104.000	4.609
671936.323	3529103.971	4.610
671936.071	3529103.943	4.610
671935.820	3529103.915	4.611
671935.571	3529103.886	4.612
671935.321	3529103.858	4.612
671935.072	3529103.830	4.613
671934.825	3529103.802	4.614
671934.579	3529103.775	4.614
671934.333	3529103.749	4.615
671934.088	3529103.724	4.615
671933.845	3529103.699	4.616
671933.603	3529103.673	4.616
671933.361	3529103.646	4.617
671933.121	3529103.619	4.618
671932.882	3529103.592	4.619
671932.645	3529103.565	4.619
671932.408	3529103.539	4.620
671932.171	3529103.515	4.620
671931.936	3529103.491	4.621
671931.702	3529103.466	4.621
671931.469	3529103.441	4.622
671931.236	3529103.416	4.623
671931.005	3529103.392	4.623
671930.775	3529103.369	4.623
671930.546	3529103.345	4.624
671930.319	3529103.322	4.623
671930.095	3529103.299	4.623
671929.873	3529103.275	4.623
671929.652	3529103.251	4.623
671929.433	3529103.228	4.623
671929.217	3529103.206	4.623
671929.003	3529103.185	4.623
671928.791	3529103.164	4.622
671928.580	3529103.142	4.620
671928.371	3529103.120	4.618
671928.166	3529103.096	4.615
671927.963	3529103.071	4.612
671927.762	3529103.045	4.608
671927.368	3529102.995	4.598
671926.983	3529102.941	4.587
671926.609	3529102.882	4.575
671926.243	3529102.818	4.563
671925.881	3529102.752	4.551
671925.524	3529102.685	4.538
671925.171	3529102.612	4.524
671924.822	3529102.534	4.508
671924.479	3529102.452	4.491
671924.140	3529102.366	4.471
671923.807	3529102.273	4.448
671923.479	3529102.174	4.423
671923.158	3529102.068	4.399
671922.841	3529101.956	4.373
671922.531	3529101.838	4.345
671922.227	3529101.713	4.314
671921.933	3529101.577	4.281
671921.647	3529101.431	4.245
671921.372	3529101.271	4.208
671921.108	3529101.102	4.170
671920.856	3529100.926	4.131
671920.613	3529100.741	4.093
671920.380	3529100.552	4.055
671920.157	3529100.356	4.017
671919.945	3529100.154	3.979
671919.744	3529099.948	3.941
671919.553	3529099.735	3.903
671919.375	3529099.519	3.865
671919.208	3529099.304	3.827
671919.051	3529099.087	3.788
671918.903	3529098.870	3.748
671918.767	3529098.652	3.708
671918.640	3529098.434	3.667
671918.527	3529098.215	3.622
671918.430	3529097.994	3.576
671918.348	3529097.772	3.531
671918.275	3529097.551	3.485
671918.212	3529097.329	3.440
671918.158	3529097.111	3.396
671918.112	3529096.892	3.351
671918.076	3529096.676	3.304
671918.051	3529096.461	3.258
671918.037	3529096.249	3.212
671918.033	3529096.040	3.166
671918.038	3529095.835	3.120
671918.052	3529095.635	3.074
671918.092	3529095.342	3.005
671918.152	3529095.062	2.934
671918.232	3529094.792	2.864
671918.331	3529094.535	2.795
671918.445	3529094.291	2.725
671918.568	3529094.060	2.656
671918.707	3529093.841	2.587
671918.857	3529093.636	2.521
671919.014	3529093.442	2.454
671919.182	3529093.262	2.390
671919.359	3529093.097	2.326
671919.542	3529092.947	2.264
671919.731	3529092.811	2.203
671919.926	3529092.687	2.145
671920.128	3529092.575	2.092
671920.338	3529092.473	2.042
671920.556	3529092.381	1.992
671920.780	3529092.300	1.945
671921.010	3529092.224	1.899
671921.248	3529092.161	1.855
671921.492	3529092.106	1.813
671921.742	3529092.061	1.771
671921.998	3529092.026	1.730
671922.257	3529092.001	1.692
671922.522	3529091.986	1.658
671922.791	3529091.974	1.628
671923.065	3529091.973	1.599
671923.347	3529091.978	1.572
671923.636	3529091.986	1.547
671923.931	3529092.001	1.529
671924.231	3529092.016	1.516
671924.435	3529092.029	1.510
671924.641	3529092.045	1.504
671924.848	3529092.062	1.499
671925.059	3529092.078	1.496
671925.271	3529092.094	1.492
671925.488	3529092.115	1.490
671925.711	3529092.136	1.488
671925.939	3529092.158	1.486
671926.173	3529092.182	1.484
671926.412	3529092.207	1.482
671926.657	3529092.233	1.480
671926.911	3529092.260	1.478
671927.170	3529092.288	1.476
671927.435	3529092.316	1.473
671927.707	3529092.345	1.470
671927.985	3529092.379	1.467
671928.268	3529092.416	1.464
671928.558	3529092.454	1.461
671928.853	3529092.494	1.458
671929.155	3529092.539	1.453
671929.464	3529092.585	1.449
671929.779	3529092.629	1.444
671930.098	3529092.676	1.440
671930.426	3529092.727	1.436
671930.759	3529092.779	1.432
671931.100	3529092.831	1.429
671931.446	3529092.888	1.426
671931.801	3529092.945	1.423
671932.164	3529093.006	1.419
671932.535	3529093.069	1.418
671932.914	3529093.132	1.417
671933.301	3529093.197	1.417
671933.696	3529093.264	1.417
671933.896	3529093.298	1.417
671934.098	3529093.332	1.416
671934.302	3529093.366	1.416
671934.509	3529093.402	1.416
671934.717	3529093.437	1.416
671934.928	3529093.473	1.415
671935.140	3529093.511	1.415
671935.355	3529093.549	1.415
671935.571	3529093.587	1.414
671935.789	3529093.624	1.414
671936.009	3529093.662	1.414
671936.231	3529093.700	1.414
671936.455	3529093.738	1.414
671936.679	3529093.777	1.414
671936.905	3529093.817	1.414
671937.133	3529093.857	1.414
671937.363	3529093.897	1.414
671937.595	3529093.938	1.415
671937.828	3529093.978	1.415
671938.063	3529094.018	1.415
671938.300	3529094.059	1.415
671938.538	3529094.099	1.415
671938.778	3529094.140	1.415
671939.020	3529094.182	1.415
671939.263	3529094.224	1.415
671939.506	3529094.265	1.416
671939.750	3529094.306	1.416
671939.997	3529094.347	1.416
671940.246	3529094.389	1.416
671940.495	3529094.430	1.416
671940.745	3529094.473	1.417
671940.998	3529094.516	1.417
671941.253	3529094.558	1.417
671941.509	3529094.600	1.417
671941.766	3529094.643	1.418
671942.026	3529094.685	1.418
671942.286	3529094.727	1.418
671942.546	3529094.771	1.418
671942.809	3529094.816	1.418
671943.075	3529094.859	1.418
671943.341	3529094.903	1.419
671943.608	3529094.947	1.419
671943.877	3529094.991	1.419
671944.146	3529095.034	1.419
671944.418	3529095.079	1.419
671944.692	3529095.125	1.419
671944.967	3529095.171	1.419
671945.242	3529095.216	1.420
671945.520	3529095.262	1.420
671945.799	3529095.307	1.420
671946.079	3529095.352	1.420
671946.360	3529095.399	1.420
671946.642	3529095.446	1.420
671946.926	3529095.493	1.421
671947.211	3529095.540	1.421
671947.497	3529095.587	1.421
671947.783	3529095.634	1.421
671948.071	3529095.681	1.421
671948.362	3529095.728	1.421
671948.654	3529095.776	1.421
671948.946	3529095.824	1.422
671949.240	3529095.872	1.421
671949.536	3529095.921	1.421
671949.833	3529095.970	1.421
671950.130	3529096.020	1.421
671950.429	3529096.070	1.421
671950.728	3529096.121	1.421
671951.029	3529096.172	1.421
671951.331	3529096.222	1.421
671951.634	3529096.274	1.421
671951.939	3529096.327	1.421
671952.246	3529096.379	1.420
671952.555	3529096.431	1.420
671952.863	3529096.483	1.420
671953.172	3529096.535	1.419
671953.482	3529096.589	1.419
671953.793	3529096.644	1.418
671954.106	3529096.699	1.418
671954.419	3529096.753	1.418
671954.732	3529096.807	1.418
671955.047	3529096.861	1.417
671955.365	3529096.916	1.416
671955.684	3529096.972	1.416
671956.003	3529097.028	1.415
671956.322	3529097.084	1.415
671956.642	3529097.140	1.414
671956.964	3529097.196	1.414
671957.287	3529097.252	1.413
671957.611	3529097.308	1.412
671957.935	3529097.365	1.410
671958.259	3529097.422	1.409
671958.585	3529097.480	1.407
671958.911	3529097.539	1.406
671959.238	3529097.600	1.406
671959.566	3529097.660	1.405
671959.896	3529097.720	1.405
671960.227	3529097.780	1.405
671960.558	3529097.840	1.404
671960.890	3529097.900	1.404
671961.222	3529097.962	1.403
671961.554	3529098.024	1.403
671961.886	3529098.085	1.403
671962.216	3529098.146	1.402
671962.547	3529098.208	1.402
671962.879	3529098.269	1.401
671963.211	3529098.330	1.401
671963.542	3529098.391	1.401
671963.872	3529098.451	1.400
671964.203	3529098.512	1.399
671964.534	3529098.574	1.399
671964.865	3529098.636	1.399
671965.195	3529098.698	1.398
671965.524	3529098.759	1.397
671965.853	3529098.821	1.397
671966.183	3529098.883	1.396
671966.512	3529098.945	1.395
671966.842	3529099.008	1.395
671967.170	3529099.071	1.394
671967.496	3529099.133	1.393
671967.824	3529099.196	1.392
671968.153	3529099.261	1.391
671968.482	3529099.326	1.390
671968.810	3529099.390	1.389
671969.137	3529099.454	1.388
671969.465	3529099.520	1.387
671969.794	3529099.587	1.387
671970.122	3529099.655	1.386
671970.449	3529099.723	1.386
671970.776	3529099.791	1.386
671971.104	3529099.858	1.385
671971.432	3529099.926	1.385
671971.759	3529099.993	1.386
671972.086	3529100.060	1.386
671972.414	3529100.127	1.388
671972.741	3529100.193	1.389
671973.067	3529100.259	1.392
671973.394	3529100.323	1.395
671973.723	3529100.388	1.398
671974.052	3529100.450	1.401
671974.379	3529100.509	1.403
671974.705	3529100.568	1.405
671975.033	3529100.628	1.406
671975.362	3529100.688	1.407
671975.690	3529100.748	1.408
671976.016	3529100.806	1.409
671976.343	3529100.862	1.410
671976.671	3529100.918	1.411
671976.999	3529100.975	1.412
671977.326	3529101.030	1.412
671977.652	3529101.085	1.413
671977.979	3529101.140	1.414
671978.306	3529101.196	1.415
671978.633	3529101.250	1.415
671978.960	3529101.305	1.416
671979.287	3529101.361	1.417
671979.614	3529101.415	1.417
671979.941	3529101.469	1.418
671980.268	3529101.523	1.418
671980.594	3529101.577	1.419
671980.921	3529101.630	1.420
671981.247	3529101.682	1.420
671981.572	3529101.735	1.421
671981.898	3529101.787	1.421
671982.225	3529101.840	1.422
671982.551	3529101.893	1.422
671982.878	3529101.946	1.423
671983.203	3529101.998	1.423
671983.528	3529102.050	1.423
671983.853	3529102.103	1.424
671984.179	3529102.156	1.424
671984.505	3529102.209	1.425
671984.829	3529102.262	1.426
671985.153	3529102.314	1.426
671985.478	3529102.366	1.426
671985.803	3529102.419	1.426
671986.128	3529102.470	1.427
671986.452	3529102.522	1.427
671986.776	3529102.574	1.428
671987.101	3529102.626	1.428
671987.425	3529102.678	1.428
671987.748	3529102.731	1.428
671988.071	3529102.782	1.429
671988.396	3529102.832	1.429
671988.720	3529102.885	1.430
671989.043	3529102.935	1.430
671989.367	3529102.984	1.431
671989.692	3529103.034	1.432
671990.017	3529103.083	1.433
671990.341	3529103.131	1.435
671990.664	3529103.177	1.436
671990.987	3529103.224	1.437
671991.309	3529103.271	1.438
671991.631	3529103.316	1.439
671991.955	3529103.362	1.440
671992.278	3529103.408	1.440
671992.601	3529103.455	1.439
671992.923	3529103.501	1.438
671993.247	3529103.547	1.437
671993.572	3529103.596	1.436
671993.895	3529103.645	1.435
671994.216	3529103.692	1.434
671994.537	3529103.741	1.433
671994.860	3529103.791	1.432
671995.182	3529103.840	1.431
671995.504	3529103.891	1.431
671995.826	3529103.943	1.431
671996.147	3529103.994	1.431
671996.470	3529104.046	1.431
671996.791	3529104.098	1.432
671997.114	3529104.148	1.433
671997.436	3529104.199	1.434
671997.759	3529104.249	1.434
671998.081	3529104.300	1.435
671998.403	3529104.350	1.435
671998.725	3529104.401	1.436
671999.046	3529104.451	1.436
671999.367	3529104.502	1.437
671999.688	3529104.552	1.437
672000.009	3529104.601	1.436
672000.331	3529104.652	1.436
672000.652	3529104.703	1.435
672000.973	3529104.753	1.435
672001.294	3529104.805	1.435
672001.614	3529104.857	1.434
672001.934	3529104.905	1.434
672002.254	3529104.952	1.434
672002.574	3529105.000	1.433
672002.894	3529105.047	1.433
672003.214	3529105.094	1.433
672003.533	3529105.141	1.433
672003.851	3529105.188	1.432
672004.170	3529105.234	1.432
672004.489	3529105.281	1.432
672004.809	3529105.328	1.432
672005.128	3529105.376	1.432
672005.447	3529105.424	1.432
672005.767	3529105.472	1.431
672006.087	3529105.520	1.431
672006.407	3529105.567	1.431
672006.725	3529105.615	1.431
672007.042	3529105.665	1.430
672007.360	3529105.715	1.430
672007.678	3529105.765	1.430
672007.996	3529105.815	1.430
672008.315	3529105.864	1.430
672008.633	3529105.912	1.429
672008.951	3529105.963	1.429
672009.270	3529106.014	1.429
672009.589	3529106.064	1.429
672009.907	3529106.115	1.429
672010.224	3529106.165	1.429
672010.542	3529106.214	1.429
672010.860	3529106.264	1.428
672011.178	3529106.315	1.428
672011.497	3529106.365	1.428
672011.815	3529106.415	1.428
672012.132	3529106.465	1.428
672012.449	3529106.516	1.427
672012.767	3529106.568	1.427
672013.086	3529106.618	1.427
672013.403	3529106.668	1.427
672013.721	3529106.718	1.427
672014.038	3529106.767	1.427
672014.355	3529106.818	1.426
672014.672	3529106.869	1.426
672014.990	3529106.920	1.426
672015.306	3529106.970	1.426
672015.621	3529107.020	1.426
672015.935	3529107.070	1.427
672016.251	3529107.121	1.428
672016.568	3529107.171	1.429
672016.882	3529107.221	1.430
672017.196	3529107.269	1.431
672017.511	3529107.316	1.432
672017.826	3529107.364	1.433
672018.140	3529107.412	1.433
672018.452	3529107.459	1.435
672019.076	3529107.555	1.435
672019.386	3529107.602	1.435
672019.695	3529107.648	1.435
672020.004	3529107.695	1.436
672020.313	3529107.741	1.436
672020.619	3529107.786	1.436
672020.925	3529107.832	1.436
672021.230	3529107.879	1.435
672021.534	3529107.926	1.436
672021.836	3529107.973	1.436
672022.136	3529108.020	1.436
672022.435	3529108.065	1.436
672022.734	3529108.112	1.436
672023.031	3529108.157	1.435
672023.326	3529108.203	1.435
672023.620	3529108.249	1.435
672023.914	3529108.294	1.435
672024.206	3529108.339	1.435
672024.498	3529108.384	1.435
672024.787	3529108.429	1.434
672025.077	3529108.475	1.434
672025.365	3529108.520	1.434
672025.652	3529108.566	1.434
672025.937	3529108.610	1.434
672026.221	3529108.653	1.434
672026.504	3529108.698	1.433
672026.784	3529108.742	1.433
672027.063	3529108.783	1.433
672027.340	3529108.825	1.433
672027.617	3529108.868	1.433
672027.893	3529108.909	1.432
672028.167	3529108.949	1.432
672028.439	3529108.991	1.432
672028.711	3529109.033	1.431
672028.982	3529109.074	1.431
672029.252	3529109.115	1.431
672029.520	3529109.156	1.431
672029.787	3529109.197	1.431
672030.052	3529109.237	1.430
672030.318	3529109.278	1.430
672030.582	3529109.319	1.431
672030.845	3529109.358	1.431
672031.106	3529109.396	1.432
672031.367	3529109.435	1.432
672031.627	3529109.474	1.432
672031.885	3529109.513	1.432
672032.142	3529109.553	1.432
672032.398	3529109.593	1.432
672032.652	3529109.633	1.432
672032.906	3529109.671	1.432
672033.160	3529109.710	1.432
672033.411	3529109.749	1.432
672033.660	3529109.787	1.431
672033.909	3529109.825	1.431
672034.158	3529109.864	1.431
672034.406	3529109.902	1.431
672034.651	3529109.940	1.431
672034.895	3529109.977	1.432
672035.139	3529110.014	1.432
672035.382	3529110.052	1.433
672035.623	3529110.089	1.433
672035.864	3529110.126	1.434
672036.103	3529110.163	1.434
672036.341	3529110.198	1.434
672036.577	3529110.234	1.435
672036.813	3529110.268	1.435
672037.048	3529110.303	1.435
672037.280	3529110.338	1.436
672037.511	3529110.373	1.436
672037.743	3529110.410	1.436
672037.973	3529110.444	1.437
672038.202	3529110.479	1.437
672038.429	3529110.514	1.437
672038.656	3529110.547	1.438
672038.882	3529110.580	1.438
672039.106	3529110.613	1.438
672039.329	3529110.646	1.438
672039.555	3529110.680	1.439
672039.778	3529110.713	1.439
672040.002	3529110.745	1.439
672040.227	3529110.779	1.439
672040.452	3529110.812	1.439
672040.677	3529110.845	1.439
672040.901	3529110.878	1.440
672041.125	3529110.911	1.440
672041.351	3529110.945	1.441
672041.575	3529110.977	1.441
672041.800	3529111.009	1.441
672042.026	3529111.040	1.441
672042.251	3529111.072	1.441
672042.476	3529111.104	1.441
672042.701	3529111.136	1.441
672042.927	3529111.168	1.442
672043.153	3529111.200	1.442
672043.378	3529111.231	1.442
672043.603	3529111.262	1.442
672043.829	3529111.293	1.442
672044.054	3529111.324	1.442
672044.279	3529111.355	1.442
672044.504	3529111.387	1.443
672044.729	3529111.419	1.443
672044.952	3529111.451	1.443
672045.176	3529111.482	1.443
672045.401	3529111.514	1.443
672045.624	3529111.544	1.443
672045.845	3529111.575	1.443
672046.067	3529111.605	1.443
672046.288	3529111.635	1.442
672046.509	3529111.667	1.442
672046.728	3529111.698	1.442
672046.948	3529111.727	1.442
672047.167	3529111.757	1.441
672047.384	3529111.786	1.440
672047.597	3529111.816	1.440
672047.810	3529111.846	1.440
672048.021	3529111.878	1.439
672048.231	3529111.909	1.439
672048.441	3529111.940	1.438
672048.649	3529111.972	1.438
672048.856	3529112.003	1.437
672049.062	3529112.033	1.437
672049.267	3529112.064	1.436
672049.473	3529112.095	1.435
672049.677	3529112.127	1.435
672049.880	3529112.158	1.434
672050.082	3529112.190	1.434
672050.283	3529112.220	1.434
672050.484	3529112.249	1.433
672050.683	3529112.279	1.433
672050.881	3529112.309	1.432
672051.276	3529112.369	1.432
672051.665	3529112.429	1.431
672052.051	3529112.487	1.430
672052.428	3529112.542	1.429
672052.796	3529112.597	1.429
672053.157	3529112.653	1.428
672053.508	3529112.707	1.427
672053.853	3529112.761	1.427
672054.184	3529112.811	1.426
672054.509	3529112.861	1.425
672054.824	3529112.911	1.426
672055.133	3529112.959	1.426
672055.438	3529113.007	1.426
672055.739	3529113.052	1.427
672056.037	3529113.097	1.427
672056.331	3529113.143	1.428
672056.621	3529113.188	1.429
672056.907	3529113.232	1.430
672057.193	3529113.277	1.433
672057.476	3529113.319	1.437
672057.756	3529113.357	1.442
672058.035	3529113.392	1.447
672058.310	3529113.427	1.453
672058.582	3529113.461	1.460
672058.852	3529113.494	1.466
672059.119	3529113.523	1.473
672059.383	3529113.551	1.480
672059.645	3529113.576	1.488
672059.904	3529113.597	1.497
672060.160	3529113.616	1.506
672060.414	3529113.633	1.517
672060.666	3529113.647	1.529
672060.916	3529113.658	1.541
672061.164	3529113.666	1.553
672061.410	3529113.670	1.566
672061.655	3529113.669	1.579
672061.896	3529113.666	1.592
672062.135	3529113.662	1.605
672062.373	3529113.653	1.617
672062.610	3529113.642	1.630
672062.843	3529113.626	1.642
672063.075	3529113.610	1.654
672063.305	3529113.592	1.666
672063.533	3529113.570	1.678
672063.758	3529113.545	1.690
672063.983	3529113.518	1.701
672064.206	3529113.488	1.713
672064.426	3529113.455	1.724
672064.643	3529113.424	1.736
672064.859	3529113.392	1.747
672065.077	3529113.355	1.758
672065.296	3529113.317	1.770
672065.515	3529113.278	1.782
672065.737	3529113.236	1.793
672065.958	3529113.191	1.805
672066.180	3529113.142	1.816
672066.404	3529113.089	1.827
672066.628	3529113.034	1.838
672066.857	3529112.973	1.848
672067.085	3529112.911	1.856
672067.315	3529112.844	1.865
672067.548	3529112.775	1.874
672067.780	3529112.702	1.883
672068.014	3529112.627	1.892
672068.251	3529112.548	1.901
672068.489	3529112.468	1.912
672068.728	3529112.385	1.923
672068.970	3529112.297	1.934
672069.213	3529112.210	1.944
672069.457	3529112.123	1.956
672069.703	3529112.030	1.967
672069.948	3529111.930	1.979
672070.192	3529111.825	1.990
672070.440	3529111.720	2.002
672070.690	3529111.612	2.015
672070.938	3529111.498	2.027
672071.186	3529111.378	2.039
672071.436	3529111.255	2.051
672071.687	3529111.125	2.062
672071.941	3529110.991	2.073
672072.196	3529110.854	2.083
672072.452	3529110.712	2.094
672072.707	3529110.563	2.104
672072.962	3529110.409	2.113
672073.218	3529110.253	2.123
672073.475	3529110.092	2.133
672073.732	3529109.930	2.142
672073.991	3529109.766	2.152
672074.250	3529109.600	2.161
672074.510	3529109.428	2.169
672074.770	3529109.254	2.178
672075.034	3529109.077	2.187
672075.296	3529108.897	2.196
672075.559	3529108.710	2.204
672075.823	3529108.519	2.211
672076.089	3529108.325	2.216
672076.357	3529108.129	2.220
672076.626	3529107.931	2.224
672076.896	3529107.731	2.227
672077.164	3529107.529	2.229
672077.433	3529107.326	2.230
672077.701	3529107.122	2.230
672077.970	3529106.917	2.231
672078.240	3529106.711	2.232
672078.513	3529106.503	2.234
672078.788	3529106.294	2.235
672079.061	3529106.082	2.237
672079.336	3529105.866	2.240
672079.611	3529105.653	2.243
672079.888	3529105.437	2.247
672080.162	3529105.219	2.249
672080.438	3529105.002	2.252
672080.717	3529104.780	2.256
672080.990	3529104.557	2.259
672081.266	3529104.332	2.262
672081.539	3529104.108	2.266
672081.813	3529103.882	2.271
672082.085	3529103.657	2.277
672082.352	3529103.433	2.284
672082.616	3529103.203	2.291
672082.874	3529102.973	2.299
672083.128	3529102.741	2.306
672083.378	3529102.512	2.315
672083.626	3529102.284	2.323
672083.870	3529102.056	2.332
672084.109	3529101.825	2.340
672084.343	3529101.593	2.349
672084.573	3529101.364	2.357
672084.805	3529101.136	2.366
672085.031	3529100.909	2.375
672085.255	3529100.681	2.384
672085.474	3529100.451	2.393
672085.693	3529100.218	2.403
672085.911	3529099.981	2.413
672086.130	3529099.743	2.423
672086.346	3529099.500	2.434
672086.561	3529099.252	2.446
672086.774	3529099.000	2.459
672086.982	3529098.744	2.473
672087.187	3529098.484	2.488
672087.388	3529098.222	2.502
672087.585	3529097.954	2.516
672087.780	3529097.685	2.528
672087.972	3529097.414	2.541
672088.160	3529097.142	2.555
672088.343	3529096.864	2.569
672088.524	3529096.585	2.583
672088.698	3529096.301	2.596
672088.870	3529096.018	2.610
672089.041	3529095.734	2.623
672089.212	3529095.447	2.636
672089.375	3529095.158	2.649
672089.532	3529094.864	2.661
672089.688	3529094.567	2.673
672089.840	3529094.268	2.686
672089.990	3529093.970	2.699
672090.139	3529093.667	2.713
672090.284	3529093.362	2.727
672090.421	3529093.056	2.743
672090.551	3529092.746	2.759
672090.674	3529092.433	2.776
672090.794	3529092.120	2.792
672090.910	3529091.803	2.808
672091.021	3529091.485	2.825
672091.125	3529091.162	2.841
672091.225	3529090.837	2.857
672091.319	3529090.510	2.873
672091.408	3529090.178	2.890
672091.492	3529089.846	2.906
672091.573	3529089.511	2.922
672091.647	3529089.173	2.939
672091.719	3529088.833	2.955
672091.785	3529088.488	2.971
672091.840	3529088.140	2.986
672091.894	3529087.789	2.998
672091.948	3529087.436	3.008
672092.002	3529087.081	3.016
672092.052	3529086.718	3.024
672092.096	3529086.352	3.032
672092.135	3529085.978	3.040
672092.176	3529085.599	3.047
672092.215	3529085.217	3.053
672092.254	3529084.827	3.058
672092.290	3529084.435	3.062
672092.326	3529084.038	3.066
672092.342	3529083.838	3.068
672092.360	3529083.637	3.070
672092.377	3529083.435	3.072
672092.392	3529083.230	3.073
672092.408	3529083.024	3.075
672092.423	3529082.820	3.076
672092.439	3529082.612	3.077
672092.456	3529082.402	3.078
672092.472	3529082.193	3.079
672092.489	3529081.982	3.080
672092.505	3529081.769	3.081
672092.521	3529081.557	3.082
672092.538	3529081.343	3.083
672092.552	3529081.129	3.084
672092.567	3529080.914	3.085
672092.583	3529080.697	3.086
672092.598	3529080.480	3.086
672092.613	3529080.262	3.087
672092.628	3529080.041	3.088
672092.642	3529079.820	3.089
672092.657	3529079.598	3.091
672092.670	3529079.377	3.092
672092.684	3529079.155	3.093
672092.698	3529078.932	3.094
672092.712	3529078.710	3.094
672092.726	3529078.489	3.095
672092.741	3529078.268	3.096
672092.755	3529078.048	3.097
672092.768	3529077.828	3.097
672092.780	3529077.609	3.098
672092.792	3529077.388	3.098
672092.804	3529077.166	3.099
672092.817	3529076.947	3.099
672092.831	3529076.726	3.098
672092.845	3529076.507	3.098
672092.860	3529076.288	3.098
672092.874	3529076.066	3.098
672092.888	3529075.846	3.097
672092.900	3529075.627	3.097
672092.914	3529075.405	3.097
672092.926	3529075.184	3.097
672092.939	3529074.964	3.097
672092.954	3529074.743	3.097
672092.967	3529074.522	3.097
672092.981	3529074.303	3.097
672092.994	3529074.082	3.098
672093.005	3529073.861	3.098
672093.018	3529073.640	3.099
672093.029	3529073.418	3.099
672093.041	3529073.197	3.099
672093.054	3529072.974	3.098
672093.067	3529072.752	3.098
672093.079	3529072.530	3.099
672093.091	3529072.307	3.099
672093.103	3529072.083	3.099
672093.115	3529071.860	3.099
672093.126	3529071.637	3.098
672093.138	3529071.413	3.098
672093.150	3529071.189	3.098
672093.164	3529070.964	3.098
672093.176	3529070.741	3.098
672093.189	3529070.517	3.098
672093.202	3529070.292	3.097
672093.214	3529070.067	3.097
672093.226	3529069.842	3.097
672093.239	3529069.617	3.097
672093.251	3529069.394	3.096
672093.264	3529069.172	3.095
672093.277	3529068.950	3.095
672093.291	3529068.726	3.094
672093.304	3529068.503	3.094
672093.317	3529068.280	3.093
672093.330	3529068.058	3.093
672093.343	3529067.835	3.092
672093.356	3529067.611	3.091
672093.370	3529067.387	3.091
672093.383	3529067.163	3.090
672093.397	3529066.938	3.090
672093.411	3529066.713	3.089
672093.425	3529066.489	3.089
672093.439	3529066.264	3.088
672093.453	3529066.038	3.087
672093.467	3529065.813	3.086
672093.483	3529065.588	3.085
672093.498	3529065.363	3.085
672093.512	3529065.140	3.084
672093.527	3529064.913	3.084
672093.543	3529064.684	3.083
672093.559	3529064.456	3.082
672093.575	3529064.227	3.082
672093.592	3529063.999	3.081
672093.610	3529063.771	3.080
672093.627	3529063.542	3.080
672093.645	3529063.312	3.079
672093.664	3529063.082	3.079
672093.681	3529062.853	3.079
672093.699	3529062.625	3.079
672093.717	3529062.395	3.079
672093.735	3529062.166	3.079
672093.752	3529061.936	3.080
672093.770	3529061.705	3.080
672093.787	3529061.475	3.081
672093.804	3529061.246	3.081
672093.821	3529061.016	3.082
672093.838	3529060.783	3.082
672093.855	3529060.551	3.082
672093.871	3529060.320	3.083
672093.885	3529060.089	3.083
672093.901	3529059.857	3.083
672093.915	3529059.624	3.084
672093.928	3529059.393	3.084
672093.943	3529059.161	3.084
672093.958	3529058.930	3.084
672093.972	3529058.698	3.084
672093.987	3529058.466	3.084
672094.003	3529058.234	3.084
672094.016	3529058.001	3.084
672094.031	3529057.767	3.084
672094.045	3529057.534	3.084
672094.059	3529057.301	3.084
672094.073	3529057.067	3.083
672094.088	3529056.833	3.083
672094.104	3529056.599	3.083
672094.119	3529056.366	3.082
672094.135	3529056.132	3.082
672094.151	3529055.897	3.082
672094.168	3529055.663	3.081
672094.186	3529055.431	3.080
672094.204	3529055.199	3.079
672094.223	3529054.966	3.078
672094.242	3529054.734	3.078
672094.262	3529054.502	3.077
672094.281	3529054.268	3.077
672094.301	3529054.034	3.077
672094.321	3529053.800	3.076
672094.340	3529053.568	3.075
672094.359	3529053.336	3.075
672094.380	3529053.102	3.074
672094.400	3529052.867	3.074
672094.420	3529052.633	3.073
672094.441	3529052.399	3.073
672094.462	3529052.167	3.072
672094.482	3529051.933	3.072
672094.502	3529051.698	3.071
672094.523	3529051.463	3.071
672094.543	3529051.229	3.070
672094.565	3529050.994	3.070
672094.588	3529050.758	3.071
672094.612	3529050.520	3.070
672094.635	3529050.281	3.070
672094.658	3529050.044	3.070
672094.682	3529049.807	3.070
672094.705	3529049.568	3.070
672094.727	3529049.329	3.070
672094.751	3529049.091	3.070
672094.773	3529048.852	3.071
672094.796	3529048.614	3.071
672094.820	3529048.375	3.071
672094.844	3529048.137	3.071
672094.866	3529047.899	3.071
672094.890	3529047.661	3.071
672094.914	3529047.422	3.071
672094.935	3529047.182	3.070
672094.958	3529046.943	3.070
672094.981	3529046.704	3.070
672095.005	3529046.464	3.069
672095.028	3529046.224	3.069
672095.051	3529045.985	3.069
672095.073	3529045.744	3.069
672095.094	3529045.504	3.069
672095.116	3529045.264	3.069
672095.135	3529045.024	3.070
672095.154	3529044.783	3.070
672095.173	3529044.542	3.070
672095.193	3529044.300	3.070
672095.213	3529044.060	3.071
672095.235	3529043.819	3.072
672095.256	3529043.578	3.072
672095.276	3529043.335	3.073
672095.296	3529043.094	3.074
672095.316	3529042.852	3.074
672095.334	3529042.610	3.075
672095.352	3529042.368	3.075
672095.372	3529042.126	3.075
672095.391	3529041.883	3.076
672095.410	3529041.642	3.076
672095.429	3529041.403	3.077
672095.448	3529041.164	3.077
672095.466	3529040.923	3.078
672095.485	3529040.683	3.078
672095.504	3529040.445	3.078
672095.522	3529040.207	3.079
672095.541	3529039.966	3.079
672095.559	3529039.726	3.079
672095.577	3529039.487	3.079
672095.594	3529039.247	3.080
672095.612	3529039.006	3.080
672095.629	3529038.766	3.079
672095.648	3529038.526	3.079
672095.667	3529038.285	3.080
672095.686	3529038.044	3.080
672095.705	3529037.803	3.080
672095.723	3529037.561	3.080
672095.741	3529037.319	3.080
672095.758	3529037.077	3.080
672095.775	3529036.837	3.080
672095.793	3529036.597	3.080
672095.812	3529036.356	3.080
672095.830	3529036.114	3.080
672095.850	3529035.873	3.080
672095.871	3529035.633	3.080
672095.890	3529035.395	3.080
672095.909	3529035.154	3.080
672095.929	3529034.913	3.079
672095.949	3529034.670	3.079
672095.967	3529034.428	3.079
672095.986	3529034.186	3.079
672096.005	3529033.945	3.078
672096.025	3529033.703	3.077
672096.047	3529033.460	3.077
672096.069	3529033.218	3.076
672096.090	3529032.976	3.076
672096.112	3529032.736	3.075
672096.134	3529032.495	3.075
672096.155	3529032.253	3.074
672096.177	3529032.011	3.074
672096.199	3529031.769	3.074
672096.219	3529031.523	3.074
672096.240	3529031.276	3.073
672096.261	3529031.030	3.073
672096.281	3529030.785	3.072
672096.301	3529030.540	3.072
672096.322	3529030.296	3.072
672096.342	3529030.052	3.072
672096.360	3529029.808	3.072
672096.382	3529029.562	3.071
672096.403	3529029.318	3.072
672096.422	3529029.074	3.072
672096.442	3529028.830	3.072
672096.463	3529028.584	3.072
672096.484	3529028.339	3.072
672096.504	3529028.092	3.073
672096.526	3529027.846	3.073
672096.546	3529027.599	3.074
672096.566	3529027.354	3.075
672096.586	3529027.109	3.077
672096.606	3529026.862	3.078
672096.626	3529026.614	3.079
672096.647	3529026.367	3.079
672096.667	3529026.121	3.080
672096.687	3529025.875	3.081
672096.708	3529025.629	3.082
672096.728	3529025.383	3.082
672096.748	3529025.137	3.083
672096.767	3529024.889	3.083
672096.786	3529024.642	3.083
672096.804	3529024.395	3.084
672096.823	3529024.148	3.084
672096.842	3529023.900	3.084
672096.862	3529023.653	3.084
672096.882	3529023.405	3.084
672096.902	3529023.157	3.085
672096.921	3529022.909	3.085
672096.940	3529022.662	3.085
672096.959	3529022.414	3.085
672096.978	3529022.165	3.085
672096.996	3529021.917	3.085
672097.013	3529021.670	3.085
672097.030	3529021.423	3.085
672097.048	3529021.176	3.085
672097.064	3529020.929	3.085
672097.081	3529020.683	3.085
672097.099	3529020.437	3.084
672097.116	3529020.191	3.084
672097.133	3529019.946	3.084
672097.151	3529019.701	3.083
672097.169	3529019.455	3.083
672097.186	3529019.209	3.083
672097.203	3529018.964	3.084
672097.221	3529018.720	3.084
672097.239	3529018.477	3.084
672097.257	3529018.232	3.084
672097.275	3529017.988	3.084
672097.292	3529017.743	3.084
672097.308	3529017.498	3.084
672097.326	3529017.255	3.084
672097.342	3529017.012	3.084
672097.359	3529016.769	3.084
672097.375	3529016.525	3.084
672097.392	3529016.283	3.084
672097.409	3529016.042	3.084
672097.426	3529015.803	3.084
672097.442	3529015.565	3.083
672097.457	3529015.328	3.083
672097.474	3529015.091	3.083
672097.491	3529014.855	3.083
672097.507	3529014.622	3.083
672097.522	3529014.389	3.083
672097.538	3529014.156	3.083
672097.554	3529013.924	3.082
672097.569	3529013.693	3.082
672097.584	3529013.463	3.081
672097.601	3529013.234	3.080
672097.618	3529013.007	3.080
672097.634	3529012.780	3.080
672097.650	3529012.554	3.079
672097.667	3529012.329	3.078
672097.684	3529012.107	3.076
672097.702	3529011.885	3.075
672097.721	3529011.663	3.074
672097.740	3529011.443	3.073
672097.758	3529011.225	3.073
672097.775	3529011.007	3.072
672097.792	3529010.790	3.072
672097.809	3529010.574	3.072
672097.825	3529010.358	3.071
672097.842	3529010.143	3.071
672097.860	3529009.928	3.070
672097.877	3529009.716	3.070
672097.896	3529009.504	3.070
672097.913	3529009.293	3.070
672097.930	3529009.082	3.070
672097.947	3529008.873	3.070
672097.965	3529008.665	3.069
672097.982	3529008.457	3.069
672097.999	3529008.250	3.069
672098.016	3529008.045	3.068
672098.033	3529007.841	3.068
672098.051	3529007.638	3.068
672098.070	3529007.434	3.068
672098.086	3529007.232	3.067
672098.103	3529007.032	3.067
672098.121	3529006.831	3.067
672098.140	3529006.631	3.067
672098.176	3529006.235	3.067
672098.213	3529005.842	3.067
672098.248	3529005.451	3.067
672098.282	3529005.065	3.067
672098.317	3529004.682	3.067
672098.353	3529004.301	3.067
672098.387	3529003.923	3.067
672098.419	3529003.546	3.068
672098.448	3529003.172	3.068
672098.479	3529002.802	3.068
672098.511	3529002.437	3.068
672098.543	3529002.075	3.069
672098.573	3529001.716	3.070
672098.602	3529001.356	3.071
672098.629	3529000.997	3.071
672098.658	3529000.632	3.072
672098.687	3529000.271	3.072
672098.715	3528999.907	3.073
672098.744	3528999.541	3.073
672098.773	3528999.175	3.074
672098.801	3528998.803	3.074
672098.828	3528998.433	3.075
672098.855	3528998.056	3.076
672098.884	3528997.679	3.076
672098.913	3528997.299	3.076
672098.941	3528996.918	3.077
672098.970	3528996.533	3.077
672099.000	3528996.145	3.077
672099.029	3528995.756	3.077
672099.059	3528995.362	3.078
672099.090	3528994.970	3.078
672099.122	3528994.573	3.078
672099.151	3528994.180	3.079
672099.180	3528993.784	3.079
672099.210	3528993.395	3.079
672099.242	3528993.007	3.079
672099.271	3528992.621	3.079
672099.299	3528992.239	3.079
672099.328	3528991.859	3.079
672099.357	3528991.484	3.079
672099.388	3528991.108	3.079
672099.415	3528990.739	3.080
672099.440	3528990.370	3.080
672099.468	3528990.007	3.080
672099.496	3528989.647	3.080
672099.523	3528989.290	3.080
672099.549	3528988.938	3.080
672099.574	3528988.588	3.080
672099.599	3528988.244	3.080
672099.629	3528987.900	3.080
672099.657	3528987.565	3.080
672099.682	3528987.234	3.080
672099.704	3528986.912	3.080
672099.728	3528986.597	3.080
672099.754	3528986.290	3.080
672099.778	3528985.990	3.080
672099.802	3528985.697	3.080
672099.826	3528985.414	3.080
672099.848	3528985.138	3.080
672099.870	3528984.872	3.080
672099.891	3528984.614	3.079
672099.914	3528984.363	3.079
672099.936	3528984.119	3.080
