530398.649	4324120.460	3.274	0.00000	0.000	0.000	0	0
530398.610	4324120.233	3.274	0.00000	0.000	0.000	0	0
530398.538	4324119.693	3.275	0.00000	0.000	0.000	0	0
530398.502	4324119.400	3.276	0.00000	0.000	0.000	0	0
530398.471	4324119.140	3.276	0.00000	0.000	0.000	0	0
530398.428	4324118.787	3.276	0.00000	0.000	0.000	0	0
530398.388	4324118.482	3.277	0.00000	0.000	0.000	0	0
530398.356	4324118.241	3.278	0.00210	0.000	0.000	0	0
530398.321	4324117.988	3.278	0.00194	0.000	0.000	0	0
530398.286	4324117.725	3.279	0.00161	0.000	0.000	0	0
530398.194	4324117.071	3.281	0.00142	0.000	0.000	0	0
530398.102	4324116.376	3.282	0.00125	0.000	0.000	0	0
530398.033	4324115.855	3.283	0.00102	0.000	0.000	0	0
530397.901	4324114.874	3.285	0.00081	0.000	0.000	0	0
530397.855	4324114.534	3.287	0.00055	0.000	0.000	0	0
530397.742	4324113.723	3.289	0.00051	0.000	0.000	0	0
530397.710	4324113.488	3.290	0.00014	0.000	0.000	0	0
530397.614	4324112.776	3.292	-0.00003	0.000	0.000	0	0
530397.539	4324112.294	3.293	-0.00038	0.000	0.000	0	0
530397.480	4324111.928	3.294	-0.00057	0.000	0.000	0	0
530397.440	4324111.684	3.294	-0.00070	0.000	0.000	0	0
530397.321	4324110.939	3.297	-0.00075	0.000	0.000	0	0
530397.238	4324110.436	3.297	-0.00087	0.000	0.000	0	0
530397.119	4324109.671	3.299	-0.00094	0.000	0.000	0	0
530397.063	4324109.281	3.300	-0.00089	0.000	0.000	0	0
530397.024	4324109.019	3.301	-0.00102	0.000	0.000	0	0
530396.925	4324108.355	3.303	-0.00098	0.000	0.000	0	0
530396.719	4324107.000	3.304	-0.00093	0.000	0.000	0	0
530396.494	4324105.617	3.305	-0.00072	0.000	0.000	0	0
530396.259	4324104.189	3.305	-0.00072	0.000	0.000	0	0
530396.210	4324103.896	3.305	-0.00086	0.000	0.000	0	0
530395.981	4324102.558	3.304	-0.00067	0.000	0.000	0	0
530395.712	4324100.892	3.304	-0.00067	0.000	0.000	0	0
530395.450	4324099.186	3.303	-0.00053	0.000	0.000	0	0
530395.228	4324097.759	3.302	-0.00053	0.000	0.000	0	0
530395.176	4324097.439	3.301	-0.00046	0.000	0.000	0	0
530395.101	4324096.956	3.301	-0.00046	0.000	0.000	0	0
530394.836	4324095.309	3.300	-0.00040	0.000	0.000	0	0
530394.787	4324094.971	3.299	-0.00033	0.000	0.000	0	0
530394.736	4324094.631	3.299	-0.00042	0.000	0.000	0	0
530394.633	4324093.948	3.298	-0.00030	0.000	0.000	0	0
530394.530	4324093.256	3.298	-0.00035	0.000	0.000	0	0
530394.399	4324092.382	3.297	-0.00035	0.000	0.000	0	0
530394.215	4324091.147	3.297	-0.00035	0.000	0.000	0	0
530394.131	4324090.613	3.296	-0.00035	0.000	0.000	0	0
530393.997	4324089.718	3.295	-0.00050	0.000	0.000	0	0
530393.804	4324088.453	3.295	-0.00050	0.000	0.000	0	0
530393.721	4324087.906	3.294	-0.00050	0.000	0.000	0	0
530393.555	4324086.807	3.294	-0.00054	0.000	0.000	0	0
530393.473	4324086.255	3.294	-0.00054	0.000	0.000	0	0
530393.418	4324085.886	3.294	-0.00043	0.000	0.000	0	0
530393.362	4324085.513	3.294	-0.00043	0.000	0.000	0	0
530393.305	4324085.142	3.293	-0.00036	0.000	0.000	0	0
530393.249	4324084.768	3.293	-0.00036	0.000	0.000	0	0
530393.079	4324083.645	3.293	-0.00031	0.000	0.000	0	0
530392.823	4324081.948	3.294	-0.00033	0.000	0.000	0	0
530392.676	4324080.999	3.294	-0.00034	0.000	0.000	0	0
530392.417	4324079.255	3.294	-0.00034	0.000	0.000	0	0
530392.241	4324078.082	3.294	-0.00034	0.000	0.000	0	0
530392.095	4324077.102	3.293	-0.00034	0.000	0.000	0	0
530391.859	4324075.522	3.293	-0.00002	0.000	0.000	0	0
530391.650	4324074.125	3.291	0.00003	0.000	0.000	0	0
530391.591	4324073.726	3.291	0.00003	0.000	0.000	0	0
530391.382	4324072.320	3.290	0.00003	0.000	0.000	0	0
530391.324	4324071.918	3.290	0.00003	0.000	0.000	0	0
530391.265	4324071.513	3.290	-0.00008	0.000	0.000	0	0
530391.145	4324070.707	3.290	-0.00008	0.000	0.000	0	0
530391.115	4324070.506	3.289	0.00000	0.000	0.000	0	0
530391.000	4324069.697	3.289	0.00000	0.000	0.000	0	0
530390.823	4324068.492	3.289	0.00004	0.000	0.000	0	0
530390.681	4324067.488	3.289	0.00012	0.000	0.000	0	0
530390.423	4324065.685	3.289	0.00013	0.000	0.000	0	0
530390.332	4324065.090	3.290	0.00013	0.000	0.000	0	0
530390.159	4324063.904	3.290	0.00013	0.000	0.000	0	0
530389.960	4324062.522	3.290	0.00013	0.000	0.000	0	0
530389.841	4324061.735	3.290	0.00013	0.000	0.000	0	0
530389.620	4324060.163	3.289	0.00009	0.000	0.000	0	0
530389.291	4324057.802	3.288	-0.00003	0.000	0.000	0	0
530389.126	4324056.628	3.287	-0.00003	0.000	0.000	0	0
530388.988	4324055.654	3.287	-0.00003	0.000	0.000	0	0
530388.845	4324054.681	3.287	-0.00008	0.000	0.000	0	0
530388.789	4324054.293	3.287	-0.00025	0.000	0.000	0	0
530388.650	4324053.324	3.287	-0.00037	0.000	0.000	0	0
530388.431	4324051.772	3.288	-0.00045	0.000	0.000	0	0
530388.373	4324051.383	3.288	-0.00045	0.000	0.000	0	0
530388.317	4324050.997	3.288	-0.00058	0.000	0.000	0	0
530388.262	4324050.608	3.288	-0.00054	0.000	0.000	0	0
530388.156	4324049.835	3.288	-0.00045	0.000	0.000	0	0
530388.041	4324049.065	3.288	-0.00045	0.000	0.000	0	0
530387.934	4324048.297	3.289	-0.00045	0.000	0.000	0	0
530387.881	4324047.913	3.289	-0.00045	0.000	0.000	0	0
530387.767	4324047.147	3.289	-0.00027	0.000	0.000	0	0
530387.549	4324045.619	3.290	-0.00015	0.000	0.000	0	0
530387.293	4324043.901	3.289	-0.00008	0.000	0.000	0	0
530387.178	4324043.140	3.289	-0.00003	0.000	0.000	0	0
530387.094	4324042.569	3.289	0.00010	0.000	0.000	0	0
530387.037	4324042.190	3.289	0.00028	0.000	0.000	0	0
530386.952	4324041.620	3.289	0.00049	0.000	0.000	0	0
530386.839	4324040.861	3.289	0.00056	0.000	0.000	0	0
530386.757	4324040.295	3.288	0.00056	0.000	0.000	0	0
530386.704	4324039.916	3.288	0.00083	0.000	0.000	0	0
530386.510	4324038.601	3.288	0.00083	0.000	0.000	0	0
530386.324	4324037.283	3.287	0.00078	0.000	0.000	0	0
530386.267	4324036.911	3.286	0.00078	0.000	0.000	0	0
530385.994	4324035.042	3.285	0.00086	0.000	0.000	0	0
530385.859	4324034.111	3.284	0.00093	0.000	0.000	0	0
530385.779	4324033.555	3.284	0.00082	0.000	0.000	0	0
530385.671	4324032.810	3.283	0.00094	0.000	0.000	0	0
530385.489	4324031.511	3.283	0.00087	0.000	0.000	0	0
530385.384	4324030.771	3.284	0.00094	0.000	0.000	0	0
530385.332	4324030.401	3.284	0.00095	0.000	0.000	0	0
530385.280	4324030.031	3.284	0.00108	0.000	0.000	0	0
530385.225	4324029.661	3.284	0.00090	0.000	0.000	0	0
530385.170	4324029.291	3.285	0.00090	0.000	0.000	0	0
530385.066	4324028.550	3.285	0.00090	0.000	0.000	0	0
530384.935	4324027.626	3.286	0.00072	0.000	0.000	0	0
530384.749	4324026.335	3.287	0.00072	0.000	0.000	0	0
530384.411	4324023.934	3.290	0.00063	0.000	0.000	0	0
530384.359	4324023.564	3.290	0.00063	0.000	0.000	0	0
530384.306	4324023.197	3.291	0.00054	0.000	0.000	0	0
530384.195	4324022.457	3.291	0.00047	0.000	0.000	0	0
530384.085	4324021.715	3.291	0.00041	0.000	0.000	0	0
530384.032	4324021.341	3.292	0.00029	0.000	0.000	0	0
530383.863	4324020.221	3.292	0.00029	0.000	0.000	0	0
530383.615	4324018.523	3.293	0.00016	0.000	0.000	0	0
530383.559	4324018.142	3.293	0.00004	0.000	0.000	0	0
530383.447	4324017.379	3.294	-0.00009	0.000	0.000	0	0
530383.162	4324015.464	3.296	-0.00013	0.000	0.000	0	0
530383.012	4324014.507	3.297	-0.00029	0.000	0.000	0	0
530382.832	4324013.355	3.299	-0.00029	0.000	0.000	0	0
530382.741	4324012.777	3.299	-0.00040	0.000	0.000	0	0
530382.493	4324011.229	3.302	-0.00040	0.000	0.000	0	0
530382.237	4324009.668	3.304	-0.00034	0.000	0.000	0	0
530382.074	4324008.685	3.306	-0.00065	0.000	0.000	0	0
530382.008	4324008.291	3.306	-0.00049	0.000	0.000	0	0
530381.812	4324007.102	3.306	-0.00053	0.000	0.000	0	0
530381.650	4324006.101	3.306	-0.00053	0.000	0.000	0	0
530381.424	4324004.690	3.306	-0.00049	0.000	0.000	0	0
530381.324	4324004.081	3.306	-0.00052	0.000	0.000	0	0
530381.125	4324002.864	3.305	-0.00052	0.000	0.000	0	0
530381.023	4324002.252	3.305	-0.00048	0.000	0.000	0	0
530380.956	4324001.846	3.305	-0.00048	0.000	0.000	0	0
530380.855	4324001.232	3.305	-0.00044	0.000	0.000	0	0
530380.650	4324000.005	3.305	-0.00035	0.000	0.000	0	0
530380.514	4323999.183	3.305	-0.00035	0.000	0.000	0	0
530380.448	4323998.769	3.305	-0.00009	0.000	0.000	0	0
530380.285	4323997.736	3.305	-0.00019	0.000	0.000	0	0
530380.020	4323996.080	3.304	-0.00019	0.000	0.000	0	0
530379.922	4323995.458	3.304	0.00012	0.000	0.000	0	0
530379.655	4323993.799	3.303	-0.00018	0.000	0.000	0	0
530379.587	4323993.381	3.302	-0.00019	0.000	0.000	0	0
530379.388	4323992.130	3.302	-0.00028	0.000	0.000	0	0
530379.287	4323991.502	3.301	-0.00033	0.000	0.000	0	0
530379.157	4323990.658	3.301	-0.00036	0.000	0.000	0	0
530379.020	4323989.807	3.301	-0.00042	0.000	0.000	0	0
530378.984	4323989.593	3.300	-0.00049	0.000	0.000	0	0
530378.916	4323989.166	3.301	-0.00055	0.000	0.000	0	0
530378.613	4323987.238	3.300	-0.00059	0.000	0.000	0	0
530378.512	4323986.593	3.300	-0.00053	0.000	0.000	0	0
530378.279	4323985.086	3.301	-0.00060	0.000	0.000	0	0
530378.006	4323983.352	3.300	-0.00075	0.000	0.000	0	0
530377.737	4323981.607	3.300	-0.00065	0.000	0.000	0	0
530377.597	4323980.725	3.300	-0.00065	0.000	0.000	0	0
530377.318	4323978.957	3.300	-0.00065	0.000	0.000	0	0
530377.038	4323977.177	3.300	-0.00050	0.000	0.000	0	0
530376.861	4323976.058	3.299	-0.00051	0.000	0.000	0	0
530376.647	4323974.710	3.299	-0.00041	0.000	0.000	0	0
530376.577	4323974.259	3.300	-0.00041	0.000	0.000	0	0
530376.470	4323973.582	3.299	-0.00034	0.000	0.000	0	0
530376.366	4323972.901	3.299	-0.00044	0.000	0.000	0	0
530376.191	4323971.762	3.299	-0.00022	0.000	0.000	0	0
530376.121	4323971.307	3.298	-0.00037	0.000	0.000	0	0
530373.374	4323969.869	3.297	-0.00034	0.000	0.000	0	0
530373.067	4323967.860	3.294	-0.00034	0.000	0.000	0	0
530373.034	4323967.641	3.294	-0.00026	0.000	0.000	0	0
530372.742	4323965.705	3.292	-0.00026	0.000	0.000	0	0
530372.587	4323964.659	3.291	-0.00055	0.000	0.000	0	0
530372.326	4323962.837	3.289	-0.00055	0.000	0.000	0	0
530372.160	4323961.664	3.288	-0.00055	0.000	0.000	0	0
530371.884	4323959.779	3.287	-0.00065	0.000	0.000	0	0
530371.829	4323959.413	3.287	-0.00061	0.000	0.000	0	0
530371.698	4323958.511	3.286	-0.00061	0.000	0.000	0	0
530371.470	4323956.943	3.286	-0.00061	0.000	0.000	0	0
530371.397	4323956.435	3.286	-0.00071	0.000	0.000	0	0
530371.233	4323955.275	3.286	-0.00055	0.000	0.000	0	0
530371.187	4323954.951	3.286	-0.00069	0.000	0.000	0	0
530371.074	4323954.157	3.286	-0.00048	0.000	0.000	0	0
530370.842	4323952.555	3.285	-0.00048	0.000	0.000	0	0
530370.768	4323952.034	3.285	-0.00048	0.000	0.000	0	0
530370.666	4323951.313	3.285	-0.00048	0.000	0.000	0	0
530370.605	4323950.873	3.285	-0.00048	0.000	0.000	0	0
530370.550	4323950.465	3.284	-0.00020	0.000	0.000	0	0
530370.489	4323950.010	3.285	-0.00020	0.000	0.000	0	0
530370.444	4323949.686	3.284	-0.00020	0.000	0.000	0	0
530370.406	4323949.405	3.284	-0.00010	0.000	0.000	0	0
530372.846	4323948.813	3.284	-0.00010	0.000	0.000	0	0
530372.804	4323948.515	3.284	-0.00017	0.000	0.000	0	0
530372.767	4323948.301	3.284	0.00001	0.000	0.000	0	0
530372.733	4323948.070	3.283	0.00011	0.000	0.000	0	0
530372.699	4323947.850	3.283	0.00011	0.000	0.000	0	0
530372.642	4323947.478	3.283	0.00011	0.000	0.000	0	0
530372.546	4323946.792	3.282	0.00011	0.000	0.000	0	0
530372.475	4323946.265	3.282	0.00025	0.000	0.000	0	0
530372.442	4323946.020	3.282	0.00025	0.000	0.000	0	0
530372.395	4323945.676	3.282	0.00025	0.000	0.000	0	0
530372.305	4323945.033	3.281	0.00051	0.000	0.000	0	0
530372.197	4323944.239	3.281	0.00051	0.000	0.000	0	0
530372.141	4323943.825	3.281	0.00051	0.000	0.000	0	0
530372.081	4323943.402	3.281	0.00058	0.000	0.000	0	0
530372.034	4323943.079	3.281	0.00058	0.000	0.000	0	0
530372.004	4323942.861	3.281	0.00071	0.000	0.000	0	0
530371.928	4323942.315	3.281	0.00078	0.000	0.000	0	0
530371.808	4323941.430	3.281	0.00059	0.000	0.000	0	0
530371.778	4323941.206	3.281	0.00072	0.000	0.000	0	0
530371.683	4323940.530	3.281	0.00097	0.000	0.000	0	0
530371.565	4323939.609	3.281	0.00110	0.000	0.000	0	0
530371.535	4323939.377	3.281	0.00117	0.000	0.000	0	0
530371.449	4323938.792	3.281	0.00114	0.000	0.000	0	0
530371.309	4323937.847	3.280	0.00135	0.000	0.000	0	0
530371.259	4323937.487	3.281	0.00142	0.000	0.000	0	0
530371.130	4323936.526	3.281	0.00135	0.000	0.000	0	0
530371.044	4323935.923	3.281	0.00151	0.000	0.000	0	0
530370.927	4323935.069	3.281	0.00158	0.000	0.000	0	0
530370.861	4323934.578	3.281	0.00161	0.000	0.000	0	0
530370.796	4323934.091	3.282	0.00185	0.000	0.000	0	0
530370.709	4323933.477	3.282	0.00196	0.000	0.000	0	0
530370.675	4323933.229	3.282	0.00196	0.000	0.000	0	0
530370.643	4323932.980	3.283	0.00196	0.000	0.000	0	0
530370.609	4323932.729	3.283	0.00183	0.000	0.000	0	0
530370.449	4323931.599	3.283	0.00158	0.000	0.000	0	0
530370.299	4323930.594	3.284	0.00146	0.000	0.000	0	0
530370.207	4323929.960	3.284	0.00126	0.000	0.000	0	0
530370.058	4323928.927	3.286	0.00117	0.000	0.000	0	0
530370.021	4323928.667	3.286	0.00088	0.000	0.000	0	0
530369.983	4323928.407	3.286	0.00081	0.000	0.000	0	0
530369.910	4323927.882	3.287	0.00052	0.000	0.000	0	0
530369.872	4323927.620	3.288	0.00027	0.000	0.000	0	0
530369.794	4323927.093	3.289	0.00010	0.000	0.000	0	0
530369.544	4323925.373	3.291	-0.00012	0.000	0.000	0	0
530369.445	4323924.706	3.292	-0.00036	0.000	0.000	0	0
530369.304	4323923.765	3.295	-0.00071	0.000	0.000	0	0
530369.154	4323922.820	3.296	-0.00086	0.000	0.000	0	0
530369.048	4323922.140	3.298	-0.00086	0.000	0.000	0	0
530368.914	4323921.317	3.300	-0.00112	0.000	0.000	0	0
530368.780	4323920.490	3.301	-0.00112	0.000	0.000	0	0
530368.665	4323919.798	3.302	-0.00135	0.000	0.000	0	0
530368.619	4323919.520	3.303	-0.00140	0.000	0.000	0	0
530368.574	4323919.242	3.304	-0.00151	0.000	0.000	0	0
530368.505	4323918.821	3.304	-0.00166	0.000	0.000	0	0
530368.437	4323918.398	3.304	-0.00176	0.000	0.000	0	0
530368.346	4323917.834	3.304	-0.00189	0.000	0.000	0	0
530368.235	4323917.125	3.304	-0.00202	0.000	0.000	0	0
530368.101	4323916.272	3.304	-0.00228	0.000	0.000	0	0
530368.011	4323915.702	3.303	-0.00215	0.000	0.000	0	0
530367.895	4323914.992	3.303	-0.00228	0.000	0.000	0	0
530367.756	4323914.135	3.302	-0.00260	0.000	0.000	0	0
530367.687	4323913.705	3.302	-0.00254	0.000	0.000	0	0
530367.573	4323912.987	3.301	-0.00288	0.000	0.000	0	0
530367.348	4323911.553	3.299	-0.00278	0.000	0.000	0	0
530367.237	4323910.835	3.298	-0.00299	0.000	0.000	0	0
530367.081	4323909.820	3.296	-0.00297	0.000	0.000	0	0
530366.929	4323908.796	3.296	-0.00300	0.000	0.000	0	0
530366.746	4323907.624	3.294	-0.00327	0.000	0.000	0	0
530366.680	4323907.183	3.293	-0.00316	0.000	0.000	0	0
530366.592	4323906.601	3.293	-0.00362	0.000	0.000	0	0
530366.428	4323905.587	3.289	-0.00349	0.000	0.000	0	0
530366.361	4323905.154	3.289	-0.00402	0.000	0.000	0	0
530366.319	4323904.865	3.288	-0.00377	0.000	0.000	0	0
530366.152	4323903.702	3.285	-0.00405	0.000	0.000	0	0
530366.070	4323903.117	3.284	-0.00398	0.000	0.000	0	0
530366.031	4323902.824	3.283	-0.00408	0.000	0.000	0	0
530365.848	4323901.501	3.281	-0.00413	0.000	0.000	0	0
530365.730	4323900.606	3.278	-0.00402	0.000	0.000	0	0
530365.691	4323900.308	3.277	-0.00406	0.000	0.000	0	0
530365.593	4323899.558	3.273	-0.00419	0.000	0.000	0	0
530365.438	4323898.346	3.273	-0.00404	0.000	0.000	0	0
530365.301	4323897.286	3.271	-0.00395	0.000	0.000	0	0
530365.241	4323896.828	3.268	-0.00400	0.000	0.000	0	0
530365.140	4323896.059	3.267	-0.00401	0.000	0.000	0	0
530365.047	4323895.282	3.263	-0.00350	0.000	0.000	0	0
530364.954	4323894.493	3.261	-0.00331	0.000	0.000	0	0
530364.918	4323894.174	3.260	-0.00224	0.000	0.000	0	0
530364.813	4323893.208	3.257	-0.00214	0.000	0.000	0	0
530364.630	4323891.547	3.252	-0.00121	0.000	0.000	0	0
530364.534	4323890.693	3.247	-0.00102	0.000	0.000	0	0
530364.404	4323889.478	3.245	-0.00045	0.000	0.000	0	0
530364.329	4323888.773	3.239	-0.00018	0.000	0.000	0	0
530364.262	4323888.066	3.238	0.00027	0.000	0.000	0	0
530364.229	4323887.711	3.234	0.00054	0.000	0.000	0	0
530364.118	4323886.449	3.232	0.00113	0.000	0.000	0	0
530364.053	4323885.719	3.229	0.00129	0.000	0.000	0	0
530363.957	4323884.609	3.228	0.00151	0.000	0.000	0	0
530363.924	4323884.235	3.225	0.00220	0.000	0.000	0	0
530363.794	4323882.723	3.222	0.00249	0.000	0.000	0	0
530363.746	4323882.148	3.220	0.00276	0.000	0.000	0	0
530363.669	4323881.180	3.217	0.00288	0.000	0.000	0	0
530363.640	4323880.790	3.215	0.00275	0.000	0.000	0	0
530363.550	4323879.607	3.214	0.00309	0.000	0.000	0	0
530363.422	4323877.806	3.211	0.00269	0.000	0.000	0	0
530363.381	4323877.200	3.207	0.00273	0.000	0.000	0	0
530363.289	4323875.563	3.204	0.00319	0.000	0.000	0	0
530363.210	4323874.116	3.203	0.00323	0.000	0.000	0	0
530363.125	4323872.670	3.205	0.00322	0.000	0.000	0	0
530363.112	4323872.463	3.206	0.00349	0.000	0.000	0	0
530363.045	4323871.435	3.206	0.00350	0.000	0.000	0	0
530363.030	4323871.230	3.208	0.00382	0.000	0.000	0	0
530362.962	4323870.204	3.210	0.00388	0.000	0.000	0	0
530362.858	4323868.772	3.211	0.00381	0.000	0.000	0	0
530362.785	4323867.754	3.213	0.00399	0.000	0.000	0	0
530362.696	4323866.540	3.217	0.00402	0.000	0.000	0	0
530362.616	4323865.527	3.218	0.00395	0.000	0.000	0	0
530362.551	4323864.716	3.221	0.00388	0.000	0.000	0	0
530362.504	4323864.111	3.222	0.00371	0.000	0.000	0	0
530362.452	4323863.510	3.223	0.00364	0.000	0.000	0	0
530362.383	4323862.713	3.226	0.00364	0.000	0.000	0	0
530362.243	4323861.121	3.230	0.00325	0.000	0.000	0	0
530362.192	4323860.528	3.232	0.00342	0.000	0.000	0	0
530362.054	4323858.947	3.237	0.00322	0.000	0.000	0	0
530361.927	4323857.572	3.241	0.00305	0.000	0.000	0	0
530361.847	4323856.788	3.245	0.00297	0.000	0.000	0	0
530361.761	4323856.002	3.248	0.00276	0.000	0.000	0	0
530361.718	4323855.610	3.249	0.00268	0.000	0.000	0	0
530361.673	4323855.219	3.252	0.00264	0.000	0.000	0	0
530361.583	4323854.438	3.254	0.00241	0.000	0.000	0	0
530361.467	4323853.464	3.257	0.00223	0.000	0.000	0	0
530361.421	4323853.076	3.259	0.00224	0.000	0.000	0	0
530361.332	4323852.302	3.262	0.00246	0.000	0.000	0	0
530361.239	4323851.530	3.267	0.00228	0.000	0.000	0	0
530361.046	4323849.993	3.271	0.00220	0.000	0.000	0	0
530360.996	4323849.610	3.272	0.00209	0.000	0.000	0	0
530360.922	4323849.039	3.275	0.00198	0.000	0.000	0	0
530360.822	4323848.279	3.278	0.00167	0.000	0.000	0	0
530360.691	4323847.334	3.280	0.00167	0.000	0.000	0	0
530360.539	4323846.201	3.282	0.00169	0.000	0.000	0	0
530360.487	4323845.824	3.283	0.00152	0.000	0.000	0	0
530360.434	4323845.445	3.284	0.00129	0.000	0.000	0	0
530360.379	4323845.063	3.285	0.00120	0.000	0.000	0	0
530360.296	4323844.489	3.286	0.00112	0.000	0.000	0	0
530360.240	4323844.108	3.288	0.00100	0.000	0.000	0	0
530360.183	4323843.723	3.288	0.00113	0.000	0.000	0	0
530360.127	4323843.340	3.289	0.00099	0.000	0.000	0	0
530360.012	4323842.572	3.291	0.00065	0.000	0.000	0	0
530359.925	4323841.994	3.293	0.00065	0.000	0.000	0	0
530359.808	4323841.222	3.294	0.00071	0.000	0.000	0	0
530359.660	4323840.258	3.296	0.00071	0.000	0.000	0	0
530359.479	4323839.095	3.298	0.00071	0.000	0.000	0	0
530359.355	4323838.317	3.299	0.00067	0.000	0.000	0	0
530359.137	4323836.952	3.302	0.00067	0.000	0.000	0	0
530359.074	4323836.564	3.304	0.00072	0.000	0.000	0	0
530358.949	4323835.793	3.304	0.00062	0.000	0.000	0	0
530358.824	4323835.033	3.305	0.00075	0.000	0.000	0	0
530358.671	4323834.097	3.306	0.00075	0.000	0.000	0	0
530358.607	4323833.727	3.306	0.00064	0.000	0.000	0	0
530358.325	4323832.089	3.307	0.00037	0.000	0.000	0	0
530358.171	4323831.203	3.307	0.00002	0.000	0.000	0	0
530358.112	4323830.853	3.308	-0.00031	0.000	0.000	0	0
530357.910	4323829.655	3.308	-0.00075	0.000	0.000	0	0
530357.854	4323829.320	3.308	-0.00195	0.000	0.000	0	0
530357.718	4323828.495	3.308	-0.00286	0.000	0.000	0	0
530357.503	4323827.208	3.309	-0.00409	0.000	0.000	0	0
530357.351	4323826.265	3.309	-0.00443	0.000	0.000	0	0
530357.302	4323825.956	3.310	-0.01003	0.000	0.000	0	0
530357.203	4323825.346	3.310	-0.01081	0.000	0.000	0	0
530357.032	4323824.303	3.310	-0.01200	0.000	0.000	0	0
530356.984	4323824.010	3.310	-0.01352	0.000	0.000	0	0
530356.911	4323823.573	3.311	-0.01478	0.000	0.000	0	0
530356.739	4323822.580	3.312	-0.01549	0.000	0.000	0	0
530356.691	4323822.300	3.312	-0.01987	0.000	0.000	0	0
530356.597	4323821.747	3.312	-0.02222	0.000	0.000	0	0
530356.549	4323821.475	3.312	-0.02283	0.000	0.000	0	0
530356.502	4323821.202	3.313	-0.02484	0.000	0.000	0	0
530356.388	4323820.532	3.312	-0.03029	0.000	0.000	0	0
530356.303	4323820.004	3.313	-0.03036	0.000	0.000	0	0
530356.152	4323819.099	3.313	-0.03120	0.000	0.000	0	0
530355.958	4323817.968	3.312	-0.03371	0.000	0.000	0	0
530355.916	4323817.721	3.311	-0.03627	0.000	0.000	0	0
530355.831	4323817.235	3.310	-0.03279	0.000	0.000	0	0
530355.730	4323816.639	3.307	-0.03393	0.000	0.000	0	0
530355.635	4323816.047	3.303	-0.03548	0.000	0.000	0	0
530355.528	4323815.331	3.290	-0.03885	0.000	0.000	0	0
530355.381	4323814.208	3.277	-0.04024	0.000	0.000	0	0
530355.230	4323812.953	3.255	-0.04261	0.000	0.000	0	0
530355.133	4323811.979	3.250	-0.03970	0.000	0.000	0	0
530355.108	4323811.742	3.230	-0.03872	0.000	0.000	0	0
530355.055	4323811.153	3.223	-0.04178	0.000	0.000	0	0
530355.026	4323810.803	3.218	-0.04114	0.000	0.000	0	0
530354.991	4323810.224	3.204	-0.03715	0.000	0.000	0	0
530354.981	4323809.991	3.200	-0.03771	0.000	0.000	0	0
530354.954	4323809.518	3.195	-0.03885	0.000	0.000	0	0
530354.944	4323809.278	3.179	-0.03659	0.000	0.000	0	0
530354.930	4323808.794	3.160	-0.03707	0.000	0.000	0	0
530354.924	4323808.167	3.153	-0.03850	0.000	0.000	0	0
530354.925	4323807.911	3.144	-0.03857	0.000	0.000	0	0
530354.928	4323807.651	3.121	-0.03862	0.000	0.000	0	0
530354.942	4323807.124	3.111	-0.03496	0.000	0.000	0	0
530355.030	4323805.795	3.079	-0.03801	0.000	0.000	0	0
530355.062	4323805.397	3.057	-0.03784	0.000	0.000	0	0
530355.168	4323804.459	3.016	-0.03792	0.000	0.000	0	0
530355.294	4323803.652	2.990	-0.03959	0.000	0.000	0	0
530355.401	4323802.970	2.970	-0.04153	0.000	0.000	0	0
530355.690	4323801.608	2.918	-0.04287	0.000	0.000	0	0
530355.752	4323801.334	2.897	-0.04430	0.000	0.000	0	0
530355.961	4323800.519	2.865	-0.04629	0.000	0.000	0	0
530356.121	4323799.978	2.839	-0.04739	0.000	0.000	0	0
530356.469	4323798.897	2.813	-0.04914	0.000	0.000	0	0
530357.025	4323797.413	2.774	-0.04878	0.000	0.000	0	0
530357.192	4323797.008	2.749	-0.04903	0.000	0.000	0	0
530357.732	4323795.788	2.715	-0.04738	0.000	0.000	0	0
530358.125	4323794.971	2.689	-0.04445	0.000	0.000	0	0
530358.473	4323794.289	2.668	-0.04312	0.000	0.000	0	0
530358.691	4323793.880	2.649	-0.03825	0.000	0.000	0	0
530359.155	4323793.061	2.629	-0.03666	0.000	0.000	0	0
530359.314	4323792.788	2.613	-0.03730	0.000	0.000	0	0
530359.479	4323792.515	2.596	-0.03450	0.000	0.000	0	0
530359.908	4323791.839	2.572	-0.02910	0.000	0.000	0	0
530360.457	4323791.038	2.535	-0.02616	0.000	0.000	0	0
530360.838	4323790.509	2.522	-0.02300	0.000	0.000	0	0
530361.136	4323790.120	2.481	-0.01918	0.000	0.000	0	0
530361.651	4323789.475	2.445	-0.01535	0.000	0.000	0	0
530361.864	4323789.221	2.437	-0.01218	0.000	0.000	0	0
530362.303	4323788.722	2.404	-0.00917	0.000	0.000	0	0
530362.644	4323788.357	2.361	-0.00536	0.000	0.000	0	0
530363.363	4323787.651	2.315	-0.00502	0.000	0.000	0	0
530364.375	4323786.776	2.248	-0.00541	0.000	0.000	0	0
530364.636	4323786.572	2.229	-0.00541	0.000	0.000	0	0
530365.967	4323785.649	2.136	-0.00494	0.000	0.000	0	0
530366.780	4323785.165	2.091	-0.00362	0.000	0.000	0	0
530368.146	4323784.486	2.022	-0.00137	0.000	0.000	0	0
530368.690	4323784.244	1.988	-0.00081	0.000	0.000	0	0
530369.226	4323784.010	1.985	-0.00039	0.000	0.000	0	0
530370.014	4323783.655	1.990	-0.00003	0.000	0.000	0	0
530370.531	4323783.428	1.990	0.00032	0.000	0.000	0	0
530371.918	4323782.825	1.974	0.00045	0.000	0.000	0	0
530372.291	4323782.669	1.966	0.00062	0.000	0.000	0	0
530372.538	4323782.567	1.957	0.00083	0.000	0.000	0	0
530373.636	4323782.128	1.948	0.00092	0.000	0.000	0	0
530373.996	4323781.990	1.946	0.00116	0.000	0.000	0	0
530374.589	4323781.763	1.945	0.00116	0.000	0.000	0	0
530374.940	4323781.629	1.944	0.00130	0.000	0.000	0	0
530375.292	4323781.496	1.944	0.00135	0.000	0.000	0	0
530375.767	4323781.314	1.944	0.00172	0.000	0.000	0	0
530376.129	4323781.175	1.944	0.00192	0.000	0.000	0	0
530376.494	4323781.034	1.944	0.00192	0.000	0.000	0	0
530376.987	4323780.842	1.944	0.00201	0.000	0.000	0	0
530377.235	4323780.746	1.944	0.00193	0.000	0.000	0	0
530377.485	4323780.648	1.944	0.00180	0.000	0.000	0	0
530378.632	4323780.197	1.944	0.00163	0.000	0.000	0	0
530378.892	4323780.096	1.943	0.00157	0.000	0.000	0	0
530379.153	4323779.991	1.943	0.00140	0.000	0.000	0	0
530379.684	4323779.785	1.943	0.00120	0.000	0.000	0	0
530380.763	4323779.363	1.944	0.00122	0.000	0.000	0	0
530381.587	4323779.038	1.945	0.00098	0.000	0.000	0	0
530382.568	4323778.664	1.949	0.00107	0.000	0.000	0	0
530383.277	4323778.387	1.951	0.00094	0.000	0.000	0	0
530384.721	4323777.817	1.954	0.00088	0.000	0.000	0	0
530385.451	4323777.522	1.956	0.00075	0.000	0.000	0	0
530386.340	4323777.161	1.959	0.00047	0.000	0.000	0	0
530387.689	4323776.606	1.961	0.00041	0.000	0.000	0	0
530388.448	4323776.291	1.964	0.00026	0.000	0.000	0	0
530388.756	4323776.162	1.964	0.00021	0.000	0.000	0	0
530389.217	4323775.968	1.965	0.00003	0.000	0.000	0	0
530390.310	4323775.516	1.966	-0.00001	0.000	0.000	0	0
530390.785	4323775.323	1.967	-0.00009	0.000	0.000	0	0
530391.104	4323775.192	1.968	-0.00012	0.000	0.000	0	0
530392.230	4323774.732	1.968	-0.00012	0.000	0.000	0	0
530393.046	4323774.396	1.970	-0.00028	0.000	0.000	0	0
530393.539	4323774.191	1.970	-0.00044	0.000	0.000	0	0
530394.038	4323773.980	1.971	-0.00053	0.000	0.000	0	0
530394.533	4323773.765	1.971	-0.00060	0.000	0.000	0	0
530395.371	4323773.406	1.972	-0.00076	0.000	0.000	0	0
530395.710	4323773.264	1.972	-0.00076	0.000	0.000	0	0
530396.046	4323773.119	1.972	-0.00084	0.000	0.000	0	0
530396.557	4323772.896	1.973	-0.00089	0.000	0.000	0	0
530396.899	4323772.751	1.973	-0.00089	0.000	0.000	0	0
530397.590	4323772.463	1.974	-0.00084	0.000	0.000	0	0
530397.936	4323772.316	1.974	-0.00078	0.000	0.000	0	0
530400.036	4323771.429	1.974	-0.00089	0.000	0.000	0	0
530400.567	4323771.206	1.974	-0.00089	0.000	0.000	0	0
530401.276	4323770.902	1.973	-0.00086	0.000	0.000	0	0
530402.356	4323770.450	1.972	-0.00089	0.000	0.000	0	0
530403.076	4323770.141	1.972	-0.00086	0.000	0.000	0	0
530404.351	4323769.606	1.971	-0.00069	0.000	0.000	0	0
530405.455	4323769.145	1.970	-0.00069	0.000	0.000	0	0
530406.749	4323768.603	1.969	-0.00062	0.000	0.000	0	0
530407.495	4323768.296	1.969	-0.00046	0.000	0.000	0	0
530409.173	4323767.600	1.968	-0.00046	0.000	0.000	0	0
530409.549	4323767.442	1.968	-0.00026	0.000	0.000	0	0
530411.427	4323766.663	1.967	-0.00015	0.000	0.000	0	0
530411.802	4323766.504	1.966	-0.00009	0.000	0.000	0	0
530412.556	4323766.191	1.966	-0.00002	0.000	0.000	0	0
530414.259	4323765.477	1.964	0.00013	0.000	0.000	0	0
530414.639	4323765.317	1.963	0.00035	0.000	0.000	0	0
530415.019	4323765.161	1.963	0.00045	0.000	0.000	0	0
530415.404	4323765.004	1.962	0.00050	0.000	0.000	0	0
530415.977	4323764.768	1.961	0.00060	0.000	0.000	0	0
530416.364	4323764.609	1.961	0.00060	0.000	0.000	0	0
530416.747	4323764.453	1.961	0.00060	0.000	0.000	0	0
530416.941	4323764.374	1.961	0.00060	0.000	0.000	0	0
530417.327	4323764.217	1.960	0.00060	0.000	0.000	0	0
530417.908	4323763.979	1.960	0.00060	0.000	0.000	0	0
530418.880	4323763.586	1.960	0.00053	0.000	0.000	0	0
530420.839	4323762.788	1.959	0.00049	0.000	0.000	0	0
530422.021	4323762.305	1.959	0.00021	0.000	0.000	0	0
530423.014	4323761.903	1.959	0.00020	0.000	0.000	0	0
530423.610	4323761.658	1.959	0.00009	0.000	0.000	0	0
530425.008	4323761.083	1.959	-0.00006	0.000	0.000	0	0
530425.611	4323760.836	1.959	-0.00021	0.000	0.000	0	0
530426.617	4323760.420	1.959	-0.00031	0.000	0.000	0	0
530428.241	4323759.766	1.960	-0.00038	0.000	0.000	0	0
530428.444	4323759.683	1.960	-0.00045	0.000	0.000	0	0
530429.467	4323759.269	1.961	-0.00045	0.000	0.000	0	0
530431.111	4323758.600	1.963	-0.00051	0.000	0.000	0	0
530431.523	4323758.427	1.964	-0.00055	0.000	0.000	0	0
530432.558	4323757.999	1.965	-0.00060	0.000	0.000	0	0
530433.801	4323757.477	1.967	-0.00064	0.000	0.000	0	0
530435.054	4323756.955	1.968	-0.00065	0.000	0.000	0	0
530435.897	4323756.607	1.969	-0.00065	0.000	0.000	0	0
530436.740	4323756.258	1.969	-0.00037	0.000	0.000	0	0
530437.587	4323755.907	1.969	-0.00043	0.000	0.000	0	0
530437.800	4323755.819	1.969	-0.00038	0.000	0.000	0	0
530438.436	4323755.554	1.969	-0.00032	0.000	0.000	0	0
530440.781	4323754.577	1.969	-0.00019	0.000	0.000	0	0
530441.636	4323754.219	1.968	-0.00013	0.000	0.000	0	0
530443.139	4323753.594	1.968	-0.00011	0.000	0.000	0	0
530443.355	4323753.505	1.967	-0.00004	0.000	0.000	0	0
530444.439	4323753.054	1.968	-0.00002	0.000	0.000	0	0
530445.961	4323752.420	1.967	0.00004	0.000	0.000	0	0
530446.398	4323752.238	1.967	0.00008	0.000	0.000	0	0
530447.054	4323751.964	1.966	0.00010	0.000	0.000	0	0
530448.149	4323751.510	1.966	0.00013	0.000	0.000	0	0
530451.670	4323750.050	1.965	0.00023	0.000	0.000	0	0
530453.226	4323749.407	1.965	0.00019	0.000	0.000	0	0
530453.449	4323749.315	1.965	0.00019	0.000	0.000	0	0
530454.567	4323748.849	1.964	0.00019	0.000	0.000	0	0
530456.139	4323748.199	1.963	0.00005	0.000	0.000	0	0
530457.266	4323747.739	1.962	-0.00002	0.000	0.000	0	0
530459.075	4323747.009	1.961	-0.00007	0.000	0.000	0	0
530459.759	4323746.733	1.960	-0.00008	0.000	0.000	0	0
530459.986	4323746.641	1.960	-0.00008	0.000	0.000	0	0
530460.670	4323746.367	1.960	-0.00005	0.000	0.000	0	0
530463.184	4323745.351	1.960	0.00001	0.000	0.000	0	0
530463.642	4323745.166	1.960	0.00006	0.000	0.000	0	0
530464.563	4323744.795	1.961	0.00014	0.000	0.000	0	0
530466.635	4323743.950	1.962	0.00024	0.000	0.000	0	0
530467.558	4323743.570	1.963	0.00039	0.000	0.000	0	0
530469.861	4323742.621	1.963	0.00039	0.000	0.000	0	0
530470.779	4323742.241	1.964	0.00042	0.000	0.000	0	0
530473.291	4323741.197	1.965	0.00049	0.000	0.000	0	0
530474.658	4323740.629	1.965	0.00055	0.000	0.000	0	0
530477.154	4323739.605	1.965	0.00069	0.000	0.000	0	0
530479.190	4323738.774	1.964	0.00084	0.000	0.000	0	0
530480.313	4323738.312	1.964	0.00086	0.000	0.000	0	0
530481.435	4323737.855	1.964	0.00081	0.000	0.000	0	0
530483.221	4323737.125	1.963	0.00077	0.000	0.000	0	0
530484.779	4323736.484	1.963	0.00068	0.000	0.000	0	0
530486.556	4323735.751	1.963	0.00056	0.000	0.000	0	0
530486.998	4323735.568	1.962	0.00021	0.000	0.000	0	0
530489.653	4323734.477	1.962	-0.00002	0.000	0.000	0	0
530492.080	4323733.481	1.961	-0.00009	0.000	0.000	0	0
530493.179	4323733.031	1.962	-0.00038	0.000	0.000	0	0
530495.583	4323732.046	1.962	-0.00042	0.000	0.000	0	0
530496.238	4323731.780	1.963	-0.00046	0.000	0.000	0	0
530498.411	4323730.882	1.966	-0.00063	0.000	0.000	0	0
530499.490	4323730.431	1.967	-0.00069	0.000	0.000	0	0
530501.857	4323729.438	1.970	-0.00099	0.000	0.000	0	0
530502.714	4323729.078	1.971	-0.00113	0.000	0.000	0	0
530503.567	4323728.723	1.973	-0.00121	0.000	0.000	0	0
530504.208	4323728.456	1.973	-0.00123	0.000	0.000	0	0
530504.847	4323728.189	1.973	-0.00119	0.000	0.000	0	0
530505.698	4323727.833	1.974	-0.00134	0.000	0.000	0	0
530506.758	4323727.386	1.975	-0.00135	0.000	0.000	0	0
530507.602	4323727.029	1.975	-0.00105	0.000	0.000	0	0
530508.024	4323726.851	1.976	-0.00094	0.000	0.000	0	0
530508.653	4323726.583	1.976	-0.00104	0.000	0.000	0	0
530509.075	4323726.405	1.976	-0.00089	0.000	0.000	0	0
530510.753	4323725.691	1.975	-0.00085	0.000	0.000	0	0
530511.800	4323725.245	1.975	-0.00084	0.000	0.000	0	0
530514.092	4323724.270	1.974	-0.00074	0.000	0.000	0	0
530514.299	4323724.183	1.973	-0.00074	0.000	0.000	0	0
530514.714	4323724.011	1.972	-0.00044	0.000	0.000	0	0
530515.333	4323723.752	1.972	-0.00044	0.000	0.000	0	0
530515.748	4323723.580	1.971	-0.00037	0.000	0.000	0	0
530518.644	4323722.380	1.969	-0.00027	0.000	0.000	0	0
530520.294	4323721.690	1.968	-0.00022	0.000	0.000	0	0
530520.910	4323721.435	1.967	-0.00001	0.000	0.000	0	0
530521.942	4323721.006	1.967	0.00002	0.000	0.000	0	0
530522.356	4323720.834	1.965	0.00031	0.000	0.000	0	0
530522.986	4323720.580	1.965	0.00040	0.000	0.000	0	0
530523.822	4323720.237	1.964	0.00056	0.000	0.000	0	0
530526.779	4323719.037	1.963	0.00056	0.000	0.000	0	0
530528.052	4323718.505	1.963	0.00070	0.000	0.000	0	0
530528.478	4323718.329	1.962	0.00073	0.000	0.000	0	0
530530.183	4323717.620	1.961	0.00080	0.000	0.000	0	0
530532.319	4323716.747	1.961	0.00080	0.000	0.000	0	0
530533.822	4323716.140	1.960	0.00084	0.000	0.000	0	0
530534.466	4323715.881	1.959	0.00084	0.000	0.000	0	0
530535.324	4323715.535	1.959	0.00088	0.000	0.000	0	0
530535.752	4323715.360	1.959	0.00086	0.000	0.000	0	0
530537.892	4323714.490	1.958	0.00088	0.000	0.000	0	0
530538.962	4323714.055	1.958	0.00082	0.000	0.000	0	0
530540.460	4323713.446	1.958	0.00082	0.000	0.000	0	0
530540.886	4323713.274	1.958	0.00053	0.000	0.000	0	0
530541.741	4323712.928	1.958	0.00048	0.000	0.000	0	0
530543.022	4323712.408	1.958	0.00042	0.000	0.000	0	0
530543.875	4323712.060	1.959	0.00042	0.000	0.000	0	0
530544.945	4323711.630	1.960	0.00032	0.000	0.000	0	0
