672103.847	3528980.265	6.208	0.00000
672103.829	3528980.498	6.208	0.00000
672103.811	3528980.738	6.209	0.00000
672103.789	3528980.971	6.211	0.00000
672103.766	3528981.239	6.213	0.00000
672103.746	3528981.463	6.216	0.00000
672103.726	3528981.705	6.220	0.00000
672103.707	3528981.966	6.223	-0.00103
672103.688	3528982.243	6.226	-0.00121
672103.668	3528982.543	6.230	-0.00157
672103.655	3528982.752	6.232	-0.00175
672103.642	3528982.969	6.233	-0.00175
672103.628	3528983.194	6.233	-0.00192
672103.613	3528983.426	6.234	-0.00209
672103.601	3528983.664	6.235	-0.00186
672103.585	3528983.909	6.235	-0.00186
672103.569	3528984.159	6.235	-0.00219
672103.555	3528984.415	6.235	-0.00251
672103.541	3528984.681	6.235	-0.00262
672103.526	3528984.951	6.235	-0.00273
672103.510	3528985.230	6.235	-0.00305
672103.494	3528985.517	6.234	-0.00317
672103.478	3528985.813	6.234	-0.00298
672103.460	3528986.116	6.234	-0.00280
672103.442	3528986.427	6.234	-0.00243
672103.422	3528986.747	6.233	-0.00225
672103.406	3528987.074	6.232	-0.00256
672103.388	3528987.409	6.232	-0.00238
672103.366	3528987.752	6.231	-0.00222
672103.341	3528988.103	6.230	-0.00222
672103.316	3528988.463	6.229	-0.00222
672103.291	3528988.830	6.227	-0.00189
672103.266	3528989.202	6.226	-0.00186
672103.239	3528989.583	6.226	-0.00154
672103.211	3528989.970	6.225	-0.00122
672103.182	3528990.366	6.224	-0.00119
672103.167	3528990.567	6.224	-0.00088
672103.152	3528990.770	6.224	-0.00088
672103.138	3528990.973	6.223	-0.00088
672103.123	3528991.181	6.222	-0.00088
672103.108	3528991.390	6.221	-0.00116
672103.091	3528991.599	6.220	-0.00085
672103.073	3528991.808	6.219	-0.00085
672103.056	3528992.020	6.218	-0.00113
672103.038	3528992.235	6.218	-0.00113
672103.021	3528992.451	6.218	-0.00113
672103.006	3528992.669	6.218	-0.00113
672102.991	3528992.887	6.218	-0.00112
672102.974	3528993.107	6.217	-0.00112
672102.957	3528993.329	6.217	-0.00112
672102.939	3528993.553	6.217	-0.00111
672102.919	3528993.778	6.217	-0.00111
672102.900	3528994.004	6.217	-0.00111
672102.881	3528994.232	6.217	-0.00111
672102.863	3528994.462	6.216	-0.00111
672102.845	3528994.693	6.216	-0.00110
672102.828	3528994.926	6.216	-0.00110
672102.811	3528995.159	6.215	-0.00110
672102.792	3528995.395	6.215	-0.00109
672102.773	3528995.632	6.215	-0.00109
672102.754	3528995.871	6.215	-0.00109
672102.734	3528996.109	6.215	-0.00109
672102.714	3528996.347	6.214	-0.00082
672102.693	3528996.587	6.214	-0.00108
672102.672	3528996.826	6.214	-0.00108
672102.652	3528997.065	6.213	-0.00081
672102.632	3528997.305	6.213	-0.00081
672102.611	3528997.545	6.213	-0.00081
672102.591	3528997.785	6.213	-0.00081
672102.571	3528998.025	6.212	-0.00081
672102.551	3528998.265	6.212	-0.00054
672102.530	3528998.506	6.212	-0.00054
672102.508	3528998.748	6.211	-0.00028
672102.486	3528998.991	6.211	0.00025
672102.463	3528999.233	6.211	0.00051
672102.442	3528999.475	6.211	0.00076
672102.422	3528999.720	6.211	0.00102
672102.400	3528999.965	6.210	0.00127
672102.379	3529000.211	6.210	0.00179
672102.357	3529000.455	6.210	0.00205
672102.335	3529000.700	6.209	0.00230
672102.312	3529000.945	6.209	0.00255
672102.290	3529001.191	6.209	0.00280
672102.268	3529001.438	6.209	0.00280
672102.246	3529001.686	6.209	0.00305
672102.227	3529001.935	6.208	0.00305
672102.205	3529002.185	6.208	0.00305
672102.183	3529002.437	6.208	0.00254
672102.161	3529002.689	6.208	0.00204
672102.137	3529002.942	6.208	0.00154
672102.114	3529003.196	6.208	0.00128
672102.092	3529003.450	6.208	0.00078
672102.070	3529003.704	6.208	0.00053
672102.049	3529003.960	6.208	0.00027
672102.027	3529004.217	6.209	-0.00022
672102.006	3529004.473	6.210	-0.00047
672101.983	3529004.731	6.211	-0.00072
672101.959	3529004.991	6.212	-0.00121
672101.937	3529005.252	6.213	-0.00121
672101.916	3529005.513	6.214	-0.00146
672101.896	3529005.775	6.215	-0.00170
672101.877	3529006.038	6.216	-0.00170
672101.857	3529006.302	6.217	-0.00145
672101.835	3529006.567	6.218	-0.00144
672101.814	3529006.833	6.219	-0.00120
672101.794	3529007.099	6.219	-0.00120
672101.775	3529007.365	6.220	-0.00095
672101.754	3529007.634	6.220	-0.00119
672101.735	3529007.904	6.220	-0.00119
672101.716	3529008.173	6.219	-0.00095
672101.695	3529008.444	6.218	-0.00095
672101.673	3529008.715	6.217	-0.00118
672101.651	3529008.988	6.217	-0.00094
672101.629	3529009.260	6.216	-0.00117
672101.607	3529009.533	6.216	-0.00117
672101.585	3529009.806	6.216	-0.00116
672101.563	3529010.081	6.215	-0.00116
672101.541	3529010.356	6.215	-0.00116
672101.518	3529010.632	6.215	-0.00116
672101.497	3529010.909	6.214	-0.00116
672101.475	3529011.188	6.214	-0.00116
672101.452	3529011.467	6.214	-0.00116
672101.429	3529011.746	6.213	-0.00092
672101.406	3529012.025	6.213	-0.00070
672101.384	3529012.306	6.213	-0.00047
672101.363	3529012.589	6.212	-0.00025
672101.341	3529012.871	6.212	0.00021
672101.319	3529013.154	6.212	0.00043
672101.298	3529013.436	6.212	0.00089
672101.274	3529013.720	6.211	0.00111
672101.250	3529014.005	6.211	0.00156
672101.227	3529014.291	6.211	0.00178
672101.205	3529014.577	6.211	0.00200
672101.183	3529014.862	6.210	0.00245
672101.160	3529015.149	6.210	0.00267
672101.137	3529015.437	6.209	0.00289
672101.112	3529015.726	6.209	0.00289
672101.088	3529016.015	6.208	0.00311
672101.064	3529016.305	6.208	0.00288
672101.040	3529016.596	6.208	0.00287
672101.015	3529016.887	6.207	0.00287
672100.989	3529017.180	6.207	0.00264
672100.962	3529017.473	6.207	0.00264
672100.934	3529017.768	6.207	0.00241
672100.906	3529018.063	6.207	0.00241
672100.878	3529018.357	6.208	0.00240
672100.851	3529018.652	6.209	0.00218
672100.825	3529018.949	6.210	0.00196
672100.799	3529019.246	6.211	0.00195
672100.774	3529019.544	6.212	0.00173
672100.749	3529019.842	6.213	0.00151
672100.724	3529020.140	6.214	0.00151
672100.699	3529020.440	6.215	0.00129
672100.673	3529020.741	6.216	0.00151
672100.648	3529021.043	6.217	0.00129
672100.624	3529021.344	6.218	0.00107
672100.601	3529021.646	6.219	0.00107
672100.578	3529021.949	6.220	0.00086
672100.554	3529022.253	6.220	0.00086
672100.530	3529022.558	6.221	0.00064
672100.505	3529022.861	6.221	0.00043
672100.481	3529023.166	6.222	0.00043
672100.459	3529023.474	6.223	0.00043
672100.437	3529023.782	6.223	0.00021
672100.415	3529024.089	6.224	0.00021
672100.394	3529024.396	6.224	0.00001
672100.372	3529024.705	6.225	0.00001
672100.349	3529025.016	6.226	0.00001
672100.327	3529025.325	6.226	-0.00041
672100.307	3529025.634	6.226	-0.00041
672100.286	3529025.945	6.227	-0.00041
672100.265	3529026.256	6.227	-0.00061
672100.244	3529026.569	6.227	-0.00081
672100.223	3529026.884	6.227	-0.00081
672100.202	3529027.197	6.227	-0.00101
672100.181	3529027.510	6.228	-0.00101
672100.159	3529027.824	6.228	-0.00122
672100.139	3529028.140	6.228	-0.00122
672100.117	3529028.459	6.228	-0.00122
672100.094	3529028.777	6.228	-0.00122
672100.073	3529029.094	6.228	-0.00121
672100.051	3529029.412	6.228	-0.00121
672100.029	3529029.733	6.228	-0.00121
672100.007	3529030.056	6.228	-0.00101
672099.986	3529030.378	6.228	-0.00101
672099.966	3529030.700	6.228	-0.00101
672099.946	3529031.022	6.228	-0.00080
672099.926	3529031.347	6.227	-0.00060
672099.904	3529031.672	6.227	-0.00060
672099.881	3529031.996	6.227	-0.00040
672099.859	3529032.323	6.226	-0.00021
672099.837	3529032.650	6.226	-0.00000
672099.814	3529032.979	6.226	-0.00000
672099.791	3529033.308	6.225	-0.00000
672099.767	3529033.637	6.224	-0.00000
672099.742	3529033.967	6.224	0.00019
672099.717	3529034.298	6.223	0.00019
672099.693	3529034.628	6.223	0.00019
672099.666	3529034.957	6.222	0.00019
672099.640	3529035.288	6.222	0.00019
672099.614	3529035.622	6.222	0.00019
672099.589	3529035.958	6.222	0.00019
672099.563	3529036.293	6.221	0.00001
672099.538	3529036.628	6.221	0.00001
672099.512	3529036.965	6.221	0.00001
672099.486	3529037.302	6.221	-0.00019
672099.461	3529037.640	6.221	-0.00019
672099.438	3529037.979	6.221	-0.00019
672099.413	3529038.317	6.221	-0.00019
672099.387	3529038.656	6.221	-0.00019
672099.363	3529038.996	6.221	-0.00019
672099.337	3529039.337	6.221	-0.00019
672099.311	3529039.679	6.222	-0.00019
672099.287	3529040.019	6.222	-0.00019
672099.262	3529040.360	6.222	-0.00019
672099.238	3529040.704	6.222	-0.00019
672099.213	3529041.049	6.222	-0.00019
672099.190	3529041.393	6.222	0.00000
672099.165	3529041.737	6.222	0.00000
672099.140	3529042.083	6.222	-0.00019
672099.114	3529042.430	6.222	-0.00019
672099.089	3529042.776	6.222	-0.00019
672099.065	3529043.124	6.222	-0.00019
672099.042	3529043.473	6.222	-0.00019
672099.017	3529043.825	6.221	-0.00019
672098.993	3529044.176	6.221	-0.00019
672098.966	3529044.527	6.221	-0.00037
672098.939	3529044.876	6.221	-0.00037
672098.913	3529045.226	6.221	-0.00037
672098.888	3529045.576	6.221	-0.00037
672098.863	3529045.925	6.221	-0.00037
672098.837	3529046.276	6.221	-0.00037
672098.812	3529046.630	6.221	-0.00037
672098.785	3529046.986	6.221	-0.00037
672098.759	3529047.342	6.221	-0.00018
672098.733	3529047.698	6.221	-0.00018
672098.707	3529048.055	6.221	-0.00018
672098.680	3529048.411	6.221	-0.00018
672098.655	3529048.768	6.221	-0.00018
672098.630	3529049.126	6.221	-0.00037
672098.602	3529049.484	6.221	-0.00037
672098.576	3529049.843	6.220	-0.00019
672098.548	3529050.202	6.220	-0.00019
672098.520	3529050.563	6.220	-0.00019
672098.491	3529050.924	6.220	-0.00019
672098.464	3529051.285	6.220	-0.00019
672098.436	3529051.645	6.220	-0.00019
672098.408	3529052.006	6.220	-0.00019
672098.379	3529052.368	6.219	-0.00019
672098.350	3529052.729	6.219	-0.00039
672098.320	3529053.090	6.219	-0.00039
672098.291	3529053.450	6.219	-0.00039
672098.262	3529053.808	6.219	-0.00039
672098.234	3529054.166	6.219	-0.00058
672098.205	3529054.523	6.219	-0.00059
672098.177	3529054.879	6.219	-0.00079
672098.149	3529055.233	6.219	-0.00079
672098.121	3529055.588	6.219	-0.00099
672098.092	3529055.942	6.219	-0.00099
672098.064	3529056.294	6.219	-0.00118
672098.035	3529056.645	6.219	-0.00138
672098.007	3529056.997	6.218	-0.00138
672097.979	3529057.346	6.218	-0.00158
672097.952	3529057.693	6.218	-0.00158
672097.925	3529058.040	6.218	-0.00159
672097.898	3529058.384	6.218	-0.00179
672097.870	3529058.727	6.218	-0.00179
672097.844	3529059.068	6.218	-0.00199
672097.817	3529059.410	6.218	-0.00179
672097.791	3529059.750	6.218	-0.00179
672097.765	3529060.088	6.218	-0.00159
672097.738	3529060.426	6.217	-0.00180
672097.710	3529060.764	6.217	-0.00160
672097.683	3529061.102	6.217	-0.00180
672097.657	3529061.438	6.217	-0.00160
672097.631	3529061.774	6.216	-0.00161
672097.604	3529062.111	6.215	-0.00161
672097.578	3529062.448	6.214	-0.00141
672097.550	3529062.784	6.214	-0.00161
672097.520	3529063.120	6.213	-0.00141
672097.491	3529063.457	6.213	-0.00121
672097.462	3529063.793	6.212	-0.00141
672097.431	3529064.126	6.211	-0.00121
672097.401	3529064.457	6.211	-0.00121
672097.371	3529064.790	6.210	-0.00122
672097.339	3529065.123	6.210	-0.00122
672097.308	3529065.455	6.209	-0.00102
672097.276	3529065.786	6.208	-0.00122
672097.244	3529066.116	6.208	-0.00102
672097.213	3529066.449	6.207	-0.00102
672097.183	3529066.782	6.207	-0.00082
672097.153	3529067.113	6.206	-0.00082
672097.123	3529067.443	6.206	-0.00082
672097.093	3529067.772	6.205	-0.00083
672097.062	3529068.103	6.205	-0.00083
672097.032	3529068.433	6.204	-0.00083
672097.001	3529068.763	6.204	-0.00063
672096.970	3529069.091	6.203	-0.00063
672096.939	3529069.421	6.203	-0.00063
672096.908	3529069.750	6.203	-0.00042
672096.876	3529070.076	6.202	-0.00042
672096.845	3529070.403	6.202	-0.00042
672096.816	3529070.730	6.202	-0.00022
672096.786	3529071.056	6.201	-0.00022
672096.757	3529071.379	6.201	-0.00022
672096.728	3529071.701	6.201	-0.00022
672096.696	3529072.024	6.200	-0.00022
672096.666	3529072.346	6.200	-0.00022
672096.636	3529072.665	6.200	0.00000
672096.607	3529072.984	6.199	0.00023
672096.577	3529073.300	6.199	0.00023
672096.548	3529073.617	6.199	0.00023
672096.519	3529073.930	6.199	0.00070
672096.489	3529074.242	6.199	0.00093
672096.459	3529074.553	6.199	0.00140
672096.428	3529074.861	6.198	0.00211
672096.399	3529075.168	6.198	0.00283
672096.369	3529075.475	6.198	0.00354
672096.340	3529075.781	6.198	0.00426
672096.310	3529076.085	6.198	0.00474
672096.281	3529076.388	6.198	0.00547
672096.252	3529076.689	6.198	0.00619
672096.222	3529076.989	6.198	0.00692
672096.192	3529077.288	6.198	0.00766
672096.165	3529077.587	6.198	0.00792
672096.136	3529077.883	6.198	0.00866
672096.107	3529078.177	6.198	0.00941
672096.078	3529078.470	6.198	0.00969
672096.050	3529078.761	6.198	0.01045
672096.020	3529079.051	6.198	0.01100
672095.991	3529079.340	6.198	0.01131
672095.965	3529079.629	6.199	0.01161
672095.939	3529079.914	6.199	0.01191
672095.911	3529080.200	6.199	0.01247
672095.884	3529080.484	6.201	0.01302
672095.856	3529080.767	6.202	0.01333
672095.830	3529081.049	6.204	0.01390
672095.805	3529081.331	6.207	0.01183
672095.782	3529081.609	6.210	0.01265
672095.760	3529081.887	6.213	0.01373
672095.739	3529082.165	6.216	0.01459
672095.716	3529082.441	6.218	0.01544
672095.694	3529082.716	6.221	0.01628
672095.671	3529082.990	6.224	0.01689
672095.652	3529083.264	6.227	0.01723
672095.634	3529083.536	6.230	0.01784
672095.614	3529083.806	6.232	0.01847
672095.598	3529084.074	6.235	0.01910
672095.580	3529084.341	6.238	0.01975
672095.562	3529084.608	6.241	0.02066
672095.546	3529084.875	6.245	0.02129
672095.532	3529085.137	6.249	0.02222
672095.520	3529085.398	6.253	0.02552
672095.508	3529085.661	6.257	0.02650
672095.496	3529085.923	6.261	0.02747
672095.487	3529086.184	6.266	0.02871
672095.478	3529086.443	6.270	0.03000
672095.471	3529086.700	6.274	0.03100
672095.465	3529086.956	6.279	0.03200
672095.458	3529087.213	0.001	0.03356
672095.454	3529087.470	0.007	0.03424
672095.454	3529087.724	0.013	0.03516
672095.455	3529087.974	0.019	0.03647
672095.459	3529088.225	0.025	0.03713
672095.465	3529088.476	0.031	0.03820
672095.473	3529088.725	0.037	0.03910
672095.480	3529088.971	0.042	0.03944
672095.488	3529089.216	0.048	0.04014
672095.499	3529089.459	0.054	0.04048
672095.512	3529089.701	0.060	0.04051
672095.526	3529089.943	0.067	0.04028
672095.543	3529090.184	0.074	0.04000
672095.562	3529090.423	0.080	0.04003
672095.582	3529090.661	0.088	0.04002
672095.604	3529090.898	0.095	0.03942
672095.627	3529091.134	0.104	0.03973
672095.652	3529091.368	0.113	0.03975
672095.679	3529091.601	0.123	0.03913
672095.709	3529091.831	0.133	0.03912
672095.743	3529092.059	0.142	0.03862
672095.778	3529092.287	0.151	0.03842
672095.814	3529092.513	0.161	0.03844
672095.848	3529092.770	0.170	0.03834
672095.890	3529093.000	0.179	0.03801
672095.927	3529093.222	0.189	0.03797
672095.968	3529093.451	0.198	0.03786
672096.015	3529093.668	0.208	0.03780
672096.061	3529093.897	0.217	0.03769
672096.109	3529094.125	0.226	0.03793
672096.161	3529094.345	0.235	0.03817
672096.216	3529094.570	0.245	0.03832
672096.270	3529094.797	0.254	0.03825
672096.326	3529095.019	0.263	0.03866
672096.382	3529095.244	0.272	0.03860
672096.440	3529095.464	0.281	0.03903
672096.503	3529095.687	0.290	0.03915
672096.571	3529095.907	0.298	0.03903
672096.638	3529096.126	0.307	0.03920
672096.709	3529096.347	0.316	0.03913
672096.777	3529096.564	0.324	0.03905
672096.849	3529096.786	0.333	0.03874
672096.931	3529097.011	0.342	0.03836
672097.002	3529097.225	0.350	0.03800
672097.081	3529097.442	0.359	0.03760
672097.157	3529097.665	0.368	0.03718
672097.238	3529097.886	0.377	0.03654
672097.328	3529098.105	0.386	0.03644
672097.422	3529098.325	0.395	0.03585
672097.516	3529098.543	0.404	0.03546
672097.608	3529098.762	0.413	0.03464
672097.702	3529098.978	0.423	0.03426
672097.796	3529099.193	0.432	0.03366
672097.891	3529099.414	0.442	0.03304
672097.996	3529099.628	0.451	0.03215
672098.100	3529099.847	0.461	0.03153
672098.203	3529100.062	0.470	0.03062
672098.307	3529100.264	0.480	0.02977
672098.417	3529100.479	0.489	0.02892
672098.527	3529100.695	0.498	0.02778
672098.644	3529100.910	0.508	0.02695
672098.762	3529101.122	0.517	0.02586
672098.883	3529101.334	0.526	0.02446
672099.003	3529101.545	0.534	0.02333
672099.128	3529101.760	0.542	0.02197
672099.255	3529101.971	0.550	0.02036
672099.379	3529102.184	0.559	0.01826
672099.507	3529102.398	0.567	0.01639
672099.638	3529102.612	0.575	0.01403
672099.768	3529102.823	0.584	0.01169
672099.905	3529103.029	0.592	0.00909
672100.044	3529103.238	0.600	0.00703
672100.181	3529103.449	0.608	0.00474
672100.327	3529103.656	0.616	0.00244
672100.472	3529103.859	0.623	-0.00008
672100.617	3529104.066	0.631	-0.00264
672100.766	3529104.272	0.637	-0.00514
672100.915	3529104.477	0.644	-0.00740
672101.068	3529104.685	0.649	-0.00964
672101.221	3529104.893	0.654	-0.01163
672101.373	3529105.096	0.659	-0.01358
672101.531	3529105.299	0.664	-0.01507
672101.687	3529105.501	0.669	-0.01679
672101.843	3529105.706	0.673	-0.01823
672102.001	3529105.912	0.677	-0.01940
672102.164	3529106.115	0.681	-0.02057
672102.327	3529106.320	0.684	-0.02200
672102.491	3529106.520	0.686	-0.02298
672102.652	3529106.723	0.686	-0.02394
672102.818	3529106.925	0.686	-0.02515
672102.989	3529107.131	0.685	-0.02633
672103.148	3529107.338	0.682	-0.02753
672103.310	3529107.546	0.679	-0.02898
672103.470	3529107.753	0.676	-0.03070
672103.635	3529107.961	0.672	-0.03241
672103.796	3529108.179	0.668	-0.03388
672103.962	3529108.394	0.663	-0.03528
672104.127	3529108.603	0.658	-0.03668
672104.289	3529108.822	0.652	-0.03791
672104.448	3529109.041	0.647	-0.03910
672104.605	3529109.266	0.642	-0.04032
672104.764	3529109.488	0.637	-0.04130
672104.925	3529109.714	0.631	-0.04244
672105.082	3529109.933	0.625	-0.04366
672105.238	3529110.154	0.618	-0.04433
672105.400	3529110.378	0.611	-0.04477
672105.554	3529110.606	0.603	-0.04524
672105.703	3529110.840	0.595	-0.04545
672105.852	3529111.069	0.586	-0.04562
672105.993	3529111.297	0.578	-0.04608
672106.141	3529111.529	0.570	-0.04627
672106.285	3529111.762	0.560	-0.04676
672106.426	3529111.997	0.550	-0.04701
672106.558	3529112.238	0.539	-0.04726
672106.694	3529112.475	0.528	-0.04742
672106.824	3529112.714	0.516	-0.04739
672106.952	3529112.956	0.504	-0.04758
672107.078	3529113.200	0.492	-0.04760
672107.204	3529113.447	0.480	-0.04779
672107.328	3529113.695	0.467	-0.04778
672107.443	3529113.944	0.455	-0.04823
672107.561	3529114.194	0.442	-0.04821
672107.673	3529114.446	0.429	-0.04844
672107.776	3529114.699	0.416	-0.04819
672107.881	3529114.955	0.403	-0.04741
672107.981	3529115.211	0.390	-0.04693
672108.080	3529115.472	0.377	-0.04614
672108.178	3529115.733	0.365	-0.04517
672108.272	3529115.992	0.352	-0.04465
672108.360	3529116.254	0.340	-0.04398
672108.446	3529116.519	0.327	-0.04369
672108.527	3529116.783	0.313	-0.04321
672108.610	3529117.050	0.300	-0.04295
672108.684	3529117.316	0.286	-0.04270
672108.759	3529117.582	0.272	-0.03625
672108.821	3529117.849	0.259	-0.03607
672108.884	3529118.125	0.245	-0.03630
672108.946	3529118.397	0.232	-0.03630
672109.000	3529118.669	0.218	-0.03679
672109.052	3529118.939	0.205	-0.03726
672109.103	3529119.213	0.191	-0.03797
672109.150	3529119.489	0.178	-0.03873
672109.194	3529119.767	0.164	-0.03967
672109.230	3529120.042	0.151	-0.04040
672109.264	3529120.317	0.138	-0.04135
672109.293	3529120.595	0.126	-0.04187
672109.320	3529120.876	0.115	-0.04259
672109.343	3529121.155	0.104	-0.04307
672109.368	3529121.437	0.093	-0.04334
672109.388	3529121.713	0.083	-0.05030
672109.402	3529121.991	0.072	-0.05053
672109.417	3529122.270	0.061	-0.05054
672109.431	3529122.553	0.049	-0.05078
672109.437	3529122.830	0.037	-0.05081
672109.440	3529123.107	0.025	-0.05134
672109.442	3529123.387	0.012	-0.05139
672109.438	3529123.669	6.281	-0.05143
672109.423	3529123.945	6.268	-0.05146
672109.412	3529124.223	6.254	-0.05149
672109.393	3529124.499	6.241	-0.05154
672109.374	3529124.777	6.227	-0.05159
672109.351	3529125.058	6.214	-0.05163
672109.336	3529125.338	6.200	-0.05167
672109.304	3529125.615	6.186	-0.05194
672109.268	3529125.891	6.172	-0.05197
672109.228	3529126.166	6.158	-0.05224
672109.184	3529126.442	6.143	-0.05252
672109.137	3529126.717	6.129	-0.05281
672109.087	3529126.990	6.114	-0.05308
672109.032	3529127.262	6.100	-0.05288
672108.973	3529127.533	6.086	-0.05316
672108.911	3529127.803	6.071	-0.05343
672108.843	3529128.072	6.057	-0.05370
672108.773	3529128.340	6.043	-0.05397
672108.700	3529128.607	6.029	-0.05399
672108.623	3529128.872	6.015	-0.05425
672108.541	3529129.137	6.000	-0.05428
672108.456	3529129.400	5.986	-0.05478
672108.368	3529129.661	5.972	-0.05481
672108.276	3529129.921	5.958	-0.05507
672108.179	3529130.179	5.944	-0.05508
672108.079	3529130.436	5.929	-0.05533
672107.976	3529130.691	5.915	-0.05534
672107.870	3529130.944	5.900	-0.05560
672107.760	3529131.195	5.886	-0.05585
672107.647	3529131.446	5.871	-0.05612
672107.531	3529131.695	5.856	-0.05636
672107.410	3529131.942	5.841	-0.05640
672107.285	3529132.186	5.826	-0.05668
672107.156	3529132.427	5.811	-0.05695
672107.023	3529132.666	5.796	-0.05722
672106.887	3529132.904	5.782	-0.05723
672106.748	3529133.140	5.767	-0.05726
672106.606	3529133.373	5.752	-0.05728
672106.460	3529133.605	5.737	-0.05731
672106.312	3529133.835	5.722	-0.05735
672106.159	3529134.062	5.707	-0.05738
672106.003	3529134.287	5.692	-0.05737
672105.844	3529134.508	5.677	-0.05714
672105.682	3529134.728	5.661	-0.05740
672105.517	3529134.945	5.646	-0.05716
672105.347	3529135.160	5.630	-0.05693
672105.176	3529135.374	5.615	-0.05692
672105.002	3529135.585	5.599	-0.05665
672104.825	3529135.793	5.584	-0.05663
672104.646	3529135.998	5.568	-0.05614
672104.463	3529136.201	5.553	-0.05614
672104.277	3529136.400	5.537	-0.05587
672104.087	3529136.596	5.521	-0.05584
672103.895	3529136.788	5.506	-0.05535
672103.701	3529136.977	5.490	-0.05533
672103.504	3529137.164	5.474	-0.05506
672103.303	3529137.347	5.458	-0.05509
672103.099	3529137.527	5.443	-0.05484
672102.893	3529137.703	5.427	-0.05461
672102.684	3529137.876	5.412	-0.05463
672102.471	3529138.045	5.396	-0.05466
672102.257	3529138.211	5.381	-0.05468
672102.040	3529138.374	5.365	-0.05471
672101.819	3529138.535	5.350	-0.05449
672101.597	3529138.691	5.335	-0.05476
672101.372	3529138.844	5.319	-0.05503
672101.144	3529138.992	5.304	-0.05508
672100.913	3529139.136	5.289	-0.05540
672100.680	3529139.277	5.274	-0.05593
672100.444	3529139.414	5.259	-0.05599
672100.206	3529139.547	5.243	-0.05632
672099.967	3529139.677	5.229	-0.05636
672099.726	3529139.803	5.214	-0.05691
672099.483	3529139.927	5.199	-0.05695
672099.238	3529140.048	5.184	-0.05724
672098.992	3529140.164	5.170	-0.05750
672098.744	3529140.277	5.155	-0.05752
672098.493	3529140.385	5.140	-0.05754
672098.242	3529140.488	5.125	-0.05757
672097.990	3529140.588	5.111	-0.05735
672097.737	3529140.685	5.096	-0.05713
672097.483	3529140.779	5.081	-0.05715
672097.228	3529140.868	5.066	-0.05690
672096.971	3529140.953	5.051	-0.05667
672096.713	3529141.034	5.036	-0.05666
672096.453	3529141.110	5.021	-0.05637
672096.193	3529141.183	5.006	-0.05635
672095.932	3529141.253	4.990	-0.05606
672095.671	3529141.320	4.975	-0.05600
672095.410	3529141.381	4.959	-0.05570
672095.147	3529141.437	4.943	-0.05543
672094.884	3529141.490	4.928	-0.05540
672094.621	3529141.538	4.912	-0.05538
672094.356	3529141.581	4.897	-0.05536
672094.092	3529141.623	4.881	-0.05557
672093.827	3529141.661	4.866	-0.05527
672093.561	3529141.693	4.850	-0.05523
672093.293	3529141.723	4.834	-0.05519
672093.025	3529141.747	4.819	-0.05515
672092.757	3529141.766	4.804	-0.05486
672092.489	3529141.782	4.789	-0.05484
672092.221	3529141.795	4.775	-0.05480
672091.953	3529141.805	4.760	-0.05477
672091.685	3529141.810	4.745	-0.05454
672091.417	3529141.810	4.730	-0.05453
672091.149	3529141.807	4.715	-0.05453
672090.880	3529141.800	4.700	-0.05426
672090.610	3529141.789	4.685	-0.05400
672090.341	3529141.774	4.670	-0.05398
672090.071	3529141.755	4.655	-0.05373
672089.800	3529141.733	4.640	-0.05347
672089.530	3529141.705	4.625	-0.05295
672089.260	3529141.674	4.610	-0.05245
672088.991	3529141.639	4.595	-0.05193
672088.724	3529141.601	4.580	-0.05143
672088.457	3529141.558	4.565	-0.05066
672088.190	3529141.511	4.550	-0.04991
672087.923	3529141.459	4.536	-0.04916
672087.658	3529141.404	4.521	-0.04840
672087.393	3529141.345	4.506	-0.04741
672087.130	3529141.282	4.491	-0.04640
672086.866	3529141.215	4.477	-0.04566
672086.603	3529141.145	4.462	-0.04515
672086.341	3529141.071	4.447	-0.04415
672086.080	3529140.992	4.432	-0.04339
672085.822	3529140.909	4.418	-0.04290
672085.564	3529140.824	4.403	-0.04239
672085.307	3529140.736	4.388	-0.04187
672085.050	3529140.643	4.374	-0.04113
672084.796	3529140.548	4.360	-0.04063
672084.543	3529140.449	4.345	-0.03966
672084.292	3529140.346	4.331	-0.03868
672084.041	3529140.237	4.318	-0.03771
672083.792	3529140.126	4.305	-0.03672
672083.545	3529140.012	4.292	-0.03575
672083.298	3529139.896	4.279	-0.03453
672083.052	3529139.776	4.267	-0.03355
672082.806	3529139.653	4.255	-0.03207
672082.563	3529139.526	4.243	-0.03084
672082.322	3529139.396	4.231	-0.02961
672082.083	3529139.264	4.220	-0.02839
672081.846	3529139.128	4.209	-0.02741
672081.609	3529138.990	4.198	-0.02620
672081.373	3529138.851	4.187	-0.02498
672081.139	3529138.710	4.175	-0.02399
672080.907	3529138.566	4.164	-0.02278
672080.677	3529138.418	4.153	-0.02179
672080.449	3529138.266	4.142	-0.02057
672080.222	3529138.111	4.131	-0.01935
672079.997	3529137.953	4.120	-0.01788
672079.773	3529137.794	4.110	-0.01691
672079.551	3529137.633	4.100	-0.01521
672079.329	3529137.470	4.092	-0.01376
672079.110	3529137.304	4.084	-0.01231
672078.892	3529137.138	4.076	-0.01061
672078.675	3529136.970	4.069	-0.00916
672078.459	3529136.802	4.062	-0.00723
672078.244	3529136.632	4.056	-0.00578
672078.029	3529136.460	4.049	-0.00457
672077.815	3529136.287	4.043	-0.00289
672077.603	3529136.111	4.037	-0.00192
672077.393	3529135.934	4.031	-0.00073
672077.183	3529135.756	4.025	0.00071
672076.973	3529135.577	4.018	0.00191
672076.764	3529135.397	4.012	0.00311
672076.556	3529135.215	4.007	0.00480
672076.348	3529135.032	4.001	0.00599
672076.141	3529134.849	3.998	0.00718
672075.934	3529134.663	3.994	0.00838
672075.728	3529134.477	3.991	0.00934
672075.523	3529134.290	3.989	0.01052
672075.317	3529134.105	3.988	0.01171
672075.113	3529133.918	3.986	0.01313
672074.908	3529133.730	3.986	0.01456
672074.703	3529133.542	3.986	0.01575
672074.497	3529133.355	3.986	0.01694
672074.292	3529133.168	3.987	0.01789
672074.085	3529132.981	3.987	0.01860
672073.878	3529132.795	3.988	0.01907
672073.671	3529132.608	3.988	0.01954
672073.465	3529132.421	3.988	0.02000
672073.258	3529132.233	3.989	0.02023
672073.051	3529132.046	3.990	0.02070
672072.843	3529131.859	3.991	0.02116
672072.636	3529131.673	3.994	0.02163
672072.428	3529131.489	3.997	0.02209
672072.219	3529131.305	4.001	0.02232
672072.011	3529131.122	4.006	0.02255
672071.799	3529130.940	4.011	0.02300
672071.586	3529130.760	4.016	0.02345
672071.372	3529130.583	4.021	0.02391
672071.156	3529130.406	4.026	0.02483
672070.939	3529130.228	4.031	0.02551
672070.721	3529130.050	4.037	0.02642
672070.503	3529129.874	4.043	0.02710
672070.284	3529129.699	4.049	0.02733
672070.065	3529129.525	4.055	0.02801
672069.843	3529129.353	4.061	0.02846
672069.620	3529129.183	4.066	0.02890
672069.398	3529129.013	4.072	0.02933
672069.175	3529128.844	4.077	0.02999
672068.951	3529128.676	4.083	0.03044
672068.725	3529128.509	4.090	0.03087
672068.499	3529128.342	4.096	0.03108
672068.271	3529128.178	4.103	0.03128
672068.042	3529128.016	4.110	0.03147
672067.812	3529127.854	4.117	0.03123
672067.580	3529127.694	4.124	0.03123
672067.346	3529127.535	4.131	0.03124
672067.111	3529127.379	4.138	0.03100
672066.873	3529127.223	4.146	0.03123
672066.635	3529127.069	4.154	0.03099
672066.396	3529126.917	4.162	0.03097
672066.156	3529126.765	4.171	0.03071
672065.913	3529126.617	4.180	0.03069
672065.668	3529126.471	4.189	0.03021
672065.422	3529126.329	4.198	0.03017
672065.176	3529126.189	4.206	0.02992
672064.927	3529126.052	4.215	0.02990
672064.677	3529125.917	4.224	0.02966
672064.425	3529125.783	4.233	0.02941
672064.170	3529125.651	4.242	0.02963
672063.913	3529125.520	4.252	0.02938
672063.656	3529125.394	4.261	0.02934
672063.397	3529125.270	4.270	0.02932
672063.136	3529125.147	4.279	0.02905
672062.874	3529125.027	4.288	0.02903
672062.611	3529124.908	4.297	0.02878
672062.350	3529124.791	4.305	0.02854
672062.090	3529124.676	4.314	0.02831
672061.830	3529124.564	4.323	0.02808
672061.568	3529124.453	4.331	0.02740
672061.305	3529124.345	4.340	0.02694
672061.040	3529124.239	4.348	0.02625
672060.772	3529124.136	4.357	0.02556
672060.502	3529124.034	4.365	0.02510
672060.230	3529123.932	4.374	0.02417
672059.957	3529123.832	4.382	0.02323
672059.682	3529123.735	4.391	0.02183
672059.407	3529123.641	4.399	0.02067
672059.131	3529123.550	4.408	0.01952
672058.855	3529123.461	4.416	0.01812
672058.577	3529123.375	4.424	0.01674
672058.301	3529123.292	4.433	0.01559
672058.025	3529123.212	4.441	0.01398
672057.748	3529123.134	4.450	0.01261
672057.470	3529123.057	4.458	0.01168
672057.190	3529122.982	4.466	0.01031
672056.911	3529122.909	4.474	0.00916
672056.630	3529122.840	4.482	0.00824
672056.348	3529122.773	4.489	0.00709
672056.064	3529122.708	4.497	0.00640
672055.780	3529122.645	4.504	0.00571
672055.496	3529122.585	4.510	0.00502
672055.212	3529122.525	4.516	0.00456
672054.927	3529122.465	4.522	0.00387
672054.642	3529122.407	4.527	0.00364
672054.357	3529122.351	4.533	0.00319
672054.072	3529122.296	4.538	0.00295
672053.786	3529122.245	4.542	0.00272
672053.499	3529122.194	4.545	0.00272
672053.213	3529122.144	4.548	0.00249
672052.926	3529122.094	4.551	0.00249
672052.638	3529122.043	4.553	0.00248
672052.351	3529121.992	4.555	0.00225
672052.063	3529121.943	4.557	0.00225
672051.775	3529121.893	4.558	0.00201
672051.487	3529121.843	4.559	0.00200
672051.198	3529121.794	4.561	0.00200
672050.909	3529121.745	4.561	0.00178
672050.621	3529121.696	4.562	0.00199
672050.333	3529121.648	4.563	0.00177
672050.044	3529121.600	4.564	0.00198
672049.755	3529121.550	4.566	0.00176
672049.466	3529121.502	4.567	0.00154
672049.175	3529121.456	4.567	0.00132
672048.885	3529121.408	4.568	0.00110
672048.595	3529121.361	4.568	0.00089
672048.302	3529121.314	4.569	0.00067
672048.010	3529121.266	4.569	0.00067
672047.716	3529121.217	4.570	0.00024
672047.422	3529121.170	4.570	0.00002
672047.128	3529121.123	4.571	-0.00040
672046.832	3529121.074	4.572	-0.00040
672046.535	3529121.027	4.572	-0.00061
672046.238	3529120.979	4.573	-0.00102
672045.939	3529120.933	4.573	-0.00123
672045.640	3529120.890	4.574	-0.00164
672045.339	3529120.847	4.575	-0.00184
672045.038	3529120.804	4.576	-0.00163
672044.735	3529120.761	4.576	-0.00183
672044.431	3529120.717	4.576	-0.00203
672044.125	3529120.672	4.577	-0.00182
672043.817	3529120.628	4.577	-0.00182
672043.508	3529120.584	4.578	-0.00201
672043.197	3529120.540	4.578	-0.00181
672042.885	3529120.495	4.577	-0.00200
672042.571	3529120.451	4.577	-0.00180
672042.256	3529120.407	4.577	-0.00180
672041.941	3529120.362	4.576	-0.00179
672041.624	3529120.317	4.576	-0.00159
672041.305	3529120.271	4.576	-0.00139
672040.985	3529120.224	4.575	-0.00118
672040.665	3529120.176	4.575	-0.00118
672040.343	3529120.130	4.574	-0.00118
672040.020	3529120.083	4.574	-0.00098
672039.694	3529120.035	4.573	-0.00078
672039.368	3529119.987	4.572	-0.00097
672039.042	3529119.937	4.571	-0.00097
672038.715	3529119.886	4.570	-0.00077
672038.385	3529119.836	4.569	-0.00077
672038.055	3529119.784	4.569	-0.00058
672037.725	3529119.731	4.568	-0.00058
672037.395	3529119.680	4.567	-0.00058
672037.062	3529119.627	4.567	-0.00038
672036.727	3529119.575	4.567	-0.00020
672036.391	3529119.522	4.566	-0.00001
672036.056	3529119.469	4.566	0.00017
672035.720	3529119.415	4.565	0.00074
672035.381	3529119.360	4.565	0.00092
672035.042	3529119.305	4.565	0.00110
672034.702	3529119.252	4.564	0.00110
672034.362	3529119.198	4.564	0.00129
672034.021	3529119.143	4.564	0.00129
672033.679	3529119.088	4.564	0.00129
672033.336	3529119.033	4.563	0.00129
672032.992	3529118.976	4.563	0.00111
672032.645	3529118.919	4.563	0.00111
672032.299	3529118.862	4.563	0.00111
672031.952	3529118.805	4.562	0.00111
672031.603	3529118.747	4.562	0.00074
672031.254	3529118.689	4.562	0.00056
672030.904	3529118.630	4.562	0.00037
672030.554	3529118.571	4.562	0.00000
672030.203	3529118.512	4.562	-0.00018
672029.851	3529118.454	4.562	-0.00036
672029.497	3529118.397	4.562	-0.00036
672029.142	3529118.338	4.563	-0.00036
672028.787	3529118.279	4.564	-0.00036
672028.432	3529118.220	4.565	-0.00036
672028.076	3529118.162	4.567	-0.00036
672027.717	3529118.105	4.568	-0.00036
672027.357	3529118.049	4.569	-0.00036
672026.997	3529117.993	4.569	-0.00036
672026.637	3529117.936	4.569	-0.00036
672026.276	3529117.878	4.569	-0.00018
672025.913	3529117.820	4.569	-0.00018
672025.551	3529117.763	4.569	-0.00000
672025.189	3529117.707	4.568	-0.00000
672024.827	3529117.649	4.568	-0.00000
672024.462	3529117.591	4.568	-0.00000
672024.097	3529117.533	4.568	-0.00018
672023.732	3529117.475	4.567	-0.00018
672023.367	3529117.416	4.567	-0.00018
672023.001	3529117.357	4.567	-0.00018
672022.632	3529117.299	4.567	-0.00018
672022.263	3529117.241	4.567	0.00000
672021.893	3529117.183	4.567	0.00000
672021.524	3529117.125	4.567	0.00000
672021.155	3529117.066	4.567	0.00000
672020.786	3529117.005	4.567	0.00000
672020.416	3529116.945	4.567	-0.00017
672020.046	3529116.886	4.567	-0.00035
672019.674	3529116.827	4.566	-0.00035
672019.300	3529116.767	4.566	-0.00035
672018.924	3529116.709	4.566	-0.00035
672018.548	3529116.647	4.566	-0.00017
672018.170	3529116.585	4.566	-0.00017
672017.792	3529116.523	4.566	-0.00017
672017.417	3529116.461	4.567	-0.00017
672017.043	3529116.402	4.567	-0.00017
672016.666	3529116.340	4.567	-0.00017
672016.288	3529116.279	4.567	-0.00000
672015.911	3529116.217	4.566	-0.00000
672015.532	3529116.155	4.566	-0.00000
672015.152	3529116.093	4.566	-0.00000
672014.772	3529116.031	4.566	0.00034
672014.393	3529115.967	4.566	0.00034
672014.014	3529115.904	4.566	0.00034
672013.634	3529115.840	4.566	0.00034
672013.254	3529115.778	4.566	0.00051
672012.873	3529115.715	4.566	0.00051
672012.492	3529115.653	4.566	0.00051
672012.111	3529115.588	4.565	0.00069
672011.728	3529115.525	4.565	0.00069
672011.345	3529115.461	4.565	0.00086
672010.960	3529115.399	4.565	0.00086
672010.576	3529115.340	4.565	0.00069
672010.192	3529115.280	4.565	0.00069
672009.808	3529115.221	4.565	0.00069
672009.422	3529115.163	4.565	0.00069
672009.035	3529115.103	4.565	0.00069
672008.651	3529115.044	4.565	0.00069
672008.266	3529114.985	4.565	0.00069
672007.882	3529114.927	4.566	0.00052
672007.497	3529114.870	4.566	0.00035
672007.113	3529114.811	4.566	0.00035
672006.728	3529114.751	4.566	0.00035
672006.341	3529114.691	4.567	-0.00000
672005.955	3529114.632	4.567	-0.00000
672005.570	3529114.574	4.567	-0.00035
672005.185	3529114.515	4.567	-0.00053
672004.802	3529114.455	4.568	-0.00053
672004.419	3529114.395	4.568	-0.00070
672004.037	3529114.336	4.568	-0.00087
672003.656	3529114.276	4.569	-0.00087
672003.276	3529114.216	4.569	-0.00105
672002.896	3529114.155	4.570	-0.00105
672002.515	3529114.097	4.570	-0.00122
672002.136	3529114.037	4.570	-0.00105
672001.757	3529113.977	4.570	-0.00122
672001.377	3529113.916	4.570	-0.00122
672000.997	3529113.855	4.570	-0.00122
672000.618	3529113.798	4.571	-0.00105
672000.241	3529113.738	4.571	-0.00122
671999.862	3529113.678	4.571	-0.00105
671999.484	3529113.619	4.570	-0.00087
671999.106	3529113.561	4.570	-0.00087
671998.731	3529113.502	4.570	-0.00070
671998.357	3529113.442	4.570	-0.00053
671997.982	3529113.381	4.569	-0.00053
671997.606	3529113.321	4.569	-0.00053
671997.230	3529113.261	4.568	-0.00070
671996.854	3529113.201	4.567	-0.00035
671996.477	3529113.140	4.567	-0.00035
671996.098	3529113.078	4.566	0.00000
671995.720	3529113.016	4.565	0.00018
671995.343	3529112.955	4.565	0.00036
671994.966	3529112.895	4.565	0.00053
671994.590	3529112.836	4.565	0.00088
671994.216	3529112.776	4.564	0.00106
671993.841	3529112.714	4.564	0.00124
671993.466	3529112.652	4.563	0.00142
671993.092	3529112.590	4.563	0.00159
671992.719	3529112.529	4.563	0.00177
671992.343	3529112.466	4.563	0.00195
671991.967	3529112.404	4.562	0.00195
671991.592	3529112.343	4.562	0.00231
671991.219	3529112.281	4.562	0.00213
671990.846	3529112.219	4.562	0.00231
671990.473	3529112.158	4.562	0.00213
671990.100	3529112.097	4.562	0.00196
671989.727	3529112.035	4.562	0.00178
671989.353	3529111.972	4.562	0.00160
671988.980	3529111.909	4.561	0.00161
671988.607	3529111.847	4.562	0.00143
671988.235	3529111.785	4.562	0.00126
671987.862	3529111.724	4.563	0.00108
671987.490	3529111.662	4.564	0.00090
671987.118	3529111.600	4.565	0.00072
671986.746	3529111.539	4.566	0.00054
671986.373	3529111.479	4.567	0.00035
671986.001	3529111.419	4.568	0.00017
671985.631	3529111.360	4.569	0.00017
671985.262	3529111.300	4.570	-0.00000
671984.892	3529111.241	4.571	-0.00000
671984.521	3529111.183	4.572	-0.00000
671984.151	3529111.126	4.573	-0.00000
671983.784	3529111.069	4.573	-0.00000
671983.416	3529111.011	4.574	-0.00019
671983.049	3529110.953	4.574	-0.00019
671982.682	3529110.897	4.575	-0.00039
671982.319	3529110.842	4.575	-0.00039
671981.957	3529110.787	4.575	-0.00039
671981.594	3529110.731	4.575	-0.00039
671981.233	3529110.675	4.575	-0.00058
671980.876	3529110.622	4.576	-0.00059
671980.521	3529110.569	4.576	-0.00059
671980.168	3529110.518	4.576	-0.00079
671979.816	3529110.467	4.576	-0.00099
671979.466	3529110.416	4.576	-0.00099
671979.116	3529110.366	4.576	-0.00119
671978.767	3529110.314	4.576	-0.00139
671978.419	3529110.263	4.575	-0.00139
671978.073	3529110.212	4.575	-0.00160
671977.728	3529110.161	4.575	-0.00160
671977.383	3529110.110	4.575	-0.00140
671977.039	3529110.059	4.575	-0.00160
671976.698	3529110.009	4.575	-0.00180
671976.358	3529109.959	4.575	-0.00180
671976.019	3529109.909	4.575	-0.00181
671975.681	3529109.860	4.575	-0.00161
671975.344	3529109.810	4.575	-0.00161
671975.008	3529109.761	4.574	-0.00141
671974.674	3529109.711	4.574	-0.00121
671974.342	3529109.662	4.574	-0.00141
671974.009	3529109.612	4.574	-0.00121
671973.675	3529109.561	4.573	-0.00101
671973.342	3529109.508	4.572	-0.00101
671973.012	3529109.456	4.572	-0.00081
671972.684	3529109.405	4.571	-0.00081
671972.355	3529109.353	4.570	-0.00081
671972.026	3529109.302	4.570	-0.00081
671971.698	3529109.251	4.569	-0.00061
671971.371	3529109.200	4.568	-0.00061
671971.045	3529109.147	4.568	-0.00041
671970.717	3529109.092	4.567	-0.00041
671970.390	3529109.039	4.567	-0.00041
671970.063	3529108.987	4.567	-0.00041
671969.736	3529108.935	4.566	-0.00041
671969.408	3529108.882	4.565	-0.00020
671969.080	3529108.829	4.565	0.00000
671968.754	3529108.774	4.564	0.00000
671968.427	3529108.720	4.564	0.00020
671968.101	3529108.666	4.564	0.00041
671967.776	3529108.613	4.564	0.00041
671967.451	3529108.560	4.564	0.00061
671967.126	3529108.507	4.563	0.00082
671966.801	3529108.454	4.563	0.00102
671966.477	3529108.400	4.563	0.00122
671966.153	3529108.346	4.563	0.00122
671965.829	3529108.292	4.563	0.00143
671965.505	3529108.239	4.563	0.00143
671965.182	3529108.188	4.563	0.00143
671964.859	3529108.137	4.562	0.00143
671964.535	3529108.083	4.562	0.00143
671964.210	3529108.029	4.562	0.00123
671963.887	3529107.976	4.562	0.00123
671963.564	3529107.922	4.562	0.00102
671963.240	3529107.868	4.562	0.00103
671962.916	3529107.816	4.562	0.00103
671962.593	3529107.762	4.562	0.00104
671962.270	3529107.710	4.562	0.00104
671961.948	3529107.657	4.563	0.00084
671961.625	3529107.603	4.563	0.00063
671961.302	3529107.551	4.564	0.00085
671960.979	3529107.498	4.565	0.00064
671960.657	3529107.445	4.565	0.00064
671960.334	3529107.392	4.566	0.00064
671960.012	3529107.340	4.566	0.00064
671959.690	3529107.288	4.567	0.00064
671959.369	3529107.236	4.568	0.00086
671959.049	3529107.185	4.568	0.00086
671958.731	3529107.134	4.569	0.00086
671958.413	3529107.083	4.569	0.00088
671958.095	3529107.033	4.569	0.00088
671957.779	3529106.984	4.569	0.00066
671957.463	3529106.935	4.569	0.00089
671957.148	3529106.886	4.569	0.00089
671956.834	3529106.836	4.569	0.00112
671956.522	3529106.786	4.569	0.00113
671956.211	3529106.736	4.570	0.00136
671955.901	3529106.688	4.570	0.00182
671955.592	3529106.639	4.571	0.00205
671955.285	3529106.590	4.571	0.00228
671954.978	3529106.543	4.571	0.00275
671954.673	3529106.496	4.571	0.00252
671954.368	3529106.450	4.572	0.00276
671954.064	3529106.406	4.572	0.00299
671953.762	3529106.362	4.572	0.00277
671953.460	3529106.317	4.572	0.00301
671953.160	3529106.271	4.572	0.00301
671952.862	3529106.226	4.572	0.00278
671952.565	3529106.181	4.573	0.00278
671952.267	3529106.135	4.573	0.00255
671951.972	3529106.092	4.573	0.00232
671951.678	3529106.049	4.574	0.00234
671951.385	3529106.006	4.574	0.00188
671951.092	3529105.962	4.574	0.00164
671950.801	3529105.918	4.575	0.00141
671950.510	3529105.875	4.575	0.00120
671950.221	3529105.832	4.576	0.00120
671949.933	3529105.790	4.577	0.00096
671949.645	3529105.748	4.578	0.00097
671949.358	3529105.706	4.580	0.00122
671949.073	3529105.665	4.581	0.00124
671948.789	3529105.627	4.582	0.00124
671948.504	3529105.587	4.584	0.00149
671948.221	3529105.546	4.584	0.00175
671947.939	3529105.507	4.585	0.00175
671947.659	3529105.468	4.586	0.00200
671947.378	3529105.428	4.586	0.00201
671947.098	3529105.390	4.587	0.00227
671946.820	3529105.353	4.587	0.00227
671946.543	3529105.316	4.587	0.00252
671946.268	3529105.278	4.587	0.00253
671945.993	3529105.239	4.587	0.00253
671945.719	3529105.200	4.587	0.00279
671945.447	3529105.162	4.588	0.00279
671945.175	3529105.125	4.588	0.00280
671944.905	3529105.088	4.588	0.00255
671944.635	3529105.052	4.588	0.00280
671944.367	3529105.016	4.589	0.00280
671944.100	3529104.980	4.589	0.00255
671943.832	3529104.943	4.589	0.00281
671943.566	3529104.906	4.590	0.00281
671943.302	3529104.870	4.591	0.00255
671943.039	3529104.833	4.592	0.00256
671942.778	3529104.796	4.592	0.00256
671942.518	3529104.760	4.593	0.00256
671942.258	3529104.723	4.594	0.00257
671941.999	3529104.687	4.594	0.00283
671941.740	3529104.652	4.595	0.00257
671941.481	3529104.617	4.596	0.00258
671941.223	3529104.583	4.597	0.00259
671940.964	3529104.549	4.597	0.00259
671940.704	3529104.514	4.598	0.00260
671940.444	3529104.479	4.599	0.00262
671940.185	3529104.443	4.599	0.00262
671939.926	3529104.409	4.600	0.00263
671939.667	3529104.375	4.601	0.00237
671939.408	3529104.342	4.602	0.00265
671939.149	3529104.309	4.602	0.00239
671938.890	3529104.277	4.603	0.00266
671938.631	3529104.244	4.604	0.00268
671938.373	3529104.211	4.604	0.00269
671938.115	3529104.180	4.605	0.00243
671937.857	3529104.149	4.606	0.00271
671937.599	3529104.118	4.606	0.00245
671937.342	3529104.088	4.607	0.00247
671937.086	3529104.059	4.607	0.00247
671936.831	3529104.029	4.608	0.00248
671936.577	3529104.000	4.609	0.00250
671936.323	3529103.971	4.610	0.00250
671936.071	3529103.943	4.610	0.00223
671935.820	3529103.915	4.611	0.00252
671935.571	3529103.886	4.612	0.00196
671935.321	3529103.858	4.612	0.00196
671935.072	3529103.830	4.613	0.00168
671934.825	3529103.802	4.614	0.00141
671934.579	3529103.775	4.614	0.00113
671934.333	3529103.749	4.615	0.00113
671934.088	3529103.724	4.615	0.00085
671933.845	3529103.699	4.616	0.00054
671933.603	3529103.673	4.616	-0.00038
671933.361	3529103.646	4.617	-0.00101
671933.121	3529103.619	4.618	-0.00226
671932.882	3529103.592	4.619	-0.00353
671932.645	3529103.565	4.619	-0.00484
671932.408	3529103.539	4.620	-0.00652
671932.171	3529103.515	4.620	-0.00870
671931.936	3529103.491	4.621	-0.01052
671931.702	3529103.466	4.621	-0.01267
671931.469	3529103.441	4.622	-0.01484
671931.236	3529103.416	4.623	-0.01723
671931.005	3529103.392	4.623	-0.01982
671930.775	3529103.369	4.623	-0.02280
671930.546	3529103.345	4.624	-0.02601
671930.319	3529103.322	4.623	-0.02951
671930.095	3529103.299	4.623	-0.03332
671929.873	3529103.275	4.623	-0.03755
671929.652	3529103.251	4.623	-0.04131
671929.433	3529103.228	4.623	-0.04549
671929.217	3529103.206	4.623	-0.04980
671929.003	3529103.185	4.623	-0.05441
671928.791	3529103.164	4.622	-0.05932
671928.580	3529103.142	4.620	-0.06468
671928.371	3529103.120	4.618	-0.07028
671928.166	3529103.096	4.615	-0.07618
671927.963	3529103.071	4.612	-0.08226
671927.762	3529103.045	4.608	-0.08796
671927.368	3529102.995	4.598	-0.09342
671926.983	3529102.941	4.587	-0.09874
671926.609	3529102.882	4.575	-0.10358
671926.243	3529102.818	4.563	-0.10795
671925.881	3529102.752	4.551	-0.11194
671925.524	3529102.685	4.538	-0.11625
671925.171	3529102.612	4.524	-0.12040
671924.822	3529102.534	4.508	-0.12448
671924.479	3529102.452	4.491	-0.12835
671924.140	3529102.366	4.471	-0.13193
671923.807	3529102.273	4.448	-0.13529
671923.479	3529102.174	4.423	-0.13971
671923.158	3529102.068	4.399	-0.14434
671922.841	3529101.956	4.373	-0.14855
671922.531	3529101.838	4.345	-0.15344
671922.227	3529101.713	4.314	-0.15799
671921.933	3529101.577	4.281	-0.16252
671921.647	3529101.431	4.245	-0.16727
671921.372	3529101.271	4.208	-0.17278
671921.108	3529101.102	4.170	-0.17809
671920.856	3529100.926	4.131	-0.18347
671920.613	3529100.741	4.093	-0.18884
671920.380	3529100.552	4.055	-0.19408
671920.157	3529100.356	4.017	-0.19923
671919.945	3529100.154	3.979	-0.20440
671919.744	3529099.948	3.941	-0.21009
671919.553	3529099.735	3.903	-0.21449
671919.375	3529099.519	3.865	-0.21848
671919.208	3529099.304	3.827	-0.22313
671919.051	3529099.087	3.788	-0.22753
671918.903	3529098.870	3.748	-0.23226
671918.767	3529098.652	3.708	-0.23652
671918.640	3529098.434	3.667	-0.24101
671918.527	3529098.215	3.622	-0.24403
671918.430	3529097.994	3.576	-0.24749
671918.348	3529097.772	3.531	-0.25052
671918.275	3529097.551	3.485	-0.25332
671918.212	3529097.329	3.440	-0.25509
671918.158	3529097.111	3.396	-0.25510
671918.112	3529096.892	3.351	-0.25382
671918.076	3529096.676	3.304	-0.25138
671918.051	3529096.461	3.258	-0.24796
671918.037	3529096.249	3.212	-0.24392
671918.033	3529096.040	3.166	-0.23851
671918.038	3529095.835	3.120	-0.23213
671918.052	3529095.635	3.074	-0.22543
671918.092	3529095.342	3.005	-0.21869
671918.152	3529095.062	2.934	-0.21053
671918.232	3529094.792	2.864	-0.20174
671918.331	3529094.535	2.795	-0.19154
671918.445	3529094.291	2.725	-0.18113
671918.568	3529094.060	2.656	-0.17005
671918.707	3529093.841	2.587	-0.15908
671918.857	3529093.636	2.521	-0.14785
671919.014	3529093.442	2.454	-0.13646
671919.182	3529093.262	2.390	-0.12433
671919.359	3529093.097	2.326	-0.11311
671919.542	3529092.947	2.264	-0.10206
671919.731	3529092.811	2.203	-0.09109
671919.926	3529092.687	2.145	-0.08115
671920.128	3529092.575	2.092	-0.07074
671920.338	3529092.473	2.042	-0.06076
671920.556	3529092.381	1.992	-0.05160
671920.780	3529092.300	1.945	-0.04363
671921.010	3529092.224	1.899	-0.03676
671921.248	3529092.161	1.855	-0.03024
671921.492	3529092.106	1.813	-0.02438
671921.742	3529092.061	1.771	-0.01913
671921.998	3529092.026	1.730	-0.01582
671922.257	3529092.001	1.692	-0.01366
671922.522	3529091.986	1.658	-0.01242
671922.791	3529091.974	1.628	-0.01119
671923.065	3529091.973	1.599	-0.01027
671923.347	3529091.978	1.572	-0.00999
671923.636	3529091.986	1.547	-0.00983
671923.931	3529092.001	1.529	-0.01007
671924.231	3529092.016	1.516	-0.01052
671924.435	3529092.029	1.510	-0.01077
671924.641	3529092.045	1.504	-0.01101
671924.848	3529092.062	1.499	-0.01124
671925.059	3529092.078	1.496	-0.01128
671925.271	3529092.094	1.492	-0.01133
671925.488	3529092.115	1.490	-0.01137
671925.711	3529092.136	1.488	-0.01135
671925.939	3529092.158	1.486	-0.01079
671926.173	3529092.182	1.484	-0.01025
671926.412	3529092.207	1.482	-0.00955
671926.657	3529092.233	1.480	-0.00887
671926.911	3529092.260	1.478	-0.00820
671927.170	3529092.288	1.476	-0.00743
671927.435	3529092.316	1.473	-0.00658
671927.707	3529092.345	1.470	-0.00553
671927.985	3529092.379	1.467	-0.00470
671928.268	3529092.416	1.464	-0.00421
671928.558	3529092.454	1.461	-0.00342
671928.853	3529092.494	1.458	-0.00284
671929.155	3529092.539	1.453	-0.00257
671929.464	3529092.585	1.449	-0.00202
671929.779	3529092.629	1.444	-0.00129
671930.098	3529092.676	1.440	-0.00111
671930.426	3529092.727	1.436	-0.00094
671930.759	3529092.779	1.432	-0.00094
671931.100	3529092.831	1.429	-0.00094
671931.446	3529092.888	1.426	-0.00094
671931.801	3529092.945	1.423	-0.00062
671932.164	3529093.006	1.419	-0.00033
671932.535	3529093.069	1.418	-0.00033
671932.914	3529093.132	1.417	-0.00033
671933.301	3529093.197	1.417	-0.00002
671933.696	3529093.264	1.417	-0.00002
671933.896	3529093.298	1.417	-0.00002
671934.098	3529093.332	1.416	0.00028
671934.302	3529093.366	1.416	0.00028
671934.509	3529093.402	1.416	0.00055
671934.717	3529093.437	1.416	0.00055
671934.928	3529093.473	1.415	0.00055
671935.140	3529093.511	1.415	0.00055
671935.355	3529093.549	1.415	0.00055
671935.571	3529093.587	1.414	0.00082
671935.789	3529093.624	1.414	0.00082
671936.009	3529093.662	1.414	0.00053
671936.231	3529093.700	1.414	0.00053
671936.455	3529093.738	1.414	0.00079
671936.679	3529093.777	1.414	0.00079
671936.905	3529093.817	1.414	0.00079
671937.133	3529093.857	1.414	0.00079
671937.363	3529093.897	1.414	0.00079
671937.595	3529093.938	1.415	0.00079
671937.828	3529093.978	1.415	0.00077
671938.063	3529094.018	1.415	0.00077
671938.300	3529094.059	1.415	0.00077
671938.538	3529094.099	1.415	0.00077
671938.778	3529094.140	1.415	0.00077
671939.020	3529094.182	1.415	0.00050
671939.263	3529094.224	1.415	0.00050
671939.506	3529094.265	1.416	0.00074
671939.750	3529094.306	1.416	0.00074
671939.997	3529094.347	1.416	0.00049
671940.246	3529094.389	1.416	0.00049
671940.495	3529094.430	1.416	0.00049
671940.745	3529094.473	1.417	0.00049
671940.998	3529094.516	1.417	0.00072
671941.253	3529094.558	1.417	0.00072
671941.509	3529094.600	1.417	0.00047
671941.766	3529094.643	1.418	0.00047
671942.026	3529094.685	1.418	0.00047
671942.286	3529094.727	1.418	0.00047
671942.546	3529094.771	1.418	0.00047
671942.809	3529094.816	1.418	0.00070
671943.075	3529094.859	1.418	0.00047
671943.341	3529094.903	1.419	0.00023
671943.608	3529094.947	1.419	0.00023
671943.877	3529094.991	1.419	0.00023
671944.146	3529095.034	1.419	0.00023
671944.418	3529095.079	1.419	0.00023
671944.692	3529095.125	1.419	0.00023
671944.967	3529095.171	1.419	0.00000
671945.242	3529095.216	1.420	0.00000
671945.520	3529095.262	1.420	0.00000
671945.799	3529095.307	1.420	-0.00021
671946.079	3529095.352	1.420	-0.00021
671946.360	3529095.399	1.420	-0.00021
671946.642	3529095.446	1.420	-0.00043
671946.926	3529095.493	1.421	-0.00065
671947.211	3529095.540	1.421	-0.00064
671947.497	3529095.587	1.421	-0.00064
671947.783	3529095.634	1.421	-0.00064
671948.071	3529095.681	1.421	-0.00064
671948.362	3529095.728	1.421	-0.00085
671948.654	3529095.776	1.421	-0.00105
671948.946	3529095.824	1.422	-0.00105
671949.240	3529095.872	1.421	-0.00126
671949.536	3529095.921	1.421	-0.00126
671949.833	3529095.970	1.421	-0.00146
671950.130	3529096.020	1.421	-0.00125
671950.429	3529096.070	1.421	-0.00145
671950.728	3529096.121	1.421	-0.00166
671951.029	3529096.172	1.421	-0.00185
671951.331	3529096.222	1.421	-0.00205
671951.634	3529096.274	1.421	-0.00224
671951.939	3529096.327	1.421	-0.00244
671952.246	3529096.379	1.420	-0.00244
671952.555	3529096.431	1.420	-0.00264
671952.863	3529096.483	1.420	-0.00244
671953.172	3529096.535	1.419	-0.00223
671953.482	3529096.589	1.419	-0.00243
671953.793	3529096.644	1.418	-0.00222
671954.106	3529096.699	1.418	-0.00242
671954.419	3529096.753	1.418	-0.00221
671954.732	3529096.807	1.418	-0.00221
671955.047	3529096.861	1.417	-0.00221
671955.365	3529096.916	1.416	-0.00201
671955.684	3529096.972	1.416	-0.00180
671956.003	3529097.028	1.415	-0.00160
671956.322	3529097.084	1.415	-0.00119
671956.642	3529097.140	1.414	-0.00119
671956.964	3529097.196	1.414	-0.00139
671957.287	3529097.252	1.413	-0.00119
671957.611	3529097.308	1.412	-0.00119
671957.935	3529097.365	1.410	-0.00139
671958.259	3529097.422	1.409	-0.00139
671958.585	3529097.480	1.407	-0.00139
671958.911	3529097.539	1.406	-0.00139
671959.238	3529097.600	1.406	-0.00159
671959.566	3529097.660	1.405	-0.00159
671959.896	3529097.720	1.405	-0.00159
671960.227	3529097.780	1.405	-0.00179
671960.558	3529097.840	1.404	-0.00179
671960.890	3529097.900	1.404	-0.00199
671961.222	3529097.962	1.403	-0.00219
671961.554	3529098.024	1.403	-0.00219
671961.886	3529098.085	1.403	-0.00219
671962.216	3529098.146	1.402	-0.00239
671962.547	3529098.208	1.402	-0.00239
671962.879	3529098.269	1.401	-0.00239
671963.211	3529098.330	1.401	-0.00219
671963.542	3529098.391	1.401	-0.00219
671963.872	3529098.451	1.400	-0.00219
671964.203	3529098.512	1.399	-0.00199
671964.534	3529098.574	1.399	-0.00179
671964.865	3529098.636	1.399	-0.00160
671965.195	3529098.698	1.398	-0.00100
671965.524	3529098.759	1.397	-0.00060
671965.853	3529098.821	1.397	0.00020
671966.183	3529098.883	1.396	0.00100
671966.512	3529098.945	1.395	0.00180
671966.842	3529099.008	1.395	0.00260
671967.170	3529099.071	1.394	0.00320
671967.496	3529099.133	1.393	0.00360
671967.824	3529099.196	1.392	0.00400
671968.153	3529099.261	1.391	0.00420
671968.482	3529099.326	1.390	0.00440
671968.810	3529099.390	1.389	0.00480
671969.137	3529099.454	1.388	0.00500
671969.465	3529099.520	1.387	0.00500
671969.794	3529099.587	1.387	0.00520
671970.122	3529099.655	1.386	0.00480
671970.449	3529099.723	1.386	0.00480
671970.776	3529099.791	1.386	0.00440
671971.104	3529099.858	1.385	0.00400
671971.432	3529099.926	1.385	0.00341
671971.759	3529099.993	1.386	0.00301
671972.086	3529100.060	1.386	0.00281
671972.414	3529100.127	1.388	0.00241
671972.741	3529100.193	1.389	0.00241
671973.067	3529100.259	1.392	0.00221
671973.394	3529100.323	1.395	0.00221
671973.723	3529100.388	1.398	0.00221
671974.052	3529100.450	1.401	0.00201
671974.379	3529100.509	1.403	0.00201
671974.705	3529100.568	1.405	0.00181
671975.033	3529100.628	1.406	0.00201
671975.362	3529100.688	1.407	0.00181
671975.690	3529100.748	1.408	0.00181
671976.016	3529100.806	1.409	0.00161
671976.343	3529100.862	1.410	0.00161
671976.671	3529100.918	1.411	0.00161
671976.999	3529100.975	1.412	0.00141
671977.326	3529101.030	1.412	0.00161
671977.652	3529101.085	1.413	0.00162
671977.979	3529101.140	1.414	0.00162
671978.306	3529101.196	1.415	0.00141
671978.633	3529101.250	1.415	0.00121
671978.960	3529101.305	1.416	0.00141
671979.287	3529101.361	1.417	0.00121
671979.614	3529101.415	1.417	0.00142
671979.941	3529101.469	1.418	0.00121
671980.268	3529101.523	1.418	0.00121
671980.594	3529101.577	1.419	0.00101
671980.921	3529101.630	1.420	0.00122
671981.247	3529101.682	1.420	0.00122
671981.572	3529101.735	1.421	0.00122
671981.898	3529101.787	1.421	0.00122
671982.225	3529101.840	1.422	0.00122
671982.551	3529101.893	1.422	0.00122
671982.878	3529101.946	1.423	0.00142
671983.203	3529101.998	1.423	0.00183
671983.528	3529102.050	1.423	0.00203
671983.853	3529102.103	1.424	0.00203
671984.179	3529102.156	1.424	0.00224
671984.505	3529102.209	1.425	0.00224
671984.829	3529102.262	1.426	0.00245
671985.153	3529102.314	1.426	0.00245
671985.478	3529102.366	1.426	0.00224
671985.803	3529102.419	1.426	0.00183
671986.128	3529102.470	1.427	0.00163
671986.452	3529102.522	1.427	0.00122
671986.776	3529102.574	1.428	0.00102
671987.101	3529102.626	1.428	0.00061
671987.425	3529102.678	1.428	0.00020
671987.748	3529102.731	1.428	-0.00021
671988.071	3529102.782	1.429	-0.00082
671988.396	3529102.832	1.429	-0.00102
671988.720	3529102.885	1.430	-0.00123
671989.043	3529102.935	1.430	-0.00143
671989.367	3529102.984	1.431	-0.00164
671989.692	3529103.034	1.432	-0.00163
671990.017	3529103.083	1.433	-0.00143
671990.341	3529103.131	1.435	-0.00102
671990.664	3529103.177	1.436	-0.00082
671990.987	3529103.224	1.437	-0.00041
671991.309	3529103.271	1.438	-0.00021
671991.631	3529103.316	1.439	0.00020
671991.955	3529103.362	1.440	0.00041
671992.278	3529103.408	1.440	0.00082
671992.601	3529103.455	1.439	0.00102
671992.923	3529103.501	1.438	0.00102
671993.247	3529103.547	1.437	0.00102
671993.572	3529103.596	1.436	0.00082
671993.895	3529103.645	1.435	0.00082
671994.216	3529103.692	1.434	0.00082
671994.537	3529103.741	1.433	0.00041
671994.860	3529103.791	1.432	0.00020
671995.182	3529103.840	1.431	-0.00000
671995.504	3529103.891	1.431	-0.00021
671995.826	3529103.943	1.431	-0.00041
671996.147	3529103.994	1.431	-0.00041
671996.470	3529104.046	1.431	-0.00062
671996.791	3529104.098	1.432	-0.00082
671997.114	3529104.148	1.433	-0.00103
671997.436	3529104.199	1.434	-0.00103
671997.759	3529104.249	1.434	-0.00082
671998.081	3529104.300	1.435	-0.00082
671998.403	3529104.350	1.435	-0.00062
671998.725	3529104.401	1.436	-0.00083
671999.046	3529104.451	1.436	-0.00083
671999.367	3529104.502	1.437	-0.00062
671999.688	3529104.552	1.437	-0.00062
672000.009	3529104.601	1.436	-0.00083
672000.331	3529104.652	1.436	-0.00062
672000.652	3529104.703	1.435	-0.00062
672000.973	3529104.753	1.435	-0.00062
672001.294	3529104.805	1.435	-0.00062
672001.614	3529104.857	1.434	-0.00062
672001.934	3529104.905	1.434	-0.00062
672002.254	3529104.952	1.434	-0.00062
672002.574	3529105.000	1.433	-0.00062
672002.894	3529105.047	1.433	-0.00062
672003.214	3529105.094	1.433	-0.00062
672003.533	3529105.141	1.433	-0.00042
672003.851	3529105.188	1.432	-0.00062
672004.170	3529105.234	1.432	-0.00062
672004.489	3529105.281	1.432	-0.00062
672004.809	3529105.328	1.432	-0.00041
672005.128	3529105.376	1.432	-0.00041
672005.447	3529105.424	1.432	-0.00062
672005.767	3529105.472	1.431	-0.00062
672006.087	3529105.520	1.431	-0.00062
672006.407	3529105.567	1.431	-0.00041
672006.725	3529105.615	1.431	-0.00041
672007.042	3529105.665	1.430	-0.00041
672007.360	3529105.715	1.430	-0.00062
672007.678	3529105.765	1.430	-0.00062
672007.996	3529105.815	1.430	-0.00062
672008.315	3529105.864	1.430	-0.00062
672008.633	3529105.912	1.429	-0.00042
672008.951	3529105.963	1.429	-0.00021
672009.270	3529106.014	1.429	0.00000
672009.589	3529106.064	1.429	0.00021
672009.907	3529106.115	1.429	0.00042
672010.224	3529106.165	1.429	0.00084
672010.542	3529106.214	1.429	0.00105
672010.860	3529106.264	1.428	0.00126
672011.178	3529106.315	1.428	0.00126
672011.497	3529106.365	1.428	0.00168
672011.815	3529106.415	1.428	0.00168
672012.132	3529106.465	1.428	0.00189
672012.449	3529106.516	1.427	0.00189
672012.767	3529106.568	1.427	0.00210
672013.086	3529106.618	1.427	0.00210
672013.403	3529106.668	1.427	0.00210
672013.721	3529106.718	1.427	0.00189
672014.038	3529106.767	1.427	0.00147
672014.355	3529106.818	1.426	0.00147
672014.672	3529106.869	1.426	0.00126
672014.990	3529106.920	1.426	0.00106
672015.306	3529106.970	1.426	0.00085
672015.621	3529107.020	1.426	0.00064
672015.935	3529107.070	1.427	0.00041
672016.251	3529107.121	1.428	-0.00001
672016.568	3529107.171	1.429	-0.00001
672016.882	3529107.221	1.430	-0.00001
672017.196	3529107.269	1.431	-0.00001
672017.511	3529107.316	1.432	-0.00022
672017.826	3529107.364	1.433	-0.00045
672018.140	3529107.412	1.433	-0.00045
672018.452	3529107.459	1.435	-0.00045
672019.076	3529107.555	1.435	-0.00023
672019.386	3529107.602	1.435	-0.00045
672019.695	3529107.648	1.435	-0.00045
672020.004	3529107.695	1.436	-0.00068
672020.313	3529107.741	1.436	-0.00068
672020.619	3529107.786	1.436	-0.00068
672020.925	3529107.832	1.436	-0.00046
672021.230	3529107.879	1.435	-0.00046
672021.534	3529107.926	1.436	-0.00070
672021.836	3529107.973	1.436	-0.00070
672022.136	3529108.020	1.436	-0.00070
672022.435	3529108.065	1.436	-0.00094
672022.734	3529108.112	1.436	-0.00071
672023.031	3529108.157	1.435	-0.00071
672023.326	3529108.203	1.435	-0.00071
672023.620	3529108.249	1.435	-0.00071
672023.914	3529108.294	1.435	-0.00096
672024.206	3529108.339	1.435	-0.00096
672024.498	3529108.384	1.435	-0.00048
672024.787	3529108.429	1.434	-0.00048
672025.077	3529108.475	1.434	-0.00023
672025.365	3529108.520	1.434	-0.00023
672025.652	3529108.566	1.434	-0.00023
672025.937	3529108.610	1.434	0.00001
672026.221	3529108.653	1.434	0.00001
672026.504	3529108.698	1.433	0.00001
672026.784	3529108.742	1.433	0.00025
672027.063	3529108.783	1.433	0.00025
672027.340	3529108.825	1.433	0.00025
672027.617	3529108.868	1.433	0.00025
672027.893	3529108.909	1.432	-0.00001
672028.167	3529108.949	1.432	0.00024
672028.439	3529108.991	1.432	0.00024
672028.711	3529109.033	1.431	-0.00001
672028.982	3529109.074	1.431	-0.00001
672029.252	3529109.115	1.431	0.00001
672029.520	3529109.156	1.431	0.00001
672029.787	3529109.197	1.431	0.00028
672030.052	3529109.237	1.430	0.00028
672030.318	3529109.278	1.430	0.00055
672030.582	3529109.319	1.431	0.00055
672030.845	3529109.358	1.431	0.00055
672031.106	3529109.396	1.432	0.00083
672031.367	3529109.435	1.432	0.00083
672031.627	3529109.474	1.432	0.00083
672031.885	3529109.513	1.432	0.00138
672032.142	3529109.553	1.432	0.00138
672032.398	3529109.593	1.432	0.00138
672032.652	3529109.633	1.432	0.00166
672032.906	3529109.671	1.432	0.00166
672033.160	3529109.710	1.432	0.00139
672033.411	3529109.749	1.432	0.00169
672033.660	3529109.787	1.431	0.00141
672033.909	3529109.825	1.431	0.00141
672034.158	3529109.864	1.431	0.00114
672034.406	3529109.902	1.431	0.00143
672034.651	3529109.940	1.431	0.00143
672034.895	3529109.977	1.432	0.00115
672035.139	3529110.014	1.432	0.00115
672035.382	3529110.052	1.433	0.00115
672035.623	3529110.089	1.433	0.00087
672035.864	3529110.126	1.434	0.00116
672036.103	3529110.163	1.434	0.00116
672036.341	3529110.198	1.434	0.00117
672036.577	3529110.234	1.435	0.00117
672036.813	3529110.268	1.435	0.00117
672037.048	3529110.303	1.435	0.00088
672037.280	3529110.338	1.436	0.00088
672037.511	3529110.373	1.436	0.00088
672037.743	3529110.410	1.436	0.00088
672037.973	3529110.444	1.437	0.00088
672038.202	3529110.479	1.437	0.00088
672038.429	3529110.514	1.437	0.00088
672038.656	3529110.547	1.438	0.00088
672038.882	3529110.580	1.438	0.00088
672039.106	3529110.613	1.438	0.00088
672039.329	3529110.646	1.438	0.00058
672039.555	3529110.680	1.439	0.00088
672039.778	3529110.713	1.439	0.00059
672040.002	3529110.745	1.439	0.00059
672040.227	3529110.779	1.439	0.00059
672040.452	3529110.812	1.439	0.00059
672040.677	3529110.845	1.439	0.00059
672040.901	3529110.878	1.440	0.00059
672041.125	3529110.911	1.440	0.00059
672041.351	3529110.945	1.441	-0.00001
672041.575	3529110.977	1.441	-0.00001
672041.800	3529111.009	1.441	-0.00001
672042.026	3529111.040	1.441	-0.00001
672042.251	3529111.072	1.441	-0.00031
672042.476	3529111.104	1.441	-0.00061
672042.701	3529111.136	1.441	-0.00061
672042.927	3529111.168	1.442	-0.00091
672043.153	3529111.200	1.442	-0.00122
672043.378	3529111.231	1.442	-0.00122
672043.603	3529111.262	1.442	-0.00153
672043.829	3529111.293	1.442	-0.00153
672044.054	3529111.324	1.442	-0.00185
672044.279	3529111.355	1.442	-0.00185
672044.504	3529111.387	1.443	-0.00217
672044.729	3529111.419	1.443	-0.00219
672044.952	3529111.451	1.443	-0.00219
672045.176	3529111.482	1.443	-0.00252
672045.401	3529111.514	1.443	-0.00252
672045.624	3529111.544	1.443	-0.00222
672045.845	3529111.575	1.443	-0.00224
672046.067	3529111.605	1.443	-0.00224
672046.288	3529111.635	1.442	-0.00257
672046.509	3529111.667	1.442	-0.00226
672046.728	3529111.698	1.442	-0.00243
672046.948	3529111.727	1.442	-0.00229
672047.167	3529111.757	1.441	-0.00246
672047.384	3529111.786	1.440	-0.00214
672047.597	3529111.816	1.440	-0.00233
672047.810	3529111.846	1.440	-0.00219
672048.021	3529111.878	1.439	-0.00187
672048.231	3529111.909	1.439	-0.00207
672048.441	3529111.940	1.438	-0.00195
672048.649	3529111.972	1.438	-0.00174
672048.856	3529112.003	1.437	-0.00174
672049.062	3529112.033	1.437	-0.00141
672049.267	3529112.064	1.436	-0.00119
672049.473	3529112.095	1.435	-0.00086
672049.677	3529112.127	1.435	-0.00064
672049.880	3529112.158	1.434	-0.00024
672050.082	3529112.190	1.434	0.00016
672050.283	3529112.220	1.434	0.00103
672050.484	3529112.249	1.433	0.00196
672050.683	3529112.279	1.433	0.00332
672050.881	3529112.309	1.432	0.00470
672051.276	3529112.369	1.432	0.00614
672051.665	3529112.429	1.431	0.00804
672052.051	3529112.487	1.430	0.00971
672052.428	3529112.542	1.429	0.01124
672052.796	3529112.597	1.429	0.01300
672053.157	3529112.653	1.428	0.01503
672053.508	3529112.707	1.427	0.01712
672053.853	3529112.761	1.427	0.01945
672054.184	3529112.811	1.426	0.02211
672054.509	3529112.861	1.425	0.02505
672054.824	3529112.911	1.426	0.02802
672055.133	3529112.959	1.426	0.03055
672055.438	3529113.007	1.426	0.03314
672055.739	3529113.052	1.427	0.03550
672056.037	3529113.097	1.427	0.03791
672056.331	3529113.143	1.428	0.04009
672056.621	3529113.188	1.429	0.04175
672056.907	3529113.232	1.430	0.04393
672057.193	3529113.277	1.433	0.04562
672057.476	3529113.319	1.437	0.04730
672057.756	3529113.357	1.442	0.04874
672058.035	3529113.392	1.447	0.04993
672058.310	3529113.427	1.453	0.05112
672058.582	3529113.461	1.460	0.05148
672058.852	3529113.494	1.466	0.05187
672059.119	3529113.523	1.473	0.05196
672059.383	3529113.551	1.480	0.05239
672059.645	3529113.576	1.488	0.05223
672059.904	3529113.597	1.497	0.05201
672060.160	3529113.616	1.506	0.05201
672060.414	3529113.633	1.517	0.05198
672060.666	3529113.647	1.529	0.05187
672060.916	3529113.658	1.541	0.05176
672061.164	3529113.666	1.553	0.05156
672061.410	3529113.670	1.566	0.05131
672061.655	3529113.669	1.579	0.05102
672061.896	3529113.666	1.592	0.05034
672062.135	3529113.662	1.605	0.04906
672062.373	3529113.653	1.617	0.04833
672062.610	3529113.642	1.630	0.04724
672062.843	3529113.626	1.642	0.04641
672063.075	3529113.610	1.654	0.04521
672063.305	3529113.592	1.666	0.04425
672063.533	3529113.570	1.678	0.04385
672063.758	3529113.545	1.690	0.04315
672063.983	3529113.518	1.701	0.04241
672064.206	3529113.488	1.713	0.04174
672064.426	3529113.455	1.724	0.04128
672064.643	3529113.424	1.736	0.04085
672064.859	3529113.392	1.747	0.04068
672065.077	3529113.355	1.758	0.04026
672065.296	3529113.317	1.770	0.04042
672065.515	3529113.278	1.782	0.04135
672065.737	3529113.236	1.793	0.04177
672065.958	3529113.191	1.805	0.04221
672066.180	3529113.142	1.816	0.04261
672066.404	3529113.089	1.827	0.04277
672066.628	3529113.034	1.838	0.04292
672066.857	3529112.973	1.848	0.04230
672067.085	3529112.911	1.856	0.04191
672067.315	3529112.844	1.865	0.04132
672067.548	3529112.775	1.874	0.04075
672067.780	3529112.702	1.883	0.03988
672068.014	3529112.627	1.892	0.03929
672068.251	3529112.548	1.901	0.03824
672068.489	3529112.468	1.912	0.03766
672068.728	3529112.385	1.923	0.03664
672068.970	3529112.297	1.934	0.03517
672069.213	3529112.210	1.944	0.03415
672069.457	3529112.123	1.956	0.03314
672069.703	3529112.030	1.967	0.03215
672069.948	3529111.930	1.979	0.03121
672070.192	3529111.825	1.990	0.03009
672070.440	3529111.720	2.002	0.02880
672070.690	3529111.612	2.015	0.02710
672070.938	3529111.498	2.027	0.02564
672071.186	3529111.378	2.039	0.02422
672071.436	3529111.255	2.051	0.02239
672071.687	3529111.125	2.062	0.02039
672071.941	3529110.991	2.073	0.01842
672072.196	3529110.854	2.083	0.01644
672072.452	3529110.712	2.094	0.01469
672072.707	3529110.563	2.104	0.01336
672072.962	3529110.409	2.113	0.01164
672073.218	3529110.253	2.123	0.01014
672073.475	3529110.092	2.133	0.00882
672073.732	3529109.930	2.142	0.00774
672073.991	3529109.766	2.152	0.00707
672074.250	3529109.600	2.161	0.00644
672074.510	3529109.428	2.169	0.00621
672074.770	3529109.254	2.178	0.00616
672075.034	3529109.077	2.187	0.00613
672075.296	3529108.897	2.196	0.00629
672075.559	3529108.710	2.204	0.00685
672075.823	3529108.519	2.211	0.00779
672076.089	3529108.325	2.216	0.00872
672076.357	3529108.129	2.220	0.00987
672076.626	3529107.931	2.224	0.01081
672076.896	3529107.731	2.227	0.01216
672077.164	3529107.529	2.229	0.01313
672077.433	3529107.326	2.230	0.01433
672077.701	3529107.122	2.230	0.01534
672077.970	3529106.917	2.231	0.01638
672078.240	3529106.711	2.232	0.01760
672078.513	3529106.503	2.234	0.01885
672078.788	3529106.294	2.235	0.01975
672079.061	3529106.082	2.237	0.02102
672079.336	3529105.866	2.240	0.02233
672079.611	3529105.653	2.243	0.02346
672079.888	3529105.437	2.247	0.02441
672080.162	3529105.219	2.249	0.02536
672080.438	3529105.002	2.252	0.02609
672080.717	3529104.780	2.256	0.02682
672080.990	3529104.557	2.259	0.02753
672081.266	3529104.332	2.262	0.02861
672081.539	3529104.108	2.266	0.02947
672081.813	3529103.882	2.271	0.03071
672082.085	3529103.657	2.277	0.03194
672082.352	3529103.433	2.284	0.03316
672082.616	3529103.203	2.291	0.03415
672082.874	3529102.973	2.299	0.03491
672083.128	3529102.741	2.306	0.03567
672083.378	3529102.512	2.315	0.03662
672083.626	3529102.284	2.323	0.03755
672083.870	3529102.056	2.332	0.03847
672084.109	3529101.825	2.340	0.03899
672084.343	3529101.593	2.349	0.03973
672084.573	3529101.364	2.357	0.04029
672084.805	3529101.136	2.366	0.04063
672085.031	3529100.909	2.375	0.04080
672085.255	3529100.681	2.384	0.04057
672085.474	3529100.451	2.393	0.04013
672085.693	3529100.218	2.403	0.03969
672085.911	3529099.981	2.413	0.03946
672086.130	3529099.743	2.423	0.03942
672086.346	3529099.500	2.434	0.03978
672086.561	3529099.252	2.446	0.04035
672086.774	3529099.000	2.459	0.04070
672086.982	3529098.744	2.473	0.04127
672087.187	3529098.484	2.488	0.04164
672087.388	3529098.222	2.502	0.04220
672087.585	3529097.954	2.516	0.04275
672087.780	3529097.685	2.528	0.04328
672087.972	3529097.414	2.541	0.04382
672088.160	3529097.142	2.555	0.04434
672088.343	3529096.864	2.569	0.04524
672088.524	3529096.585	2.583	0.04597
672088.698	3529096.301	2.596	0.04648
672088.870	3529096.018	2.610	0.04716
672089.041	3529095.734	2.623	0.04746
672089.212	3529095.447	2.636	0.04773
672089.375	3529095.158	2.649	0.04739
672089.532	3529094.864	2.661	0.04647
672089.688	3529094.567	2.673	0.04497
672089.840	3529094.268	2.686	0.04327
672089.990	3529093.970	2.699	0.04157
672090.139	3529093.667	2.713	0.03965
672090.284	3529093.362	2.727	0.03792
672090.421	3529093.056	2.743	0.03601
672090.551	3529092.746	2.759	0.03392
672090.674	3529092.433	2.776	0.03147
672090.794	3529092.120	2.792	0.02903
672090.910	3529091.803	2.808	0.02661
672091.021	3529091.485	2.825	0.02400
672091.125	3529091.162	2.841	0.02159
672091.225	3529090.837	2.857	0.01921
672091.319	3529090.510	2.873	0.01670
672091.408	3529090.178	2.890	0.01509
672091.492	3529089.846	2.906	0.01355
672091.573	3529089.511	2.922	0.01238
672091.647	3529089.173	2.939	0.01124
672091.719	3529088.833	2.955	0.01011
672091.785	3529088.488	2.971	0.00901
672091.840	3529088.140	2.986	0.00810
672091.894	3529087.789	2.998	0.00737
672091.948	3529087.436	3.008	0.00683
672092.002	3529087.081	3.016	0.00646
672092.052	3529086.718	3.024	0.00610
672092.096	3529086.352	3.032	0.00575
672092.135	3529085.978	3.040	0.00509
672092.176	3529085.599	3.047	0.00473
672092.215	3529085.217	3.053	0.00471
672092.254	3529084.827	3.058	0.00436
672092.290	3529084.435	3.062	0.00464
672092.326	3529084.038	3.066	0.00462
672092.342	3529083.838	3.068	0.00460
672092.360	3529083.637	3.070	0.00458
672092.377	3529083.435	3.072	0.00427
672092.392	3529083.230	3.073	0.00426
672092.408	3529083.024	3.075	0.00424
672092.423	3529082.820	3.076	0.00424
672092.439	3529082.612	3.077	0.00393
672092.456	3529082.402	3.078	0.00392
672092.472	3529082.193	3.079	0.00361
672092.489	3529081.982	3.080	0.00391
672092.505	3529081.769	3.081	0.00361
672092.521	3529081.557	3.082	0.00301
672092.538	3529081.343	3.083	0.00271
672092.552	3529081.129	3.084	0.00211
672092.567	3529080.914	3.085	0.00181
672092.583	3529080.697	3.086	0.00120
672092.598	3529080.480	3.086	0.00090
672092.613	3529080.262	3.087	0.00090
672092.628	3529080.041	3.088	0.00060
672092.642	3529079.820	3.089	0.00030
672092.657	3529079.598	3.091	0.00000
672092.670	3529079.377	3.092	0.00000
672092.684	3529079.155	3.093	-0.00030
672092.698	3529078.932	3.094	-0.00000
672092.712	3529078.710	3.094	-0.00030
672092.726	3529078.489	3.095	-0.00000
672092.741	3529078.268	3.096	0.00030
672092.755	3529078.048	3.097	0.00030
672092.768	3529077.828	3.097	0.00000
672092.780	3529077.609	3.098	0.00000
672092.792	3529077.388	3.098	0.00060
672092.804	3529077.166	3.099	0.00060
672092.817	3529076.947	3.099	0.00060
672092.831	3529076.726	3.098	0.00060
672092.845	3529076.507	3.098	0.00031
672092.860	3529076.288	3.098	0.00031
672092.874	3529076.066	3.098	0.00031
672092.888	3529075.846	3.097	0.00031
672092.900	3529075.627	3.097	0.00000
672092.914	3529075.405	3.097	0.00000
672092.926	3529075.184	3.097	-0.00059
672092.939	3529074.964	3.097	-0.00059
672092.954	3529074.743	3.097	-0.00059
672092.967	3529074.522	3.097	-0.00029
672092.981	3529074.303	3.097	-0.00059
672092.994	3529074.082	3.098	-0.00119
672093.005	3529073.861	3.098	-0.00119
672093.018	3529073.640	3.099	-0.00149
672093.029	3529073.418	3.099	-0.00149
672093.041	3529073.197	3.099	-0.00149
672093.054	3529072.974	3.098	-0.00149
672093.067	3529072.752	3.098	-0.00179
672093.079	3529072.530	3.099	-0.00209
672093.091	3529072.307	3.099	-0.00209
672093.103	3529072.083	3.099	-0.00238
672093.115	3529071.860	3.099	-0.00209
672093.126	3529071.637	3.098	-0.00238
672093.138	3529071.413	3.098	-0.00238
672093.150	3529071.189	3.098	-0.00268
672093.164	3529070.964	3.098	-0.00267
672093.176	3529070.741	3.098	-0.00267
672093.189	3529070.517	3.098	-0.00297
672093.202	3529070.292	3.097	-0.00267
672093.214	3529070.067	3.097	-0.00297
672093.226	3529069.842	3.097	-0.00267
672093.239	3529069.617	3.097	-0.00296
672093.251	3529069.394	3.096	-0.00295
672093.264	3529069.172	3.095	-0.00265
672093.277	3529068.950	3.095	-0.00295
672093.291	3529068.726	3.094	-0.00294
672093.304	3529068.503	3.094	-0.00294
672093.317	3529068.280	3.093	-0.00293
672093.330	3529068.058	3.093	-0.00293
672093.343	3529067.835	3.092	-0.00264
672093.356	3529067.611	3.091	-0.00234
672093.370	3529067.387	3.091	-0.00205
672093.383	3529067.163	3.090	-0.00175
672093.397	3529066.938	3.090	-0.00146
672093.411	3529066.713	3.089	-0.00117
672093.425	3529066.489	3.089	-0.00088
672093.439	3529066.264	3.088	-0.00059
672093.453	3529066.038	3.087	-0.00000
672093.467	3529065.813	3.086	-0.00000
672093.483	3529065.588	3.085	0.00029
672093.498	3529065.363	3.085	0.00087
672093.512	3529065.140	3.084	0.00087
672093.527	3529064.913	3.084	0.00116
672093.543	3529064.684	3.083	0.00144
672093.559	3529064.456	3.082	0.00144
672093.575	3529064.227	3.082	0.00144
672093.592	3529063.999	3.081	0.00144
672093.610	3529063.771	3.080	0.00144
672093.627	3529063.542	3.080	0.00115
672093.645	3529063.312	3.079	0.00115
672093.664	3529063.082	3.079	0.00086
672093.681	3529062.853	3.079	0.00086
672093.699	3529062.625	3.079	0.00057
672093.717	3529062.395	3.079	0.00057
672093.735	3529062.166	3.079	0.00029
672093.752	3529061.936	3.080	0.00000
672093.770	3529061.705	3.080	0.00000
672093.787	3529061.475	3.081	-0.00028
672093.804	3529061.246	3.081	-0.00057
672093.821	3529061.016	3.082	-0.00057
672093.838	3529060.783	3.082	-0.00085
672093.855	3529060.551	3.082	-0.00114
672093.871	3529060.320	3.083	-0.00143
672093.885	3529060.089	3.083	-0.00171
672093.901	3529059.857	3.083	-0.00171
672093.915	3529059.624	3.084	-0.00200
672093.928	3529059.393	3.084	-0.00200
672093.943	3529059.161	3.084	-0.00200
672093.958	3529058.930	3.084	-0.00228
672093.972	3529058.698	3.084	-0.00228
672093.987	3529058.466	3.084	-0.00228
672094.003	3529058.234	3.084	-0.00257
672094.016	3529058.001	3.084	-0.00228
672094.031	3529057.767	3.084	-0.00257
672094.045	3529057.534	3.084	-0.00257
672094.059	3529057.301	3.084	-0.00257
672094.073	3529057.067	3.083	-0.00228
672094.088	3529056.833	3.083	-0.00228
672094.104	3529056.599	3.083	-0.00199
672094.119	3529056.366	3.082	-0.00228
672094.135	3529056.132	3.082	-0.00199
672094.151	3529055.897	3.082	-0.00171
672094.168	3529055.663	3.081	-0.00199
672094.186	3529055.431	3.080	-0.00170
672094.204	3529055.199	3.079	-0.00142
672094.223	3529054.966	3.078	-0.00142
672094.242	3529054.734	3.078	-0.00113
672094.262	3529054.502	3.077	-0.00113
672094.281	3529054.268	3.077	-0.00085
672094.301	3529054.034	3.077	-0.00057
672094.321	3529053.800	3.076	-0.00029
672094.340	3529053.568	3.075	-0.00029
672094.359	3529053.336	3.075	-0.00000
672094.380	3529053.102	3.074	-0.00000
672094.400	3529052.867	3.074	0.00028
672094.420	3529052.633	3.073	0.00028
672094.441	3529052.399	3.073	-0.00028
672094.462	3529052.167	3.072	0.00000
672094.482	3529051.933	3.072	0.00000
672094.502	3529051.698	3.071	-0.00028
672094.523	3529051.463	3.071	-0.00028
672094.543	3529051.229	3.070	-0.00028
672094.565	3529050.994	3.070	-0.00028
672094.588	3529050.758	3.071	-0.00028
672094.612	3529050.520	3.070	-0.00055
672094.635	3529050.281	3.070	-0.00028
672094.658	3529050.044	3.070	-0.00028
672094.682	3529049.807	3.070	-0.00028
672094.705	3529049.568	3.070	-0.00028
672094.727	3529049.329	3.070	0.00000
672094.751	3529049.091	3.070	0.00028
672094.773	3529048.852	3.071	0.00055
672094.796	3529048.614	3.071	0.00083
672094.820	3529048.375	3.071	0.00110
672094.844	3529048.137	3.071	0.00138
672094.866	3529047.899	3.071	0.00165
672094.890	3529047.661	3.071	0.00165
672094.914	3529047.422	3.071	0.00165
672094.935	3529047.182	3.070	0.00193
672094.958	3529046.943	3.070	0.00193
672094.981	3529046.704	3.070	0.00193
672095.005	3529046.464	3.069	0.00193
672095.028	3529046.224	3.069	0.00220
672095.051	3529045.985	3.069	0.00220
672095.073	3529045.744	3.069	0.00193
672095.094	3529045.504	3.069	0.00193
672095.116	3529045.264	3.069	0.00193
672095.135	3529045.024	3.070	0.00166
672095.154	3529044.783	3.070	0.00138
672095.173	3529044.542	3.070	0.00166
672095.193	3529044.300	3.070	0.00138
672095.213	3529044.060	3.071	0.00111
672095.235	3529043.819	3.072	0.00111
672095.256	3529043.578	3.072	0.00111
672095.276	3529043.335	3.073	0.00111
672095.296	3529043.094	3.074	0.00083
672095.316	3529042.852	3.074	0.00083
672095.334	3529042.610	3.075	0.00056
672095.352	3529042.368	3.075	0.00056
672095.372	3529042.126	3.075	0.00056
672095.391	3529041.883	3.076	0.00028
672095.410	3529041.642	3.076	0.00028
672095.429	3529041.403	3.077	0.00028
672095.448	3529041.164	3.077	0.00028
672095.466	3529040.923	3.078	-0.00000
672095.485	3529040.683	3.078	-0.00000
672095.504	3529040.445	3.078	0.00028
672095.522	3529040.207	3.079	0.00000
672095.541	3529039.966	3.079	-0.00028
672095.559	3529039.726	3.079	-0.00028
672095.577	3529039.487	3.079	-0.00028
672095.594	3529039.247	3.080	-0.00055
672095.612	3529039.006	3.080	-0.00083
672095.629	3529038.766	3.079	-0.00083
672095.648	3529038.526	3.079	-0.00110
672095.667	3529038.285	3.080	-0.00110
672095.686	3529038.044	3.080	-0.00138
672095.705	3529037.803	3.080	-0.00138
672095.723	3529037.561	3.080	-0.00165
672095.741	3529037.319	3.080	-0.00165
672095.758	3529037.077	3.080	-0.00165
672095.775	3529036.837	3.080	-0.00165
672095.793	3529036.597	3.080	-0.00164
672095.812	3529036.356	3.080	-0.00164
672095.830	3529036.114	3.080	-0.00192
672095.850	3529035.873	3.080	-0.00192
672095.871	3529035.633	3.080	-0.00164
672095.890	3529035.395	3.080	-0.00137
672095.909	3529035.154	3.080	-0.00137
672095.929	3529034.913	3.079	-0.00136
672095.949	3529034.670	3.079	-0.00109
672095.967	3529034.428	3.079	-0.00081
672095.986	3529034.186	3.079	-0.00081
672096.005	3529033.945	3.078	-0.00054
672096.025	3529033.703	3.077	-0.00054
672096.047	3529033.460	3.077	-0.00027
672096.069	3529033.218	3.076	-0.00027
672096.090	3529032.976	3.076	0.00027
672096.112	3529032.736	3.075	0.00054
672096.134	3529032.495	3.075	0.00135
672096.155	3529032.253	3.074	0.00162
672096.177	3529032.011	3.074	0.00189
672096.199	3529031.769	3.074	0.00189
672096.219	3529031.523	3.074	0.00216
672096.240	3529031.276	3.073	0.00270
672096.261	3529031.030	3.073	0.00270
672096.281	3529030.785	3.072	0.00270
672096.301	3529030.540	3.072	0.00297
672096.322	3529030.296	3.072	0.00297
672096.342	3529030.052	3.072	0.00297
672096.360	3529029.808	3.072	0.00297
672096.382	3529029.562	3.071	0.00297
672096.403	3529029.318	3.072	0.00270
672096.422	3529029.074	3.072	0.00243
672096.442	3529028.830	3.072	0.00189
672096.463	3529028.584	3.072	0.00189
672096.484	3529028.339	3.072	0.00162
672096.504	3529028.092	3.073	0.00162
672096.526	3529027.846	3.073	0.00135
672096.546	3529027.599	3.074	0.00108
672096.566	3529027.354	3.075	0.00081
672096.586	3529027.109	3.077	0.00081
672096.606	3529026.862	3.078	0.00054
672096.626	3529026.614	3.079	0.00054
672096.647	3529026.367	3.079	0.00054
672096.667	3529026.121	3.080	0.00027
672096.687	3529025.875	3.081	-0.00000
672096.708	3529025.629	3.082	-0.00000
672096.728	3529025.383	3.082	-0.00000
672096.748	3529025.137	3.083	-0.00027
672096.767	3529024.889	3.083	-0.00054
672096.786	3529024.642	3.083	-0.00054
672096.804	3529024.395	3.084	-0.00027
672096.823	3529024.148	3.084	-0.00027
672096.842	3529023.900	3.084	-0.00027
672096.862	3529023.653	3.084	-0.00027
672096.882	3529023.405	3.084	-0.00027
672096.902	3529023.157	3.085	-0.00027
672096.921	3529022.909	3.085	-0.00027
672096.940	3529022.662	3.085	-0.00027
672096.959	3529022.414	3.085	-0.00027
672096.978	3529022.165	3.085	0.00000
672096.996	3529021.917	3.085	0.00000
672097.013	3529021.670	3.085	0.00000
672097.030	3529021.423	3.085	0.00027
672097.048	3529021.176	3.085	0.00027
672097.064	3529020.929	3.085	-0.00001
672097.081	3529020.683	3.085	-0.00028
672097.099	3529020.437	3.084	-0.00028
672097.116	3529020.191	3.084	-0.00028
672097.133	3529019.946	3.084	-0.00028
672097.151	3529019.701	3.083	-0.00028
672097.169	3529019.455	3.083	-0.00028
672097.186	3529019.209	3.083	-0.00057
672097.203	3529018.964	3.084	-0.00057
672097.221	3529018.720	3.084	-0.00086
672097.239	3529018.477	3.084	-0.00115
672097.257	3529018.232	3.084	-0.00115
672097.275	3529017.988	3.084	-0.00115
672097.292	3529017.743	3.084	-0.00144
672097.308	3529017.498	3.084	-0.00174
672097.326	3529017.255	3.084	-0.00205
672097.342	3529017.012	3.084	-0.00235
672097.359	3529016.769	3.084	-0.00265
672097.375	3529016.525	3.084	-0.00296
672097.392	3529016.283	3.084	-0.00296
672097.409	3529016.042	3.084	-0.00326
672097.426	3529015.803	3.084	-0.00326
672097.442	3529015.565	3.083	-0.00297
672097.457	3529015.328	3.083	-0.00328
672097.474	3529015.091	3.083	-0.00299
672097.491	3529014.855	3.083	-0.00301
672097.507	3529014.622	3.083	-0.00301
672097.522	3529014.389	3.083	-0.00301
672097.538	3529014.156	3.083	-0.00272
672097.554	3529013.924	3.082	-0.00242
672097.569	3529013.693	3.082	-0.00182
672097.584	3529013.463	3.081	-0.00184
672097.601	3529013.234	3.080	-0.00154
672097.618	3529013.007	3.080	-0.00124
672097.634	3529012.780	3.080	-0.00157
672097.650	3529012.554	3.079	-0.00126
672097.667	3529012.329	3.078	-0.00126
672097.684	3529012.107	3.076	-0.00126
672097.702	3529011.885	3.075	-0.00128
672097.721	3529011.663	3.074	-0.00128
672097.740	3529011.443	3.073	-0.00097
672097.758	3529011.225	3.073	-0.00097
672097.775	3529011.007	3.072	-0.00097
672097.792	3529010.790	3.072	-0.00097
672097.809	3529010.574	3.072	-0.00097
672097.825	3529010.358	3.071	-0.00097
672097.842	3529010.143	3.071	-0.00065
672097.860	3529009.928	3.070	-0.00065
672097.877	3529009.716	3.070	-0.00065
672097.896	3529009.504	3.070	-0.00015
672097.913	3529009.293	3.070	-0.00015
672097.930	3529009.082	3.070	-0.00015
672097.947	3529008.873	3.070	-0.00015
672097.965	3529008.665	3.069	0.00036
672097.982	3529008.457	3.069	0.00054
672097.999	3529008.250	3.069	0.00073
672098.016	3529008.045	3.068	0.00073
672098.033	3529007.841	3.068	0.00091
672098.051	3529007.638	3.068	0.00091
672098.070	3529007.434	3.068	0.00109
672098.086	3529007.232	3.067	0.00109
672098.103	3529007.032	3.067	0.00128
672098.121	3529006.831	3.067	0.00128
672098.140	3529006.631	3.067	0.00146
672098.176	3529006.235	3.067	0.00146
672098.213	3529005.842	3.067	0.00146
672098.248	3529005.451	3.067	0.00146
672098.282	3529005.065	3.067	0.00163
672098.317	3529004.682	3.067	0.00145
672098.353	3529004.301	3.067	0.00126
672098.387	3529003.923	3.067	0.00108
672098.419	3529003.546	3.068	0.00125
672098.448	3529003.172	3.068	0.00106
672098.479	3529002.802	3.068	0.00106
672098.511	3529002.437	3.068	0.00105
672098.543	3529002.075	3.069	0.00105
672098.573	3529001.716	3.070	0.00087
672098.602	3529001.356	3.071	0.00087
672098.629	3529000.997	3.071	0.00069
672098.658	3529000.632	3.072	0.00051
672098.687	3529000.271	3.072	0.00051
672098.715	3528999.907	3.073	0.00051
672098.744	3528999.541	3.073	0.00034
672098.773	3528999.175	3.074	0.00052
672098.801	3528998.803	3.074	0.00052
672098.828	3528998.433	3.075	0.00052
672098.855	3528998.056	3.076	0.00035
672098.884	3528997.679	3.076	0.00035
672098.913	3528997.299	3.076	0.00035
672098.941	3528996.918	3.077	0.00018
672098.970	3528996.533	3.077	0.00018
672099.000	3528996.145	3.077	0.00018
672099.029	3528995.756	3.077	0.00018
672099.059	3528995.362	3.078	0.00018
672099.090	3528994.970	3.078	0.00018
672099.122	3528994.573	3.078	0.00018
672099.151	3528994.180	3.079	0.00018
672099.180	3528993.784	3.079	0.00018
672099.210	3528993.395	3.079	0.00000
672099.242	3528993.007	3.079	0.00000
672099.271	3528992.621	3.079	0.00000
672099.299	3528992.239	3.079	0.00000
672099.328	3528991.859	3.079	-0.00026
672099.357	3528991.484	3.079	-0.00026
672099.388	3528991.108	3.079	0.00001
672099.415	3528990.739	3.080	0.00001
672099.440	3528990.370	3.080	0.00001
672099.468	3528990.007	3.080	0.00001
672099.496	3528989.647	3.080	0.00001
672099.523	3528989.290	3.080	0.00001
672099.549	3528988.938	3.080	0.00001
672099.574	3528988.588	3.080	0.00001
672099.599	3528988.244	3.080	0.00001
672099.629	3528987.900	3.080	0.00001
672099.657	3528987.565	3.080	0.00001
672099.682	3528987.234	3.080	0.00001
672099.704	3528986.912	3.080	0.00001
672099.728	3528986.597	3.080	0.00027
672099.754	3528986.290	3.080	0.00027
672099.778	3528985.990	3.080	0.00000
672099.802	3528985.697	3.080	0.00000
672099.826	3528985.414	3.080	0.00000
672099.848	3528985.138	3.080	0.00000
672099.870	3528984.872	3.080	0.00000
672099.891	3528984.614	3.079	0.00000
672099.914	3528984.363	3.079	0.00000
672099.936	3528984.119	3.080	0.00000
