118.81567622	31.89407189
118.81567613	31.89407089
118.81567601	31.89406926
118.81567594	31.89406825
118.81567580	31.89406659
118.81567555	31.89406347
118.81567540	31.89406168
118.81567522	31.89405852
118.81567515	31.89405722
118.81567496	31.89405394
118.81567475	31.89405000
118.81567467	31.89404869
118.81567459	31.89404540
118.81567457	31.89404408
118.81567444	31.89403556
118.81567436	31.89403361
118.81567409	31.89402650
118.81567403	31.89402458
118.81567380	31.89401759
118.81567374	31.89401570
118.81567353	31.89400879
118.81567344	31.89400690
118.81567329	31.89400314
118.81567317	31.89400001
118.81567306	31.89399132
118.81567306	31.89398948
118.81567309	31.89398639
118.81567311	31.89398515
118.81567315	31.89398268
118.81567319	31.89398145
118.81567344	31.89397527
118.81567350	31.89397403
118.81567404	31.89396784
118.81567425	31.89396600
118.81567473	31.89396231
118.81567564	31.89395683
118.81567587	31.89395562
118.81567611	31.89395441
118.81567662	31.89395199
118.81567690	31.89395079
118.81567718	31.89394959
118.81567746	31.89394839
118.81567823	31.89394541
118.81567855	31.89394422
118.81567904	31.89394243
118.81567974	31.89394007
118.81568141	31.89393478
118.81568240	31.89393189
118.81568323	31.89392959
118.81568408	31.89392732
118.81568537	31.89392394
118.81568602	31.89392227
118.81568852	31.89391617
118.81568944	31.89391393
118.81569016	31.89391223
118.81569189	31.89390822
118.81569542	31.89390015
118.81569672	31.89389724
118.81569905	31.89389201
118.81570010	31.89388970
118.81570271	31.89388396
118.81570499	31.89387885
118.81570574	31.89387714
118.81570624	31.89387601
118.81570700	31.89387432
118.81570798	31.89387208
118.81570969	31.89386820
118.81571018	31.89386708
118.81571315	31.89386041
118.81571414	31.89385819
118.81571513	31.89385595
118.81571666	31.89385258
118.81571768	31.89385031
118.81571820	31.89384918
118.81571873	31.89384803
118.81571927	31.89384689
118.81571979	31.89384573
118.81572031	31.89384459
118.81572237	31.89383999
118.81572342	31.89383769
118.81572393	31.89383653
118.81572474	31.89383479
118.81572669	31.89383073
118.81572783	31.89382842
118.81572868	31.89382668
118.81572955	31.89382496
118.81573101	31.89382211
118.81573191	31.89382039
118.81573370	31.89381700
118.81573615	31.89381257
118.81573677	31.89381147
118.81573799	31.89380933
118.81573859	31.89380826
118.81574013	31.89380560
118.81574076	31.89380454
118.81574234	31.89380191
118.81574331	31.89380035
118.81574398	31.89379932
118.81574498	31.89379777
118.81574666	31.89379520
118.81574735	31.89379417
118.81574980	31.89379060
118.81575159	31.89378809
118.81575306	31.89378609
118.81575418	31.89378460
118.81575493	31.89378361
118.81575683	31.89378114
118.81576034	31.89377673
118.81576236	31.89377431
118.81576360	31.89377287
118.81576443	31.89377191
118.81576527	31.89377096
118.81576613	31.89377002
118.81576699	31.89376909
118.81576786	31.89376816
118.81577275	31.89376314
118.81577412	31.89376179
118.81577931	31.89375698
118.81578027	31.89375612
118.81578610	31.89375111
118.81578858	31.89374911
118.81579057	31.89374753
118.81579157	31.89374675
118.81579309	31.89374561
118.81580096	31.89374010
118.81580203	31.89373940
118.81580310	31.89373870
118.81580417	31.89373801
118.81580580	31.89373700
118.81580744	31.89373598
118.81580852	31.89373531
118.81581128	31.89373368
118.81581522	31.89373142
118.81581637	31.89373078
118.81581752	31.89373014
118.81582103	31.89372827
118.81582459	31.89372641
118.81582761	31.89372490
118.81583249	31.89372257
118.81583372	31.89372201
118.81583558	31.89372119
118.81583745	31.89372038
118.81584187	31.89371859
118.81584443	31.89371761
118.81584635	31.89371690
118.81584764	31.89371643
118.81585022	31.89371553
118.81585152	31.89371508
118.81585346	31.89371443
118.81585996	31.89371239
118.81586389	31.89371128
118.81586520	31.89371092
118.81586652	31.89371057
118.81586917	31.89370991
118.81587249	31.89370912
118.81587715	31.89370808
118.81587848	31.89370780
118.81588047	31.89370738
118.81588247	31.89370697
118.81588642	31.89370618
118.81588773	31.89370593
118.81588969	31.89370559
118.81589697	31.89370445
118.81590169	31.89370377
118.81590442	31.89370342
118.81590647	31.89370318
118.81590850	31.89370292
118.81591054	31.89370268
118.81591595	31.89370215
118.81591869	31.89370191
118.81592567	31.89370139
118.81592851	31.89370118
118.81592993	31.89370108
118.81593207	31.89370094
118.81593564	31.89370073
118.81593779	31.89370062
118.81594138	31.89370046
118.81594353	31.89370037
118.81594567	31.89370030
118.81594783	31.89370024
118.81595574	31.89370008
118.81595791	31.89370005
118.81596296	31.89370003
118.81596584	31.89370001
118.81597575	31.89370010
118.81597786	31.89370013
118.81598553	31.89370033
118.81598763	31.89370039
118.81599537	31.89370069
118.81600250	31.89370103
118.81600467	31.89370114
118.81600613	31.89370123
118.81600760	31.89370132
118.81601575	31.89370189
118.81601798	31.89370207
118.81601946	31.89370219
118.81602094	31.89370232
118.81602612	31.89370278
118.81603203	31.89370335
118.81603641	31.89370383
118.81604651	31.89370501
118.81604935	31.89370538
118.81605635	31.89370646
118.81605842	31.89370680
118.81606606	31.89370809
118.81607567	31.89370987
118.81607838	31.89371041
118.81608179	31.89371111
118.81608454	31.89371171
118.81608799	31.89371250
118.81609007	31.89371300
118.81609496	31.89371425
118.81609705	31.89371480
118.81609844	31.89371517
118.81610469	31.89371694
118.81610675	31.89371754
118.81611015	31.89371858
118.81611150	31.89371901
118.81611419	31.89371988
118.81611620	31.89372055
118.81612018	31.89372197
118.81612149	31.89372245
118.81612344	31.89372320
118.81612728	31.89372474
118.81613227	31.89372684
118.81613651	31.89372874
118.81613771	31.89372929
118.81614068	31.89373071
118.81614701	31.89373401
118.81614871	31.89373494
118.81615097	31.89373621
118.81615432	31.89373818
118.81615651	31.89373954
118.81615868	31.89374093
118.81615975	31.89374165
118.81616242	31.89374346
118.81616349	31.89374420
118.81616453	31.89374495
118.81616557	31.89374571
118.81616713	31.89374686
118.81616968	31.89374882
118.81617119	31.89375003
118.81617415	31.89375249
118.81617796	31.89375595
118.81617934	31.89375727
118.81618026	31.89375817
118.81618116	31.89375907
118.81618248	31.89376044
118.81618335	31.89376135
118.81618420	31.89376229
118.81618977	31.89376902
118.81619198	31.89377199
118.81619474	31.89377598
118.81619633	31.89377851
118.81619724	31.89378004
118.81619782	31.89378107
118.81619895	31.89378315
118.81619977	31.89378472
118.81620029	31.89378577
118.81620080	31.89378682
118.81620248	31.89379053
118.81620315	31.89379212
118.81620416	31.89379477
118.81620455	31.89379583
118.81620510	31.89379743
118.81620561	31.89379904
118.81620611	31.89380065
118.81620659	31.89380226
118.81620686	31.89380335
118.81620739	31.89380553
118.81620762	31.89380663
118.81620792	31.89380827
118.81620809	31.89380938
118.81620828	31.89381048
118.81620864	31.89381325
118.81620882	31.89381492
118.81620920	31.89382113
118.81620928	31.89382397
118.81620933	31.89382913
118.81620919	31.89383545
118.81620912	31.89383717
118.81620906	31.89383890
118.81620876	31.89384523
118.81620866	31.89384695
118.81620853	31.89384868
118.81620832	31.89385100
118.81620809	31.89385332
118.81620790	31.89385506
118.81620777	31.89385623
118.81620756	31.89385798
118.81620713	31.89386153
118.81620611	31.89386932
118.81620595	31.89387052
118.81620570	31.89387232
118.81620553	31.89387351
118.81620484	31.89387831
118.81620457	31.89388012
118.81620355	31.89388681
118.81620337	31.89388803
118.81620221	31.89389531
118.81620073	31.89390381
118.81620039	31.89390563
118.81619910	31.89391226
118.81619873	31.89391405
118.81619726	31.89392059
118.81619661	31.89392297
118.81619629	31.89392415
118.81619487	31.89392887
118.81619450	31.89393004
118.81619412	31.89393121
118.81619225	31.89393701
118.81619166	31.89393873
118.81618928	31.89394495
118.81618856	31.89394661
118.81618707	31.89394991
118.81618575	31.89395262
118.81618496	31.89395423
118.81618444	31.89395529
118.81618390	31.89395635
118.81618254	31.89395897
118.81618198	31.89396000
118.81618026	31.89396306
118.81617788	31.89396711
118.81617696	31.89396862
118.81617601	31.89397013
118.81617537	31.89397113
118.81617341	31.89397413
118.81617239	31.89397565
118.81617135	31.89397716
118.81617030	31.89397868
118.81616960	31.89397968
118.81616853	31.89398118
118.81616782	31.89398219
118.81616674	31.89398368
118.81616563	31.89398516
118.81616488	31.89398614
118.81616412	31.89398712
118.81616336	31.89398809
118.81616142	31.89399052
118.81616024	31.89399199
118.81615945	31.89399296
118.81615865	31.89399394
118.81615784	31.89399491
118.81615581	31.89399733
118.81615497	31.89399829
118.81615249	31.89400121
118.81615165	31.89400219
118.81615039	31.89400365
118.81614783	31.89400660
118.81614697	31.89400758
118.81614611	31.89400857
118.81614482	31.89401005
118.81614013	31.89401546
118.81613806	31.89401795
118.81613440	31.89402242
118.81613360	31.89402340
118.81613237	31.89402488
118.81613155	31.89402586
118.81612955	31.89402830
118.81612875	31.89402928
118.81612758	31.89403075
118.81612640	31.89403221
118.81612411	31.89403522
118.81612335	31.89403623
118.81612187	31.89403829
118.81612005	31.89404090
118.81611933	31.89404195
118.81611825	31.89404354
118.81611722	31.89404515
118.81611585	31.89404731
118.81611519	31.89404840
118.81611421	31.89405005
118.81611355	31.89405115
118.81611231	31.89405339
118.81611139	31.89405507
118.81610960	31.89405847
118.81610903	31.89405961
118.81610791	31.89406190
118.81610560	31.89406709
118.81610355	31.89407238
118.81610252	31.89407534
118.81610195	31.89407712
118.81610065	31.89408185
118.81610022	31.89408362
118.81609983	31.89408539
118.81609866	31.89409182
118.81609835	31.89409474
118.81609811	31.89409828
118.81609806	31.89410005
118.81609806	31.89410184
118.81609810	31.89410306
118.81609847	31.89410858
118.81609860	31.89410981
118.81609874	31.89411104
118.81609943	31.89411594
118.81609962	31.89411715
118.81610130	31.89412570
118.81610160	31.89412693
118.81610355	31.89413430
118.81610482	31.89413858
118.81610619	31.89414279
118.81610681	31.89414459
118.81610826	31.89414879
118.81610912	31.89415118
118.81610977	31.89415298
118.81611221	31.89415961
118.81611538	31.89416809
118.81611653	31.89417111
118.81611721	31.89417293
118.81611859	31.89417655
118.81611993	31.89418015
118.81612169	31.89418496
118.81612232	31.89418676
118.81612298	31.89418854
118.81612341	31.89418972
118.81612468	31.89419329
118.81612530	31.89419508
118.81612737	31.89420159
118.81612787	31.89420336
118.81612958	31.89420981
118.81613032	31.89421272
118.81613062	31.89421388
118.81613100	31.89421562
118.81613125	31.89421679
118.81613150	31.89421795
118.81613172	31.89421911
118.81613192	31.89422028
118.81613235	31.89422318
118.81613248	31.89422434
118.81613265	31.89422607
118.81613275	31.89422722
118.81613291	31.89423009
118.81613297	31.89423180
118.81613300	31.89423350
118.81613302	31.89423462
118.81613303	31.89423687
118.81613300	31.89423856
118.81613294	31.89424083
118.81613288	31.89424197
118.81613279	31.89424369
118.81613264	31.89424600
118.81613228	31.89425005
118.81613203	31.89425237
118.81613182	31.89425410
118.81613166	31.89425526
118.81613132	31.89425754
118.81613084	31.89426037
118.81613041	31.89426264
118.81612968	31.89426604
118.81612751	31.89427396
118.81612643	31.89427733
118.81612486	31.89428182
118.81612402	31.89428407
118.81612359	31.89428519
118.81612270	31.89428742
118.81612178	31.89428964
118.81612131	31.89429075
118.81612059	31.89429241
118.81611833	31.89429737
118.81611754	31.89429901
118.81611700	31.89430010
118.81611437	31.89430499
118.81611314	31.89430714
118.81610994	31.89431249
118.81610736	31.89431672
118.81610535	31.89431989
118.81610363	31.89432249
118.81610258	31.89432403
118.81610045	31.89432710
118.81609865	31.89432963
118.81609538	31.89433415
118.81609354	31.89433667
118.81609057	31.89434070
118.81608982	31.89434170
118.81608869	31.89434321
118.81608793	31.89434422
118.81608681	31.89434574
118.81608494	31.89434829
118.81607986	31.89435553
118.81607845	31.89435763
118.81607671	31.89436026
118.81607569	31.89436185
118.81607502	31.89436290
118.81607367	31.89436504
118.81607267	31.89436665
118.81607169	31.89436827
118.81607104	31.89436936
118.81607040	31.89437044
118.81606945	31.89437208
118.81606852	31.89437371
118.81606627	31.89437811
118.81606523	31.89438033
118.81606472	31.89438145
118.81606280	31.89438596
118.81605980	31.89439412
118.81605749	31.89440255
118.81605684	31.89440562
118.81605630	31.89440869
118.81605599	31.89441113
118.81605562	31.89441974
118.81605602	31.89442534
118.81605616	31.89442659
118.81605643	31.89442846
118.81605680	31.89443094
118.81605703	31.89443218
118.81605801	31.89443715
118.81605855	31.89443964
118.81605901	31.89444150
118.81605945	31.89444336
118.81605977	31.89444460
118.81606009	31.89444583
118.81606096	31.89444891
118.81606258	31.89445439
118.81606313	31.89445620
118.81606526	31.89446270
118.81606604	31.89446503
118.81606665	31.89446677
118.81606722	31.89446852
118.81606800	31.89447084
118.81606840	31.89447199
118.81606919	31.89447430
118.81607071	31.89447893
118.81607144	31.89448126
118.81607180	31.89448241
118.81607247	31.89448471
118.81607279	31.89448585
118.81607312	31.89448700
118.81607343	31.89448815
118.81607512	31.89449498
118.81607548	31.89449667
118.81607570	31.89449780
118.81607625	31.89450119
118.81607641	31.89450231
118.81607655	31.89450344
118.81607676	31.89450567
118.81607684	31.89450678
118.81607702	31.89451069
118.81607704	31.89451180
118.81607705	31.89451292
118.81607705	31.89451403
118.81607697	31.89451723
118.81607692	31.89451821
118.81607686	31.89451916
118.81607633	31.89452398
118.81607597	31.89452638
118.81607570	31.89452772
118.81607544	31.89452865
118.81607566	31.89452963
118.81607536	31.89453209
118.81607438	31.89453753
118.81607342	31.89454069
118.81607281	31.89454145
